Time [d],dt_flow [d],dt_tran [d],Global Water Mass in Liquid Phas [kg],Global Vaq [mol],Global Vim [mol],Top Water Mass [kg],Top Water Mass [kg/d],Top Vaq [mol],Top Vaq [mol/d],Right Water Mass [kg],Right Water Mass [kg/d],Right Vaq [mol],Right Vaq [mol/d],Left Water Mass [kg],Left Water Mass [kg/d],Left Vaq [mol],Left Vaq [mol/d],North Water Mass [kg],North Water Mass [kg/d],North Vaq [mol],North Vaq [mol/d],South Water Mass [kg],South Water Mass [kg/d],South Vaq [mol],South Vaq [mol/d],ExtractWell Water Mass [kg],ExtractWell Water Mass [kg/d],ExtractWell Vaq [mol],ExtractWell Vaq [mol/d],InjectWell Water Mass [kg],InjectWell Water Mass [kg/d],InjectWell Vaq [mol],InjectWell Vaq [mol/d],Region Region__all Water Mass [kg],Region Region__all Total Mass [kg]
1.00000000E+00,4.89000000E-01,1.35505344E-01,1.39978202E+08,1.05628789E-02,2.96598599E-05,-0.00000000E+00,-0.00000000E+00,2.55437086E-40,4.24238945E-40,1.34555363E+07,1.34557861E+07,1.34575828E-03,1.34578327E-03,-1.34548156E+07,-1.34546889E+07,-1.13896492E-03,-9.97818709E-04,-0.00000000E+00,-0.00000000E+00,2.53850584E-40,4.21604092E-40,-0.00000000E+00,-0.00000000E+00,2.53850584E-40,4.21604092E-40,-8.08071767E+02,-1.22620905E+03,-6.52172732E-08,-9.09372270E-08,8.08072921E+01,1.22621080E+02,8.08197600E-09,1.22640000E-08,7.76994507E+06,1.63109144E+09
2.00000000E+00,4.88000000E-01,6.66575307E-02,1.39978196E+08,2.03914158E+02,2.19627187E-05,-0.00000000E+00,-0.00000000E+00,-1.45777013E-35,-2.51671052E-35,2.69119712E+07,1.34564813E+07,2.69160647E-03,1.34585284E-03,-2.69090968E+07,-1.34543274E+07,-1.98683748E-03,-7.39224717E-04,-0.00000000E+00,-0.00000000E+00,8.42280890E-40,7.05303566E-40,-0.00000000E+00,-0.00000000E+00,8.42280890E-40,7.05303566E-40,-3.20769799E+03,-2.39962620E+03,-1.94739420E-02,-7.44642997E-02,3.20770259E+02,2.39962965E+02,2.40000000E+02,2.40000000E+02,7.76994474E+06,1.63109165E+09
3.00000000E+00,1.00000000E+00,1.68675715E-02,1.39978191E+08,3.54398524E+02,1.62698782E-05,-0.00000000E+00,-0.00000000E+00,-5.05955038E-35,-4.37411755E-35,4.03686195E+07,1.34566483E+07,4.03747605E-03,1.34586958E-03,-4.03635907E+07,-1.34544939E+07,-2.71095830E-03,-9.53256054E-04,-0.00000000E+00,-0.00000000E+00,1.65860955E-39,8.92312345E-40,-0.00000000E+00,-0.00000000E+00,1.65860955E-39,8.92312346E-40,-5.60732410E+03,-2.39962611E+03,-4.05401393E-01,-7.12871018E-01,5.60733217E+02,2.39962958E+02,4.80000000E+02,2.40000000E+02,7.76994445E+06,1.63109180E+09
4.00000000E+00,1.00000000E+00,8.70913164E-02,1.39978186E+08,4.65365970E+02,1.20486316E-05,-0.00000000E+00,-0.00000000E+00,-1.02289088E-34,-5.74377289E-35,5.38254186E+07,1.34567990E+07,5.38336073E-03,1.34588468E-03,-5.38182347E+07,-1.34546440E+07,-1.23962356E-02,-2.90894576E-02,-0.00000000E+00,-0.00000000E+00,2.62301409E-39,1.01420858E-39,-0.00000000E+00,-0.00000000E+00,2.62301410E-39,1.01420858E-39,-8.00695013E+03,-2.39962603E+03,-1.50956522E+00,-1.35043850E+00,8.00696169E+02,2.39962952E+02,7.20000000E+02,2.40000000E+02,7.76994419E+06,1.63109191E+09
5.00000000E+00,1.00000000E+00,1.68675715E-02,1.39978182E+08,5.46977816E+02,8.92556934E-06,-0.00000000E+00,-0.00000000E+00,-1.65614090E-34,-6.75109624E-35,6.72823551E+07,1.34569366E+07,6.72925920E-03,1.34589848E-03,-6.72730159E+07,-1.34547812E+07,-2.07813546E-01,-4.53277286E-01,-0.00000000E+00,-0.00000000E+00,3.68358834E-39,1.09189221E-39,-0.00000000E+00,-0.00000000E+00,3.68358834E-39,1.09189221E-39,-1.04065761E+04,-2.39962596E+03,-3.00165606E+00,-1.55859556E+00,1.04065911E+03,2.39962945E+02,9.60000000E+02,2.40000000E+02,7.76994395E+06,1.63109199E+09
6.00000000E+00,1.00000000E+00,1.03142794E-01,1.39978178E+08,6.06213472E+02,6.61345993E-06,-0.00000000E+00,-0.00000000E+00,-2.37434359E-34,-7.48223349E-35,8.07394199E+07,1.34570647E+07,8.07517053E-03,1.34591132E-03,-8.07279249E+07,-1.34549090E+07,-1.66571219E+00,-2.62613909E+00,-0.00000000E+00,-0.00000000E+00,4.80453631E-39,1.14018432E-39,-0.00000000E+00,-0.00000000E+00,4.80453631E-39,1.14018432E-39,-1.28062020E+04,-2.39962590E+03,-4.58591496E+00,-1.59442487E+00,1.28062205E+03,2.39962939E+02,1.20000000E+03,2.40000000E+02,7.76994373E+06,1.63109205E+09
7.00000000E+00,1.00000000E+00,2.89135786E-02,1.39978174E+08,6.46586173E+02,4.90575037E-06,-0.00000000E+00,-0.00000000E+00,-3.15292273E-34,-7.98054796E-35,9.41966064E+07,1.34571866E+07,9.42109407E-03,1.34592355E-03,-9.41829557E+07,-1.34550307E+07,-7.03317777E+00,-7.79869125E+00,-0.00000000E+00,-0.00000000E+00,5.96252866E-39,1.16903977E-39,-0.00000000E+00,-0.00000000E+00,5.96252866E-39,1.16903977E-39,-1.52058278E+04,-2.39962584E+03,-6.18341016E+00,-1.59854915E+00,1.52058499E+03,2.39962933E+02,1.44000000E+03,2.40000000E+02,7.76994352E+06,1.63109209E+09
8.00000000E+00,1.00000000E+00,2.89237598E-02,1.39978171E+08,6.71043868E+02,3.64151041E-06,-0.00000000E+00,-0.00000000E+00,-3.96995095E-34,-8.28242580E-35,1.07653911E+08,1.34573046E+07,1.07670295E-02,1.34593538E-03,-1.07638104E+08,-1.34551486E+07,-1.88000906E+01,-1.46546395E+01,-0.00000000E+00,-0.00000000E+00,7.14194170E-39,1.18552577E-39,-0.00000000E+00,-0.00000000E+00,7.14194170E-39,1.18552577E-39,-1.76054536E+04,-2.39962578E+03,-7.78225180E+00,-1.59893162E+00,1.76054791E+03,2.39962927E+02,1.68000000E+03,2.40000000E+02,7.76994332E+06,1.63109211E+09
9.00000000E+00,1.00000000E+00,1.17210233E-01,1.39978167E+08,6.83731651E+02,2.70369383E-06,-0.00000000E+00,-0.00000000E+00,-4.80828575E-34,-8.43902929E-35,1.21111331E+08,1.34574204E+07,1.21129765E-02,1.34594700E-03,-1.21093369E+08,-1.34552644E+07,-3.70644829E+01,-2.05551521E+01,-0.00000000E+00,-0.00000000E+00,8.33312444E-39,1.19440042E-39,-0.00000000E+00,-0.00000000E+00,8.33312444E-39,1.19440042E-39,-2.00050793E+04,-2.39962572E+03,-9.38120548E+00,-1.59895854E+00,2.00051084E+03,2.39962921E+02,1.92000000E+03,2.40000000E+02,7.76994312E+06,1.63109213E+09
1.00000000E+01,1.00000000E+00,1.17217808E-01,1.39978164E+08,6.89305722E+02,2.00739782E-06,-0.00000000E+00,-0.00000000E+00,-5.65671274E-34,-8.50782925E-35,1.34568867E+08,1.34575351E+07,1.34589350E-02,1.34595850E-03,-1.34548748E+08,-1.34553790E+07,-5.99452676E+01,-2.42176346E+01,-0.00000000E+00,-0.00000000E+00,9.53037960E-39,1.19883334E-39,-0.00000000E+00,-0.00000000E+00,9.53037960E-39,1.19883334E-39,-2.24047050E+04,-2.39962566E+03,-1.09801634E+01,-1.59895606E+00,2.24047375E+03,2.39962915E+02,2.16000000E+03,2.40000000E+02,7.76994292E+06,1.63109213E+09
1.10000000E+01,1.00000000E+00,1.17225337E-01,1.39978160E+08,6.91387671E+02,1.49042240E-06,-0.00000000E+00,-0.00000000E+00,-6.50921646E-34,-8.53352646E-35,1.48026516E+08,1.34576491E+07,1.48049049E-02,1.34596994E-03,-1.48004241E+08,-1.34554930E+07,-8.53093890E+01,-2.59724912E+01,-0.00000000E+00,-0.00000000E+00,1.07305346E-38,1.20086326E-39,-0.00000000E+00,-0.00000000E+00,1.07305346E-38,1.20086326E-39,-2.48043306E+04,-2.39962560E+03,-1.25791172E+01,-1.59895148E+00,2.48043666E+03,2.39962909E+02,2.40000000E+03,2.40000000E+02,7.76994273E+06,1.63109213E+09
1.20000000E+01,1.00000000E+00,1.17232845E-01,1.39978156E+08,6.92057038E+02,1.10658627E-06,-0.00000000E+00,-0.00000000E+00,-7.36313131E-34,-8.54178835E-35,1.61484278E+08,1.34577628E+07,1.61508862E-02,1.34598134E-03,-1.61459847E+08,-1.34556066E+07,-1.11736914E+02,-2.66535263E+01,-0.00000000E+00,-0.00000000E+00,1.19319556E-38,1.20171017E-39,-0.00000000E+00,-0.00000000E+00,1.19319556E-38,1.20171017E-39,-2.72039561E+04,-2.39962554E+03,-1.41780663E+01,-1.59894681E+00,2.72039956E+03,2.39962903E+02,2.64000000E+03,2.40000000E+02,7.76994253E+06,1.63109213E+09
1.30000000E+01,1.00000000E+00,1.17240341E-01,1.39978153E+08,6.92244501E+02,8.21601388E-07,-0.00000000E+00,-0.00000000E+00,-8.21746990E-34,-8.54410218E-35,1.74942155E+08,1.34578762E+07,1.74968790E-02,1.34599273E-03,-1.74915567E+08,-1.34557201E+07,-1.38541493E+02,-2.68755147E+01,-0.00000000E+00,-0.00000000E+00,1.31338793E-38,1.20203081E-39,-0.00000000E+00,-0.00000000E+00,1.31338793E-38,1.20203081E-39,-2.96035816E+04,-2.39962547E+03,-1.57770107E+01,-1.59894218E+00,2.96036246E+03,2.39962897E+02,2.88000000E+03,2.40000000E+02,7.76994234E+06,1.63109213E+09
1.40000000E+01,1.00000000E+00,1.17247831E-01,1.39978149E+08,6.92290218E+02,6.10010115E-07,-0.00000000E+00,-0.00000000E+00,-9.07191969E-34,-8.54466647E-35,1.88400144E+08,1.34579896E+07,1.88428831E-02,1.34600410E-03,-1.88371401E+08,-1.34558334E+07,-1.65460304E+02,-2.69381602E+01,-0.00000000E+00,-0.00000000E+00,1.43359838E-38,1.20214014E-39,-0.00000000E+00,-0.00000000E+00,1.43359838E-38,1.20214014E-39,-3.20032070E+04,-2.39962541E+03,-1.73759506E+01,-1.59893757E+00,3.20032535E+03,2.39962891E+02,3.12000000E+03,2.40000000E+02,7.76994214E+06,1.63109213E+09
1.50000000E+01,1.00000000E+00,1.17255317E-01,1.39978146E+08,6.92299292E+02,4.52911025E-07,-0.00000000E+00,-0.00000000E+00,-9.92639444E-34,-8.54477847E-35,2.01858247E+08,1.34581028E+07,2.01888985E-02,1.34601546E-03,-2.01827347E+08,-1.34559467E+07,-1.92409588E+02,-2.69540098E+01,-0.00000000E+00,-0.00000000E+00,1.55381463E-38,1.20217266E-39,-0.00000000E+00,-0.00000000E+00,1.55381463E-38,1.20217266E-39,-3.44028324E+04,-2.39962535E+03,-1.89748858E+01,-1.59893297E+00,3.44028824E+03,2.39962885E+02,3.36000000E+03,2.40000000E+02,7.76994195E+06,1.63109213E+09
1.60000000E+01,1.00000000E+00,1.17262801E-01,1.39978142E+08,6.92299904E+02,3.36270471E-07,-0.00000000E+00,-0.00000000E+00,-1.07808730E-33,-8.54478602E-35,2.15316463E+08,1.34582160E+07,2.15349253E-02,1.34602681E-03,-2.15283407E+08,-1.34560598E+07,-2.19366384E+02,-2.69578960E+01,-0.00000000E+00,-0.00000000E+00,1.67403241E-38,1.20217980E-39,-0.00000000E+00,-0.00000000E+00,1.67403241E-38,1.20217980E-39,-3.68024577E+04,-2.39962529E+03,-2.05738165E+01,-1.59892837E+00,3.68025111E+03,2.39962879E+02,3.60000000E+03,2.40000000E+02,7.76994175E+06,1.63109213E+09
1.70000000E+01,1.00000000E+00,1.17270282E-01,1.39978139E+08,6.92298747E+02,2.49668961E-07,-0.00000000E+00,-0.00000000E+00,-1.16353509E-33,-8.54477174E-35,2.28774792E+08,1.34583290E+07,2.28809635E-02,1.34603815E-03,-2.28739580E+08,-1.34561729E+07,-2.46325151E+02,-2.69590630E+01,-0.00000000E+00,-0.00000000E+00,1.79425037E-38,1.20217926E-39,-0.00000000E+00,-0.00000000E+00,1.79425038E-38,1.20217926E-39,-3.92020829E+04,-2.39962523E+03,-2.21727425E+01,-1.59892378E+00,3.92021399E+03,2.39962873E+02,3.84000000E+03,2.40000000E+02,7.76994156E+06,1.63109213E+09
1.80000000E+01,1.00000000E+00,1.17277761E-01,1.39978135E+08,6.92297252E+02,1.85370389E-07,-0.00000000E+00,-0.00000000E+00,-1.24898269E-33,-8.54475329E-35,2.42233234E+08,1.34584420E+07,2.42270130E-02,1.34604948E-03,-2.42195866E+08,-1.34562859E+07,-2.73284688E+02,-2.69596717E+01,-0.00000000E+00,-0.00000000E+00,1.91446814E-38,1.20217660E-39,-0.00000000E+00,-0.00000000E+00,1.91446814E-38,1.20217660E-39,-4.16017081E+04,-2.39962517E+03,-2.37716640E+01,-1.59891919E+00,4.16017685E+03,2.39962867E+02,4.08000000E+03,2.40000000E+02,7.76994136E+06,1.63109213E+09
1.90000000E+01,1.00000000E+00,1.17285238E-01,1.39978132E+08,6.92295698E+02,1.37630964E-07,-0.00000000E+00,-0.00000000E+00,-1.33443011E-33,-8.54473411E-35,2.55691789E+08,1.34585549E+07,2.55730738E-02,1.34606081E-03,-2.55652265E+08,-1.34563987E+07,-3.00244757E+02,-2.69601754E+01,-0.00000000E+00,-0.00000000E+00,2.03468561E-38,1.20217341E-39,-0.00000000E+00,-0.00000000E+00,2.03468561E-38,1.20217341E-39,-4.40013332E+04,-2.39962511E+03,-2.53705809E+01,-1.59891460E+00,4.40013971E+03,2.39962861E+02,4.32000000E+03,2.40000000E+02,7.76994117E+06,1.63109213E+09
2.00000000E+01,1.00000000E+00,1.17292713E-01,1.39978128E+08,6.92294135E+02,1.02186124E-07,-0.00000000E+00,-0.00000000E+00,-1.41987734E-33,-8.54471481E-35,2.69150457E+08,1.34586677E+07,2.69191459E-02,1.34607212E-03,-2.69108776E+08,-1.34565116E+07,-3.27205318E+02,-2.69606608E+01,-0.00000000E+00,-0.00000000E+00,2.15490275E-38,1.20217011E-39,-0.00000000E+00,-0.00000000E+00,2.15490275E-38,1.20217011E-39,-4.64009582E+04,-2.39962505E+03,-2.69694932E+01,-1.59891001E+00,4.64010257E+03,2.39962855E+02,4.56000000E+03,2.40000000E+02,7.76994098E+06,1.63109213E+09
2.10000000E+01,1.00000000E+00,1.17300187E-01,1.39978125E+08,6.92292571E+02,7.58695803E-08,-0.00000000E+00,-0.00000000E+00,-1.50532437E-33,-8.54469551E-35,2.82609237E+08,1.34587805E+07,2.82652293E-02,1.34608343E-03,-2.82565401E+08,-1.34566243E+07,-3.54166361E+02,-2.69611433E+01,-0.00000000E+00,-0.00000000E+00,2.27511956E-38,1.20216680E-39,-0.00000000E+00,-0.00000000E+00,2.27511956E-38,1.20216680E-39,-4.88005832E+04,-2.39962499E+03,-2.85684009E+01,-1.59890543E+00,4.88006542E+03,2.39962849E+02,4.80000000E+03,2.40000000E+02,7.76994078E+06,1.63109213E+09
2.20000000E+01,1.00000000E+00,1.17307658E-01,1.39978121E+08,6.92291007E+02,5.63304761E-08,-0.00000000E+00,-0.00000000E+00,-1.59077121E-33,-8.54467620E-35,2.96068130E+08,1.34588931E+07,2.96113240E-02,1.34609473E-03,-2.96022137E+08,-1.34567369E+07,-3.81127887E+02,-2.69616252E+01,-0.00000000E+00,-0.00000000E+00,2.39533604E-38,1.20216351E-39,-0.00000000E+00,-0.00000000E+00,2.39533604E-38,1.20216351E-39,-5.12002081E+04,-2.39962493E+03,-3.01673040E+01,-1.59890084E+00,5.12002826E+03,2.39962843E+02,5.04000000E+03,2.40000000E+02,7.76994059E+06,1.63109213E+09
2.30000000E+01,1.00000000E+00,1.17315127E-01,1.39978118E+08,6.92289444E+02,4.18233818E-08,-0.00000000E+00,-0.00000000E+00,-1.67621786E-33,-8.54465690E-35,3.09527136E+08,1.34590057E+07,3.09574301E-02,1.34610602E-03,-3.09478987E+08,-1.34568495E+07,-4.08089895E+02,-2.69621070E+01,-0.00000000E+00,-0.00000000E+00,2.51555219E-38,1.20216023E-39,-0.00000000E+00,-0.00000000E+00,2.51555219E-38,1.20216023E-39,-5.35998330E+04,-2.39962487E+03,-3.17662025E+01,-1.59889626E+00,5.35999110E+03,2.39962836E+02,5.28000000E+03,2.40000000E+02,7.76994039E+06,1.63109213E+09
2.40000000E+01,1.00000000E+00,1.17322594E-01,1.39978114E+08,6.92287880E+02,3.10523773E-08,-0.00000000E+00,-0.00000000E+00,-1.76166431E-33,-8.54463761E-35,3.22986254E+08,1.34591182E+07,3.23035474E-02,1.34611731E-03,-3.22935949E+08,-1.34569620E+07,-4.35052384E+02,-2.69625886E+01,-0.00000000E+00,-0.00000000E+00,2.63576801E-38,1.20215697E-39,-0.00000000E+00,-0.00000000E+00,2.63576801E-38,1.20215697E-39,-5.59994578E+04,-2.39962481E+03,-3.33650965E+01,-1.59889168E+00,5.59995393E+03,2.39962830E+02,5.52000000E+03,2.40000000E+02,7.76994020E+06,1.63109213E+09
2.50000000E+01,1.00000000E+00,1.17330059E-01,1.39978111E+08,6.92286318E+02,2.30552877E-08,-0.00000000E+00,-0.00000000E+00,-1.84711057E-33,-8.54461832E-35,3.36445485E+08,1.34592306E+07,3.36496760E-02,1.34612859E-03,-3.36393023E+08,-1.34570744E+07,-4.62015354E+02,-2.69630701E+01,-0.00000000E+00,-0.00000000E+00,2.75598351E-38,1.20215374E-39,-0.00000000E+00,-0.00000000E+00,2.75598351E-38,1.20215374E-39,-5.83990826E+04,-2.39962475E+03,-3.49639858E+01,-1.59888709E+00,5.83991675E+03,2.39962824E+02,5.76000000E+03,2.40000000E+02,7.76994001E+06,1.63109213E+09
2.60000000E+01,1.00000000E+00,1.17337522E-01,1.39978108E+08,6.92284755E+02,1.71177319E-08,-0.00000000E+00,-0.00000000E+00,-1.93255664E-33,-8.54459904E-35,3.49904828E+08,1.34593429E+07,3.49958158E-02,1.34613985E-03,-3.49850210E+08,-1.34571867E+07,-4.88978807E+02,-2.69635515E+01,-0.00000000E+00,-0.00000000E+00,2.87619868E-38,1.20215052E-39,-0.00000000E+00,-0.00000000E+00,2.87619868E-38,1.20215052E-39,-6.07987073E+04,-2.39962469E+03,-3.65628706E+01,-1.59888251E+00,6.07987957E+03,2.39962818E+02,6.00000000E+03,2.40000000E+02,7.76993981E+06,1.63109213E+09
2.70000000E+01,1.00000000E+00,1.17344983E-01,1.39978104E+08,6.92283193E+02,1.27093073E-08,-0.00000000E+00,-0.00000000E+00,-2.01800252E-33,-8.54457976E-35,3.63364283E+08,1.34594552E+07,3.63419669E-02,1.34615111E-03,-3.63307509E+08,-1.34572990E+07,-5.15942740E+02,-2.69640328E+01,-0.00000000E+00,-0.00000000E+00,2.99641354E-38,1.20214733E-39,-0.00000000E+00,-0.00000000E+00,2.99641354E-38,1.20214733E-39,-6.31983319E+04,-2.39962463E+03,-3.81617508E+01,-1.59887793E+00,6.31984238E+03,2.39962812E+02,6.24000000E+03,2.40000000E+02,7.76993962E+06,1.63109213E+09
2.80000000E+01,1.00000000E+00,1.17352442E-01,1.39978101E+08,6.92281632E+02,9.43620835E-09,-0.00000000E+00,-0.00000000E+00,-2.10344820E-33,-8.54456049E-35,3.76823850E+08,1.34595674E+07,3.76881293E-02,1.34616237E-03,-3.76764920E+08,-1.34574112E+07,-5.42907154E+02,-2.69645139E+01,-0.00000000E+00,-0.00000000E+00,3.11662808E-38,1.20214415E-39,-0.00000000E+00,-0.00000000E+00,3.11662808E-38,1.20214415E-39,-6.55979565E+04,-2.39962457E+03,-3.97606264E+01,-1.59887336E+00,6.55980519E+03,2.39962806E+02,6.48000000E+03,2.40000000E+02,7.76993943E+06,1.63109213E+09
2.90000000E+01,1.00000000E+00,1.17359899E-01,1.39978097E+08,6.92280071E+02,7.00604863E-09,-0.00000000E+00,-0.00000000E+00,-2.18889369E-33,-8.54454122E-35,3.90283530E+08,1.34596795E+07,3.90343029E-02,1.34617361E-03,-3.90222444E+08,-1.34575233E+07,-5.69872050E+02,-2.69649950E+01,-0.00000000E+00,-0.00000000E+00,3.23684230E-38,1.20214100E-39,-0.00000000E+00,-0.00000000E+00,3.23684230E-38,1.20214100E-39,-6.79975810E+04,-2.39962451E+03,-4.13594975E+01,-1.59886878E+00,6.79976799E+03,2.39962800E+02,6.72000000E+03,2.40000000E+02,7.76993924E+06,1.63109213E+09
3.00000000E+01,1.00000000E+00,1.17367354E-01,1.39978094E+08,6.92278510E+02,5.20174139E-09,-0.00000000E+00,-0.00000000E+00,-2.27433899E-33,-8.54452195E-35,4.03743321E+08,1.34597915E+07,4.03804878E-02,1.34618485E-03,-4.03680079E+08,-1.34576353E+07,-5.96837427E+02,-2.69654759E+01,-0.00000000E+00,-0.00000000E+00,3.35705621E-38,1.20213786E-39,-0.00000000E+00,-0.00000000E+00,3.35705621E-38,1.20213786E-39,-7.03972054E+04,-2.39962445E+03,-4.29583639E+01,-1.59886420E+00,7.03973078E+03,2.39962794E+02,6.96000000E+03,2.40000000E+02,7.76993904E+06,1.63109213E+09
3.10000000E+01,1.00000000E+00,1.17374807E-01,1.39978090E+08,6.92276950E+02,3.86210743E-09,-0.00000000E+00,-0.00000000E+00,-2.35978409E-33,-8.54450269E-35,4.17203225E+08,1.34599034E+07,4.17266838E-02,1.34619608E-03,-4.17137826E+08,-1.34577472E+07,-6.23803284E+02,-2.69659567E+01,-0.00000000E+00,-0.00000000E+00,3.47726980E-38,1.20213475E-39,-0.00000000E+00,-0.00000000E+00,3.47726980E-38,1.20213475E-39,-7.27968298E+04,-2.39962439E+03,-4.45572258E+01,-1.59885963E+00,7.27969357E+03,2.39962788E+02,7.20000000E+03,2.40000000E+02,7.76993885E+06,1.63109213E+09
3.20000000E+01,1.00000000E+00,1.17382257E-01,1.39978087E+08,6.92275390E+02,2.86747689E-09,-0.00000000E+00,-0.00000000E+00,-2.44522900E-33,-8.54448344E-35,4.30663240E+08,1.34600153E+07,4.30728911E-02,1.34620730E-03,-4.30595685E+08,-1.34578591E+07,-6.50769622E+02,-2.69664373E+01,-0.00000000E+00,-0.00000000E+00,3.59748309E-38,1.20213165E-39,-0.00000000E+00,-0.00000000E+00,3.59748309E-38,1.20213165E-39,-7.51964541E+04,-2.39962433E+03,-4.61560832E+01,-1.59885505E+00,7.51965635E+03,2.39962782E+02,7.44000000E+03,2.40000000E+02,7.76993866E+06,1.63109213E+09
3.30000000E+01,1.00000000E+00,1.17389706E-01,1.39978083E+08,6.92273830E+02,2.12899915E-09,-0.00000000E+00,-0.00000000E+00,-2.53067372E-33,-8.54446419E-35,4.44123367E+08,1.34601271E+07,4.44191097E-02,1.34621851E-03,-4.44053656E+08,-1.34579709E+07,-6.77736441E+02,-2.69669179E+01,-0.00000000E+00,-0.00000000E+00,3.71769607E-38,1.20212857E-39,-0.00000000E+00,-0.00000000E+00,3.71769607E-38,1.20212857E-39,-7.75960784E+04,-2.39962427E+03,-4.77549359E+01,-1.59885048E+00,7.75961913E+03,2.39962776E+02,7.68000000E+03,2.40000000E+02,7.76993847E+06,1.63109213E+09
3.40000000E+01,1.00000000E+00,1.17397153E-01,1.39978080E+08,6.92272271E+02,1.58070574E-09,-0.00000000E+00,-0.00000000E+00,-2.61611825E-33,-8.54444494E-35,4.57583606E+08,1.34602388E+07,4.57653394E-02,1.34622972E-03,-4.57511739E+08,-1.34580826E+07,-7.04703740E+02,-2.69673983E+01,-0.00000000E+00,-0.00000000E+00,3.83790874E-38,1.20212551E-39,-0.00000000E+00,-0.00000000E+00,3.83790874E-38,1.20212551E-39,-7.99957026E+04,-2.39962421E+03,-4.93537841E+01,-1.59884591E+00,7.99958190E+03,2.39962770E+02,7.92000000E+03,2.40000000E+02,7.76993827E+06,1.63109213E+09
3.50000000E+01,1.00000000E+00,1.17404598E-01,1.39978076E+08,6.92270712E+02,1.17361745E-09,-0.00000000E+00,-0.00000000E+00,-2.70156258E-33,-8.54442570E-35,4.71043956E+08,1.34603504E+07,4.71115803E-02,1.34624092E-03,-4.70969933E+08,-1.34581942E+07,-7.31671519E+02,-2.69678786E+01,-0.00000000E+00,-0.00000000E+00,3.95812110E-38,1.20212247E-39,-0.00000000E+00,-0.00000000E+00,3.95812110E-38,1.20212247E-39,-8.23953267E+04,-2.39962415E+03,-5.09526277E+01,-1.59884134E+00,8.23954466E+03,2.39962764E+02,8.16000000E+03,2.40000000E+02,7.76993808E+06,1.63109213E+09
3.60000000E+01,1.00000000E+00,1.17412041E-01,1.39978073E+08,6.92269154E+02,8.71368931E-10,-0.00000000E+00,-0.00000000E+00,-2.78700673E-33,-8.54440647E-35,4.84504418E+08,1.34604620E+07,4.84578324E-02,1.34625211E-03,-4.84428239E+08,-1.34583058E+07,-7.58639779E+02,-2.69683588E+01,-0.00000000E+00,-0.00000000E+00,4.07833316E-38,1.20211945E-39,-0.00000000E+00,-0.00000000E+00,4.07833316E-38,1.20211945E-39,-8.47949508E+04,-2.39962409E+03,-5.25514667E+01,-1.59883677E+00,8.47950742E+03,2.39962758E+02,8.40000000E+03,2.40000000E+02,7.76993789E+06,1.63109213E+09
3.70000000E+01,1.00000000E+00,1.17419482E-01,1.39978069E+08,6.92267596E+02,6.46960202E-10,-0.00000000E+00,-0.00000000E+00,-2.87245068E-33,-8.54438724E-35,4.97964992E+08,1.34605734E+07,4.98040957E-02,1.34626329E-03,-4.97886656E+08,-1.34584172E+07,-7.85608519E+02,-2.69688388E+01,-0.00000000E+00,-0.00000000E+00,4.19854492E-38,1.20211644E-39,-0.00000000E+00,-0.00000000E+00,4.19854492E-38,1.20211644E-39,-8.71945749E+04,-2.39962403E+03,-5.41503012E+01,-1.59883220E+00,8.71947017E+03,2.39962752E+02,8.64000000E+03,2.40000000E+02,7.76993770E+06,1.63109213E+09
3.80000000E+01,1.00000000E+00,1.17426921E-01,1.39978066E+08,6.92266038E+02,4.80344746E-10,-0.00000000E+00,-0.00000000E+00,-2.95789443E-33,-8.54436801E-35,5.11425676E+08,1.34606848E+07,5.11503702E-02,1.34627447E-03,-5.11345184E+08,-1.34585286E+07,-8.12577738E+02,-2.69693188E+01,-0.00000000E+00,-0.00000000E+00,4.31875638E-38,1.20211346E-39,-0.00000000E+00,-0.00000000E+00,4.31875638E-38,1.20211346E-39,-8.95941988E+04,-2.39962397E+03,-5.57491311E+01,-1.59882764E+00,8.95943292E+03,2.39962746E+02,8.88000000E+03,2.40000000E+02,7.76993751E+06,1.63109213E+09
3.90000000E+01,1.00000000E+00,1.17434357E-01,1.39978062E+08,6.92264481E+02,3.56638732E-10,-0.00000000E+00,-0.00000000E+00,-3.04333800E-33,-8.54434879E-35,5.24886473E+08,1.34607962E+07,5.24966558E-02,1.34628563E-03,-5.24803824E+08,-1.34586400E+07,-8.39547438E+02,-2.69697986E+01,-0.00000000E+00,-0.00000000E+00,4.43896755E-38,1.20211049E-39,-0.00000000E+00,-0.00000000E+00,4.43896755E-38,1.20211049E-39,-9.19938227E+04,-2.39962391E+03,-5.73479564E+01,-1.59882307E+00,9.19939566E+03,2.39962740E+02,9.12000000E+03,2.40000000E+02,7.76993731E+06,1.63109213E+09
4.00000000E+01,1.00000000E+00,1.17441792E-01,1.39978059E+08,6.92262924E+02,2.64791447E-10,-0.00000000E+00,-0.00000000E+00,-3.12878137E-33,-8.54432958E-35,5.38347380E+08,1.34609074E+07,5.38429526E-02,1.34629679E-03,-5.38262576E+08,-1.34587512E+07,-8.66517617E+02,-2.69702783E+01,-0.00000000E+00,-0.00000000E+00,4.55917841E-38,1.20210754E-39,-0.00000000E+00,-0.00000000E+00,4.55917841E-38,1.20210754E-39,-9.43934466E+04,-2.39962385E+03,-5.89467772E+01,-1.59881851E+00,9.43935839E+03,2.39962734E+02,9.36000000E+03,2.40000000E+02,7.76993712E+06,1.63109213E+09
4.10000000E+01,1.00000000E+00,1.17449225E-01,1.39978056E+08,6.92261368E+02,1.96598130E-10,-0.00000000E+00,-0.00000000E+00,-3.21422455E-33,-8.54431037E-35,5.51808399E+08,1.34610186E+07,5.51892605E-02,1.34630795E-03,-5.51721438E+08,-1.34588624E+07,-8.93488276E+02,-2.69707579E+01,-0.00000000E+00,-0.00000000E+00,4.67938899E-38,1.20210460E-39,-0.00000000E+00,-0.00000000E+00,4.67938899E-38,1.20210460E-39,-9.67930704E+04,-2.39962379E+03,-6.05455934E+01,-1.59881394E+00,9.67932112E+03,2.39962728E+02,9.60000000E+03,2.40000000E+02,7.76993693E+06,1.63109213E+09
4.20000000E+01,1.00000000E+00,1.17456656E-01,1.39978052E+08,6.92259812E+02,1.45967039E-10,-0.00000000E+00,-0.00000000E+00,-3.29966754E-33,-8.54429116E-35,5.65269528E+08,1.34611297E+07,5.65355796E-02,1.34631909E-03,-5.65180411E+08,-1.34589735E+07,-9.20459414E+02,-2.69712373E+01,-0.00000000E+00,-0.00000000E+00,4.79959927E-38,1.20210169E-39,-0.00000000E+00,-0.00000000E+00,4.79959927E-38,1.20210169E-39,-9.91926941E+04,-2.39962372E+03,-6.21444050E+01,-1.59880938E+00,9.91928384E+03,2.39962722E+02,9.84000000E+03,2.40000000E+02,7.76993674E+06,1.63109213E+09
4.30000000E+01,1.00000000E+00,1.17464084E-01,1.39978049E+08,6.92258256E+02,1.08375271E-10,-0.00000000E+00,-0.00000000E+00,-3.38511034E-33,-8.54427196E-35,5.78730769E+08,1.34612407E+07,5.78819098E-02,1.34633023E-03,-5.78639496E+08,-1.34590845E+07,-9.47431032E+02,-2.69717167E+01,-0.00000000E+00,-0.00000000E+00,4.91980926E-38,1.20209879E-39,-0.00000000E+00,-0.00000000E+00,4.91980926E-38,1.20209879E-39,-1.01592318E+05,-2.39962366E+03,-6.37432121E+01,-1.59880482E+00,1.01592466E+04,2.39962716E+02,1.00800000E+04,2.40000000E+02,7.76993655E+06,1.63109213E+09
4.40000000E+01,1.00000000E+00,1.17471511E-01,1.39978045E+08,6.92256701E+02,8.04647332E-11,-0.00000000E+00,-0.00000000E+00,-3.47055295E-33,-8.54425276E-35,5.92192121E+08,1.34613517E+07,5.92282512E-02,1.34634136E-03,-5.92098691E+08,-1.34591955E+07,-9.74403129E+02,-2.69721959E+01,-0.00000000E+00,-0.00000000E+00,5.04001896E-38,1.20209590E-39,-0.00000000E+00,-0.00000000E+00,5.04001896E-38,1.20209590E-39,-1.03991941E+05,-2.39962360E+03,-6.53420146E+01,-1.59880026E+00,1.03992093E+04,2.39962710E+02,1.03200000E+04,2.40000000E+02,7.76993636E+06,1.63109213E+09
4.50000000E+01,1.00000000E+00,1.17478936E-01,1.39978042E+08,6.92255146E+02,5.97421628E-11,-0.00000000E+00,-0.00000000E+00,-3.55599536E-33,-8.54423357E-35,6.05653583E+08,1.34614626E+07,6.05746037E-02,1.34635248E-03,-6.05557998E+08,-1.34593063E+07,-1.00137570E+03,-2.69726750E+01,-0.00000000E+00,-0.00000000E+00,5.16022838E-38,1.20209304E-39,-0.00000000E+00,-0.00000000E+00,5.16022838E-38,1.20209304E-39,-1.06391565E+05,-2.39962354E+03,-6.69408126E+01,-1.59879570E+00,1.06391720E+04,2.39962704E+02,1.05600000E+04,2.40000000E+02,7.76993617E+06,1.63109213E+09
4.60000000E+01,1.00000000E+00,1.17486359E-01,1.39978038E+08,6.92253591E+02,4.43563998E-11,-0.00000000E+00,-0.00000000E+00,-3.64143758E-33,-8.54421438E-35,6.19115157E+08,1.34615734E+07,6.19209673E-02,1.34636360E-03,-6.19017415E+08,-1.34594172E+07,-1.02834876E+03,-2.69731540E+01,-0.00000000E+00,-0.00000000E+00,5.28043751E-38,1.20209019E-39,-0.00000000E+00,-0.00000000E+00,5.28043751E-38,1.20209019E-39,-1.08791188E+05,-2.39962348E+03,-6.85396060E+01,-1.59879114E+00,1.08791347E+04,2.39962698E+02,1.08000000E+04,2.40000000E+02,7.76993598E+06,1.63109213E+09
4.70000000E+01,1.00000000E+00,1.17493779E-01,1.39978035E+08,6.92252037E+02,3.29330248E-11,-0.00000000E+00,-0.00000000E+00,-3.72687961E-33,-8.54419520E-35,6.32576841E+08,1.34616841E+07,6.32673420E-02,1.34637471E-03,-6.32476943E+08,-1.34595279E+07,-1.05532229E+03,-2.69736328E+01,-0.00000000E+00,-0.00000000E+00,5.40064635E-38,1.20208736E-39,-0.00000000E+00,-0.00000000E+00,5.40064635E-38,1.20208736E-39,-1.11190812E+05,-2.39962342E+03,-7.01383948E+01,-1.59878658E+00,1.11190974E+04,2.39962692E+02,1.10400000E+04,2.40000000E+02,7.76993579E+06,1.63109213E+09
4.80000000E+01,1.00000000E+00,1.17501198E-01,1.39978032E+08,6.92250484E+02,2.44515806E-11,-0.00000000E+00,-0.00000000E+00,-3.81232145E-33,-8.54417603E-35,6.46038636E+08,1.34617948E+07,6.46137278E-02,1.34638581E-03,-6.45936581E+08,-1.34596385E+07,-1.08229631E+03,-2.69741115E+01,-0.00000000E+00,-0.00000000E+00,5.52085492E-38,1.20208454E-39,-0.00000000E+00,-0.00000000E+00,5.52085492E-38,1.20208454E-39,-1.13590435E+05,-2.39962336E+03,-7.17371791E+01,-1.59878203E+00,1.13590600E+04,2.39962686E+02,1.12800000E+04,2.40000000E+02,7.76993560E+06,1.63109213E+09
4.90000000E+01,1.00000000E+00,1.17508615E-01,1.39978028E+08,6.92248930E+02,1.81544141E-11,-0.00000000E+00,-0.00000000E+00,-3.89776309E-33,-8.54415685E-35,6.59500541E+08,1.34619054E+07,6.59601247E-02,1.34639690E-03,-6.59396331E+08,-1.34597491E+07,-1.10927080E+03,-2.69745902E+01,-0.00000000E+00,-0.00000000E+00,5.64106320E-38,1.20208174E-39,-0.00000000E+00,-0.00000000E+00,5.64106320E-38,1.20208174E-39,-1.15990058E+05,-2.39962330E+03,-7.33359588E+01,-1.59877747E+00,1.15990227E+04,2.39962680E+02,1.15200000E+04,2.40000000E+02,7.76993540E+06,1.63109213E+09
5.00000000E+01,1.00000000E+00,1.17516030E-01,1.39978025E+08,6.92247377E+02,1.34789953E-11,-0.00000000E+00,-0.00000000E+00,-3.98320455E-33,-8.54413769E-35,6.72962557E+08,1.34620159E+07,6.73065327E-02,1.34640799E-03,-6.72856190E+08,-1.34598597E+07,-1.13624577E+03,-2.69750686E+01,-0.00000000E+00,-0.00000000E+00,5.76127120E-38,1.20207896E-39,-0.00000000E+00,-0.00000000E+00,5.76127120E-38,1.20207896E-39,-1.18389682E+05,-2.39962324E+03,-7.49347340E+01,-1.59877292E+00,1.18389854E+04,2.39962674E+02,1.17600000E+04,2.40000000E+02,7.76993521E+06,1.63109213E+09
