Time [d],dt_flow [d],dt_tran [d],Global Water Mass in Liquid Phas [kg],Global Vaq [mol],Global Vim [mol],Top Water Mass [kg],Top Water Mass [kg/d],Top Vaq [mol],Top Vaq [mol/d],Right Water Mass [kg],Right Water Mass [kg/d],Right Vaq [mol],Right Vaq [mol/d],Left Water Mass [kg],Left Water Mass [kg/d],Left Vaq [mol],Left Vaq [mol/d],North Water Mass [kg],North Water Mass [kg/d],North Vaq [mol],North Vaq [mol/d],South Water Mass [kg],South Water Mass [kg/d],South Vaq [mol],South Vaq [mol/d],ExtractWell Water Mass [kg],ExtractWell Water Mass [kg/d],ExtractWell Vaq [mol],ExtractWell Vaq [mol/d],InjectWell Water Mass [kg],InjectWell Water Mass [kg/d],InjectWell Vaq [mol],InjectWell Vaq [mol/d],Region Region__all Water Mass [kg],Region Region__all Total Mass [kg]
1.00000000E+00,4.89000000E-01,2.36867769E-02,1.39980752E+08,1.14308223E-02,2.95082416E-05,-0.00000000E+00,-0.00000000E+00,1.93857810E-40,3.17109928E-40,8.69178539E+07,8.69310670E+07,8.69277176E-03,8.69409632E-03,-8.69173336E+07,-8.69301374E+07,-7.46565512E-03,-6.41717274E-03,-0.00000000E+00,-0.00000000E+00,1.92653817E-40,3.15140622E-40,-0.00000000E+00,-0.00000000E+00,1.92653817E-40,3.15140622E-40,-8.08086605E+02,-1.22623135E+03,-6.75177655E-08,-9.65728667E-08,8.08094175E+01,1.22624286E+02,8.08197600E-09,1.22640000E-08,7.77008659E+06,1.63109144E+09
2.00000000E+00,4.88000000E-01,2.29166863E-02,1.39980598E+08,1.97486177E+02,2.17684333E-05,-0.00000000E+00,-0.00000000E+00,-1.35439042E-35,-2.43737087E-35,1.73873491E+08,8.69634523E+07,1.73893323E-02,8.69734444E-03,-1.73870965E+08,-8.69614433E+07,-8.73539346E+00,-5.32177962E+01,-0.00000000E+00,-0.00000000E+00,5.45820336E-40,3.66611769E-40,-0.00000000E+00,-0.00000000E+00,5.45820336E-40,3.66611769E-40,-3.20775462E+03,-2.39966737E+03,-2.86876078E-01,-4.39843964E-01,3.20778474E+02,2.39968993E+02,2.40000000E+02,2.40000000E+02,7.77007805E+06,1.63109164E+09
3.00000000E+00,1.00000000E+00,1.54690459E-02,1.39980449E+08,2.29957634E+02,1.60594405E-05,-0.00000000E+00,-0.00000000E+00,-4.11446612E-35,-2.83816143E-35,2.60867812E+08,8.69943204E+07,2.60897732E-02,8.70044085E-03,-2.60863275E+08,-8.69923094E+07,-1.47530392E+02,-1.68856692E+02,-0.00000000E+00,-0.00000000E+00,9.12937924E-40,3.67165022E-40,-0.00000000E+00,-0.00000000E+00,9.12937922E-40,3.67165020E-40,-5.60741944E+03,-2.39966482E+03,-7.26772582E-01,-4.39852940E-01,5.60747212E+02,2.39968738E+02,4.80000000E+02,2.40000000E+02,7.77006978E+06,1.63109167E+09
4.00000000E+00,1.00000000E+00,1.58191653E-02,1.39980300E+08,2.29942559E+02,1.18476842E-05,-0.00000000E+00,-0.00000000E+00,-6.95273289E-35,-2.83797536E-35,3.47892935E+08,8.70251230E+07,3.47933039E-02,8.70353073E-03,-3.47886387E+08,-8.70231121E+07,-3.16877219E+02,-1.69380338E+02,-0.00000000E+00,-0.00000000E+00,1.28003513E-39,3.67056455E-40,-0.00000000E+00,-0.00000000E+00,1.28003513E-39,3.67056457E-40,-8.00708170E+03,-2.39966226E+03,-1.16653715E+00,-4.39713385E-01,8.00715694E+02,2.39968482E+02,7.20000000E+02,2.40000000E+02,7.77006151E+06,1.63109167E+09
5.00000000E+00,1.00000000E+00,1.61690196E-02,1.39980151E+08,2.29874644E+02,8.74050179E-06,-0.00000000E+00,-0.00000000E+00,-9.79022413E-35,-2.83713709E-35,4.34948844E+08,8.70559096E+07,4.34999229E-02,8.70661904E-03,-4.34940286E+08,-8.70538989E+07,-4.86296219E+02,-1.69401207E+02,-0.00000000E+00,-0.00000000E+00,1.64702512E-39,3.66949781E-40,-0.00000000E+00,-0.00000000E+00,1.64702512E-39,3.66949783E-40,-1.04067414E+04,-2.39965970E+03,-1.60616221E+00,-4.39573919E-01,1.04068392E+03,2.39968226E+02,9.60000000E+02,2.40000000E+02,7.77005323E+06,1.63109167E+09
6.00000000E+00,1.00000000E+00,1.65186931E-02,1.39980001E+08,2.29806755E+02,6.44820908E-06,-0.00000000E+00,-0.00000000E+00,-1.26268773E-34,-2.83629915E-35,5.22035531E+08,8.70866865E+07,5.22096293E-02,8.70970638E-03,-5.22024962E+08,-8.70846760E+07,-6.55736074E+02,-1.69422052E+02,-0.00000000E+00,-0.00000000E+00,2.01390888E-39,3.66843835E-40,-0.00000000E+00,-0.00000000E+00,2.01390888E-39,3.66843839E-40,-1.28063985E+04,-2.39965713E+03,-2.04564781E+00,-4.39434513E-01,1.28065189E+03,2.39967969E+02,1.20000000E+03,2.40000000E+02,7.77004494E+06,1.63109167E+09
7.00000000E+00,1.00000000E+00,1.68681955E-02,1.39979852E+08,2.29738891E+02,4.75709371E-06,-0.00000000E+00,-0.00000000E+00,-1.54626927E-34,-2.83546151E-35,6.09152985E+08,8.71174543E+07,6.09224222E-02,8.71279285E-03,-6.09140406E+08,-8.71154441E+07,-8.25196776E+02,-1.69442890E+02,-0.00000000E+00,-0.00000000E+00,2.38068714E-39,3.66738603E-40,-0.00000000E+00,-0.00000000E+00,2.38068715E-39,3.66738607E-40,-1.52060531E+04,-2.39965456E+03,-2.48499403E+00,-4.39295163E-01,1.52061960E+03,2.39967711E+02,1.44000000E+03,2.40000000E+02,7.77003663E+06,1.63109167E+09
8.00000000E+00,1.00000000E+00,1.72175279E-02,1.39979702E+08,2.29671052E+02,3.50949121E-06,-0.00000000E+00,-0.00000000E+00,-1.82976706E-34,-2.83462418E-35,6.96301198E+08,8.71482133E+07,6.96383006E-02,8.71587846E-03,-6.96286609E+08,-8.71462033E+07,-9.94678319E+02,-1.69463721E+02,-0.00000000E+00,-0.00000000E+00,2.74736061E-39,3.66634076E-40,-0.00000000E+00,-0.00000000E+00,2.74736062E-39,3.66634079E-40,-1.76057051E+04,-2.39965198E+03,-2.92420092E+00,-4.39155870E-01,1.76058705E+03,2.39967453E+02,1.68000000E+03,2.40000000E+02,7.77002831E+06,1.63109167E+09
9.00000000E+00,1.00000000E+00,1.75666905E-02,1.39979552E+08,2.29603237E+02,2.58908599E-06,-0.00000000E+00,-0.00000000E+00,-2.11318114E-34,-2.83378715E-35,7.83480162E+08,8.71789635E+07,7.83572638E-02,8.71896321E-03,-7.83463563E+08,-8.71769538E+07,-1.16418070E+03,-1.69484544E+02,-0.00000000E+00,-0.00000000E+00,3.11392998E-39,3.66530245E-40,-0.00000000E+00,-0.00000000E+00,3.11392999E-39,3.66530248E-40,-2.00053544E+04,-2.39964939E+03,-3.36326853E+00,-4.39016633E-01,2.00055425E+03,2.39967194E+02,1.92000000E+03,2.40000000E+02,7.77001997E+06,1.63109167E+09
1.00000000E+01,1.00000000E+00,1.79156835E-02,1.39979401E+08,2.29535446E+02,1.91006724E-06,-0.00000000E+00,-0.00000000E+00,-2.39651154E-34,-2.83295042E-35,8.70689867E+08,8.72097051E+07,8.70793110E-02,8.72204712E-03,-8.70671258E+08,-8.72076956E+07,-1.33370390E+03,-1.69505360E+02,-0.00000000E+00,-0.00000000E+00,3.48039594E-39,3.66427105E-40,-0.00000000E+00,-0.00000000E+00,3.48039596E-39,3.66427108E-40,-2.24050012E+04,-2.39964680E+03,-3.80219691E+00,-4.38877453E-01,2.24052118E+03,2.39966935E+02,2.16000000E+03,2.40000000E+02,7.77001162E+06,1.63109167E+09
1.10000000E+01,1.00000000E+00,1.82645069E-02,1.39979251E+08,2.29467680E+02,1.40912886E-06,-0.00000000E+00,-0.00000000E+00,-2.67975828E-34,-2.83211399E-35,9.57930305E+08,8.72404381E+07,9.58044412E-02,8.72513020E-03,-9.57909687E+08,-8.72384289E+07,-1.50324792E+03,-1.69526168E+02,-0.00000000E+00,-0.00000000E+00,3.84675919E-39,3.66324647E-40,-0.00000000E+00,-0.00000000E+00,3.84675921E-39,3.66324650E-40,-2.48046454E+04,-2.39964420E+03,-4.24098614E+00,-4.38738330E-01,2.48048786E+03,2.39966676E+02,2.40000000E+03,2.40000000E+02,7.77000326E+06,1.63109167E+09
1.20000000E+01,1.00000000E+00,1.86131608E-02,1.39979100E+08,2.29399938E+02,1.03956737E-06,-0.00000000E+00,-0.00000000E+00,-2.96292139E-34,-2.83127786E-35,1.04520147E+09,8.72711626E+07,1.04532654E-01,8.72821245E-03,-1.04517884E+09,-8.72691537E+07,-1.67281275E+03,-1.69546969E+02,-0.00000000E+00,-0.00000000E+00,4.21302040E-39,3.66222866E-40,-0.00000000E+00,-0.00000000E+00,4.21302042E-39,3.66222868E-40,-2.72042870E+04,-2.39964160E+03,-4.67963626E+00,-4.38599262E-01,2.72045427E+03,2.39966415E+02,2.64000000E+03,2.40000000E+02,7.76999488E+06,1.63109167E+09
1.30000000E+01,1.00000000E+00,1.89616456E-02,1.39978948E+08,2.29332220E+02,7.66927750E-07,-0.00000000E+00,-0.00000000E+00,-3.24600090E-34,-2.83044203E-35,1.13250335E+09,8.73018787E+07,1.13263947E-01,8.73129388E-03,-1.13247871E+09,-8.72998700E+07,-1.84239839E+03,-1.69567762E+02,-0.00000000E+00,-0.00000000E+00,4.57918024E-39,3.66121754E-40,-0.00000000E+00,-0.00000000E+00,4.57918027E-39,3.66121756E-40,-2.96039260E+04,-2.39963899E+03,-5.11814733E+00,-4.38460251E-01,2.96042043E+03,2.39966154E+02,2.88000000E+03,2.40000000E+02,7.76998649E+06,1.63109167E+09
1.40000000E+01,1.00000000E+00,1.93099613E-02,1.39978797E+08,2.29264527E+02,5.65791153E-07,-0.00000000E+00,-0.00000000E+00,-3.52899685E-34,-2.82960650E-35,1.21983593E+09,8.73325865E+07,1.21998322E-01,8.73437450E-03,-1.21980929E+09,-8.73305781E+07,-2.01200482E+03,-1.69588548E+02,-0.00000000E+00,-0.00000000E+00,4.94523939E-39,3.66021304E-40,-0.00000000E+00,-0.00000000E+00,4.94523941E-39,3.66021306E-40,-3.20035624E+04,-2.39963638E+03,-5.55651941E+00,-4.38321297E-01,3.20038632E+03,2.39965893E+02,3.12000000E+03,2.40000000E+02,7.76997808E+06,1.63109167E+09
1.50000000E+01,1.00000000E+00,1.96581079E-02,1.39978645E+08,2.29196857E+02,4.17405094E-07,-0.00000000E+00,-0.00000000E+00,-3.81190927E-34,-2.82877127E-35,1.30719922E+09,8.73632861E+07,1.30735776E-01,8.73745433E-03,-1.30717057E+09,-8.73612780E+07,-2.18163204E+03,-1.69609326E+02,-0.00000000E+00,-0.00000000E+00,5.31119848E-39,3.65921510E-40,-0.00000000E+00,-0.00000000E+00,5.31119851E-39,3.65921512E-40,-3.44031962E+04,-2.39963376E+03,-5.99475254E+00,-4.38182398E-01,3.44035195E+03,2.39965631E+02,3.36000000E+03,2.40000000E+02,7.76996966E+06,1.63109167E+09
1.60000000E+01,1.00000000E+00,2.00060856E-02,1.39978493E+08,2.29129213E+02,3.07935128E-07,-0.00000000E+00,-0.00000000E+00,-4.09473818E-34,-2.82793634E-35,1.39459320E+09,8.73939776E+07,1.39476310E-01,8.74053336E-03,-1.39456254E+09,-8.73919697E+07,-2.35128004E+03,-1.69630097E+02,-0.00000000E+00,-0.00000000E+00,5.67705819E-39,3.65822364E-40,-0.00000000E+00,-0.00000000E+00,5.67705822E-39,3.65822366E-40,-3.68028273E+04,-2.39963113E+03,-6.43284680E+00,-4.38043556E-01,3.68031732E+03,2.39965368E+02,3.60000000E+03,2.40000000E+02,7.76996123E+06,1.63109167E+09
1.70000000E+01,1.00000000E+00,2.03538944E-02,1.39978341E+08,2.29061592E+02,2.27175047E-07,-0.00000000E+00,-0.00000000E+00,-4.37748361E-34,-2.82710171E-35,1.48201786E+09,8.74246610E+07,1.48219921E-01,8.74361161E-03,-1.48198519E+09,-8.74226533E+07,-2.52094882E+03,-1.69650860E+02,-0.00000000E+00,-0.00000000E+00,6.04281914E-39,3.65723861E-40,-0.00000000E+00,-0.00000000E+00,6.04281918E-39,3.65723863E-40,-3.92024558E+04,-2.39962850E+03,-6.87080223E+00,-4.37904770E-01,3.92028242E+03,2.39965105E+02,3.84000000E+03,2.40000000E+02,7.76995278E+06,1.63109167E+09
1.80000000E+01,1.00000000E+00,2.07015344E-02,1.39978189E+08,2.28993996E+02,1.67595335E-07,-0.00000000E+00,-0.00000000E+00,-4.66014560E-34,-2.82626737E-35,1.56947319E+09,8.74553364E+07,1.56966610E-01,8.74668908E-03,-1.56943852E+09,-8.74533290E+07,-2.69063836E+03,-1.69671616E+02,-0.00000000E+00,-0.00000000E+00,6.40848199E-39,3.65625994E-40,-0.00000000E+00,-0.00000000E+00,6.40848203E-39,3.65625996E-40,-4.16020817E+04,-2.39962586E+03,-7.30861889E+00,-4.37766040E-01,4.16024727E+03,2.39964841E+02,4.08000000E+03,2.40000000E+02,7.76994432E+06,1.63109167E+09
1.90000000E+01,1.00000000E+00,2.10490059E-02,1.39978036E+08,2.28926424E+02,1.23641179E-07,-0.00000000E+00,-0.00000000E+00,-4.94272417E-34,-2.82543334E-35,1.65695920E+09,8.74860039E+07,1.65716376E-01,8.74976579E-03,-1.65692252E+09,-8.74839968E+07,-2.86034866E+03,-1.69692364E+02,-0.00000000E+00,-0.00000000E+00,6.77404736E-39,3.65528756E-40,-0.00000000E+00,-0.00000000E+00,6.77404740E-39,3.65528758E-40,-4.40017049E+04,-2.39962322E+03,-7.74629684E+00,-4.37627367E-01,4.40021184E+03,2.39964577E+02,4.32000000E+03,2.40000000E+02,7.76993584E+06,1.63109167E+09
2.00000000E+01,1.00000000E+00,2.13963088E-02,1.39977883E+08,2.28858876E+02,9.12145805E-08,-0.00000000E+00,-0.00000000E+00,-5.22521936E-34,-2.82459961E-35,1.74447586E+09,8.75166636E+07,1.74469218E-01,8.75284173E-03,-1.74443717E+09,-8.75146568E+07,-3.03007971E+03,-1.69713105E+02,-0.00000000E+00,-0.00000000E+00,7.13951588E-39,3.65432141E-40,-0.00000000E+00,-0.00000000E+00,7.13951592E-39,3.65432143E-40,-4.64013254E+04,-2.39962057E+03,-8.18383614E+00,-4.37488749E-01,4.64017615E+03,2.39964312E+02,4.56000000E+03,2.40000000E+02,7.76992735E+06,1.63109167E+09
2.10000000E+01,1.00000000E+00,2.17434434E-02,1.39977730E+08,2.28791352E+02,6.72922913E-08,-0.00000000E+00,-0.00000000E+00,-5.50763119E-34,-2.82376617E-35,1.83202318E+09,8.75473156E+07,1.83225135E-01,8.75591693E-03,-1.83198248E+09,-8.75453090E+07,-3.19983150E+03,-1.69733838E+02,-0.00000000E+00,-0.00000000E+00,7.50488816E-39,3.65336144E-40,-0.00000000E+00,-0.00000000E+00,7.50488821E-39,3.65336146E-40,-4.88009434E+04,-2.39961792E+03,-8.62123683E+00,-4.37350188E-01,4.88014020E+03,2.39964047E+02,4.80000000E+03,2.40000000E+02,7.76991885E+06,1.63109167E+09
2.20000000E+01,1.00000000E+00,2.20904096E-02,1.39977576E+08,2.28723853E+02,4.96439460E-08,-0.00000000E+00,-0.00000000E+00,-5.78995969E-34,-2.82293304E-35,1.91960114E+09,8.75779599E+07,1.91984126E-01,8.75899139E-03,-1.91955844E+09,-8.75759536E+07,-3.36960404E+03,-1.69754564E+02,-0.00000000E+00,-0.00000000E+00,7.87016483E-39,3.65240757E-40,-0.00000000E+00,-0.00000000E+00,7.87016487E-39,3.65240759E-40,-5.12005586E+04,-2.39961526E+03,-9.05849898E+00,-4.37211683E-01,5.12010398E+03,2.39963781E+02,5.04000000E+03,2.40000000E+02,7.76991033E+06,1.63109167E+09
2.30000000E+01,1.00000000E+00,2.24372077E-02,1.39977423E+08,2.28656377E+02,3.66241206E-08,-0.00000000E+00,-0.00000000E+00,-6.07220490E-34,-2.82210020E-35,2.00720973E+09,8.76085967E+07,2.00746191E-01,8.76206511E-03,-2.00716503E+09,-8.76065906E+07,-3.53939730E+03,-1.69775283E+02,-0.00000000E+00,-0.00000000E+00,8.23534648E-39,3.65145974E-40,-0.00000000E+00,-0.00000000E+00,8.23534653E-39,3.65145976E-40,-5.36001712E+04,-2.39961259E+03,-9.49562264E+00,-4.37073234E-01,5.36006750E+03,2.39963514E+02,5.28000000E+03,2.40000000E+02,7.76990180E+06,1.63109167E+09
2.40000000E+01,1.00000000E+00,2.27838378E-02,1.39977269E+08,2.28588926E+02,2.70189242E-08,-0.00000000E+00,-0.00000000E+00,-6.35436684E-34,-2.82126766E-35,2.09484896E+09,8.76392260E+07,2.09511329E-01,8.76513810E-03,-2.09480225E+09,-8.76372201E+07,-3.70921128E+03,-1.69795994E+02,-0.00000000E+00,-0.00000000E+00,8.60043373E-39,3.65051790E-40,-0.00000000E+00,-0.00000000E+00,8.60043377E-39,3.65051792E-40,-5.59997811E+04,-2.39960992E+03,-9.93260787E+00,-4.36934841E-01,5.60003074E+03,2.39963247E+02,5.52000000E+03,2.40000000E+02,7.76989325E+06,1.63109167E+09
2.50000000E+01,1.00000000E+00,2.31302998E-02,1.39977114E+08,2.28521500E+02,1.99328245E-08,-0.00000000E+00,-0.00000000E+00,-6.63644555E-34,-2.82043542E-35,2.18251881E+09,8.76698478E+07,2.18279540E-01,8.76821037E-03,-2.18247009E+09,-8.76678422E+07,-3.87904598E+03,-1.69816697E+02,-0.00000000E+00,-0.00000000E+00,8.96542715E-39,3.64958199E-40,-0.00000000E+00,-0.00000000E+00,8.96542720E-39,3.64958201E-40,-5.83993884E+04,-2.39960725E+03,-1.03694547E+01,-4.36796503E-01,5.83999372E+03,2.39962979E+02,5.76000000E+03,2.40000000E+02,7.76988469E+06,1.63109167E+09
2.60000000E+01,1.00000000E+00,2.34765941E-02,1.39976960E+08,2.28454097E+02,1.47051541E-08,-0.00000000E+00,-0.00000000E+00,-6.91844104E-34,-2.81960348E-35,2.27021927E+09,8.77004623E+07,2.27050822E-01,8.77128194E-03,-2.27016855E+09,-8.76984570E+07,-4.04890138E+03,-1.69837393E+02,-0.00000000E+00,-0.00000000E+00,9.33032735E-39,3.64865194E-40,-0.00000000E+00,-0.00000000E+00,9.33032740E-39,3.64865196E-40,-6.07989929E+04,-2.39960456E+03,-1.08061633E+01,-4.36658222E-01,6.07995643E+03,2.39962711E+02,6.00000000E+03,2.40000000E+02,7.76987612E+06,1.63109167E+09
2.70000000E+01,1.00000000E+00,2.38227206E-02,1.39976805E+08,2.28386719E+02,1.08485144E-08,-0.00000000E+00,-0.00000000E+00,-7.20035336E-34,-2.81877184E-35,2.35795034E+09,8.77310696E+07,2.35825174E-01,8.77435279E-03,-2.35789761E+09,-8.77290645E+07,-4.21877748E+03,-1.69858082E+02,-0.00000000E+00,-0.00000000E+00,9.69513490E-39,3.64772770E-40,-0.00000000E+00,-0.00000000E+00,9.69513495E-39,3.64772772E-40,-6.31985948E+04,-2.39960188E+03,-1.12427335E+01,-4.36519997E-01,6.31991888E+03,2.39962442E+02,6.24000000E+03,2.40000000E+02,7.76986753E+06,1.63109167E+09
2.80000000E+01,1.00000000E+00,2.41686796E-02,1.39976650E+08,2.28319364E+02,8.00333353E-09,-0.00000000E+00,-0.00000000E+00,-7.48218254E-34,-2.81794050E-35,2.44571201E+09,8.77616696E+07,2.44602597E-01,8.77742296E-03,-2.44565727E+09,-8.77596648E+07,-4.38867428E+03,-1.69878763E+02,-0.00000000E+00,-0.00000000E+00,1.00598504E-38,3.64680921E-40,-0.00000000E+00,-0.00000000E+00,1.00598504E-38,3.64680923E-40,-6.55981940E+04,-2.39959918E+03,-1.16791656E+01,-4.36381828E-01,6.55988105E+03,2.39962173E+02,6.48000000E+03,2.40000000E+02,7.76985893E+06,1.63109167E+09
2.90000000E+01,1.00000000E+00,2.45144710E-02,1.39976495E+08,2.28252034E+02,5.90434225E-09,-0.00000000E+00,-0.00000000E+00,-7.76392859E-34,-2.81710945E-35,2.53350427E+09,8.77922626E+07,2.53383090E-01,8.78049243E-03,-2.53344753E+09,-8.77902580E+07,-4.55859176E+03,-1.69899436E+02,-0.00000000E+00,-0.00000000E+00,1.04244744E-38,3.64589641E-40,-0.00000000E+00,-0.00000000E+00,1.04244744E-38,3.64589643E-40,-6.79977905E+04,-2.39959648E+03,-1.21154595E+01,-4.36243714E-01,6.79984295E+03,2.39961903E+02,6.72000000E+03,2.40000000E+02,7.76985031E+06,1.63109167E+09
3.00000000E+01,1.00000000E+00,2.48600950E-02,1.39976340E+08,2.28184728E+02,4.35584181E-09,-0.00000000E+00,-0.00000000E+00,-8.04559156E-34,-2.81627870E-35,2.62132712E+09,8.78228485E+07,2.62166651E-01,8.78356122E-03,-2.62126838E+09,-8.78208442E+07,-4.72852991E+03,-1.69920102E+02,-0.00000000E+00,-0.00000000E+00,1.07890074E-38,3.64498925E-40,-0.00000000E+00,-0.00000000E+00,1.07890075E-38,3.64498927E-40,-7.03973843E+04,-2.39959378E+03,-1.25516153E+01,-4.36105657E-01,7.03980458E+03,2.39961633E+02,6.96000000E+03,2.40000000E+02,7.76984168E+06,1.63109167E+09
3.10000000E+01,1.00000000E+00,2.52055518E-02,1.39976184E+08,2.28117446E+02,3.21345813E-09,-0.00000000E+00,-0.00000000E+00,-8.32717147E-34,-2.81544825E-35,2.70918055E+09,8.78534274E+07,2.70953280E-01,8.78662934E-03,-2.70911980E+09,-8.78514234E+07,-4.89848874E+03,-1.69940761E+02,-0.00000000E+00,-0.00000000E+00,1.11534501E-38,3.64408767E-40,-0.00000000E+00,-0.00000000E+00,1.11534502E-38,3.64408769E-40,-7.27969753E+04,-2.39959107E+03,-1.29876331E+01,-4.35967655E-01,7.27976595E+03,2.39961361E+02,7.20000000E+03,2.40000000E+02,7.76983304E+06,1.63109167E+09
3.20000000E+01,1.00000000E+00,2.55508414E-02,1.39976028E+08,2.28050188E+02,2.37068128E-09,-0.00000000E+00,-0.00000000E+00,-8.60866835E-34,-2.81461810E-35,2.79706455E+09,8.78839995E+07,2.79742977E-01,8.78969679E-03,-2.79700180E+09,-8.78819957E+07,-5.06846823E+03,-1.69961412E+02,-0.00000000E+00,-0.00000000E+00,1.15178030E-38,3.64319162E-40,-0.00000000E+00,-0.00000000E+00,1.15178031E-38,3.64319164E-40,-7.51965637E+04,-2.39958835E+03,-1.34235129E+01,-4.35829709E-01,7.51972704E+03,2.39961090E+02,7.44000000E+03,2.40000000E+02,7.76982438E+06,1.63109167E+09
3.30000000E+01,1.00000000E+00,2.58959640E-02,1.39975872E+08,2.27982955E+02,1.74893502E-09,-0.00000000E+00,-0.00000000E+00,-8.89008224E-34,-2.81378824E-35,2.88497911E+09,8.79145647E+07,2.88535741E-01,8.79276358E-03,-2.88491436E+09,-8.79125611E+07,-5.23846837E+03,-1.69982056E+02,-0.00000000E+00,-0.00000000E+00,1.18820666E-38,3.64230103E-40,-0.00000000E+00,-0.00000000E+00,1.18820667E-38,3.64230106E-40,-7.75961493E+04,-2.39958563E+03,-1.38592547E+01,-4.35691819E-01,7.75968785E+03,2.39960818E+02,7.68000000E+03,2.40000000E+02,7.76981570E+06,1.63109167E+09
3.40000000E+01,1.00000000E+00,2.62409196E-02,1.39975715E+08,2.27915745E+02,1.29025089E-09,-0.00000000E+00,-0.00000000E+00,-9.17141315E-34,-2.81295868E-35,2.97292423E+09,8.79451232E+07,2.97331571E-01,8.79582972E-03,-2.97285748E+09,-8.79431199E+07,-5.40848916E+03,-1.70002693E+02,-0.00000000E+00,-0.00000000E+00,1.22462415E-38,3.64141587E-40,-0.00000000E+00,-0.00000000E+00,1.22462415E-38,3.64141589E-40,-7.99957322E+04,-2.39958290E+03,-1.42948587E+01,-4.35553984E-01,7.99964840E+03,2.39960545E+02,7.92000000E+03,2.40000000E+02,7.76980702E+06,1.63109167E+09
3.50000000E+01,1.00000000E+00,2.65857084E-02,1.39975558E+08,2.27848559E+02,9.51863446E-10,-0.00000000E+00,-0.00000000E+00,-9.45266113E-34,-2.81212942E-35,3.06089991E+09,8.79756750E+07,3.06130466E-01,8.79889521E-03,-3.06083115E+09,-8.79736719E+07,-5.57853059E+03,-1.70023322E+02,-0.00000000E+00,-0.00000000E+00,1.26103282E-38,3.64053606E-40,-0.00000000E+00,-0.00000000E+00,1.26103282E-38,3.64053609E-40,-8.23953124E+04,-2.39958017E+03,-1.47303249E+01,-4.35416205E-01,8.23960867E+03,2.39960271E+02,8.16000000E+03,2.40000000E+02,7.76979832E+06,1.63109167E+09
3.60000000E+01,1.00000000E+00,2.69303305E-02,1.39975401E+08,2.27781398E+02,7.02223127E-10,-0.00000000E+00,-0.00000000E+00,-9.73382619E-34,-2.81130046E-35,3.14890613E+09,8.80062202E+07,3.14932426E-01,8.80196007E-03,-3.14883537E+09,-8.80042174E+07,-5.74859266E+03,-1.70043943E+02,-0.00000000E+00,-0.00000000E+00,1.29743272E-38,3.63966157E-40,-0.00000000E+00,-0.00000000E+00,1.29743273E-38,3.63966160E-40,-8.47948898E+04,-2.39957743E+03,-1.51656533E+01,-4.35278482E-01,8.47956867E+03,2.39959998E+02,8.40000000E+03,2.40000000E+02,7.76978960E+06,1.63109167E+09
3.70000000E+01,1.00000000E+00,2.72747860E-02,1.39975244E+08,2.27714261E+02,5.18054689E-10,-0.00000000E+00,-0.00000000E+00,-1.00149084E-33,-2.81047179E-35,3.23694289E+09,8.80367588E+07,3.23737450E-01,8.80502430E-03,-3.23687012E+09,-8.80347563E+07,-5.91867534E+03,-1.70064557E+02,-0.00000000E+00,-0.00000000E+00,1.33382391E-38,3.63879234E-40,-0.00000000E+00,-0.00000000E+00,1.33382392E-38,3.63879237E-40,-8.71944645E+04,-2.39957469E+03,-1.56008440E+01,-4.35140815E-01,8.71952839E+03,2.39959723E+02,8.64000000E+03,2.40000000E+02,7.76978088E+06,1.63109167E+09
3.80000000E+01,1.00000000E+00,2.76190749E-02,1.39975087E+08,2.27647147E+02,3.82187162E-10,-0.00000000E+00,-0.00000000E+00,-1.02959077E-33,-2.80964342E-35,3.32501018E+09,8.80672910E+07,3.32545538E-01,8.80808790E-03,-3.32493541E+09,-8.80652887E+07,-6.08877865E+03,-1.70085164E+02,-0.00000000E+00,-0.00000000E+00,1.37020645E-38,3.63792832E-40,-0.00000000E+00,-0.00000000E+00,1.37020645E-38,3.63792834E-40,-8.95940364E+04,-2.39957194E+03,-1.60358970E+01,-4.35003203E-01,8.95948784E+03,2.39959448E+02,8.88000000E+03,2.40000000E+02,7.76977213E+06,1.63109167E+09
3.90000000E+01,1.00000000E+00,2.79631975E-02,1.39974929E+08,2.27580058E+02,2.81952917E-10,-0.00000000E+00,-0.00000000E+00,-1.05768242E-33,-2.80881534E-35,3.41310800E+09,8.80978168E+07,3.41356689E-01,8.81115088E-03,-3.41303123E+09,-8.80958147E+07,-6.25890257E+03,-1.70105763E+02,-0.00000000E+00,-0.00000000E+00,1.40658037E-38,3.63706946E-40,-0.00000000E+00,-0.00000000E+00,1.40658038E-38,3.63706948E-40,-9.19936056E+04,-2.39956918E+03,-1.64708125E+01,-4.34865646E-01,9.19944701E+03,2.39959173E+02,9.12000000E+03,2.40000000E+02,7.76976338E+06,1.63109167E+09
4.00000000E+01,1.00000000E+00,2.83071538E-02,1.39974771E+08,2.27512993E+02,2.08006595E-10,-0.00000000E+00,-0.00000000E+00,-1.08576580E-33,-2.80798757E-35,3.50123633E+09,8.81283362E+07,3.50170902E-01,8.81421325E-03,-3.50115756E+09,-8.81263344E+07,-6.42904709E+03,-1.70126355E+02,-0.00000000E+00,-0.00000000E+00,1.44294574E-38,3.63621570E-40,-0.00000000E+00,-0.00000000E+00,1.44294575E-38,3.63621572E-40,-9.43931720E+04,-2.39956642E+03,-1.69055904E+01,-4.34728146E-01,9.43940591E+03,2.39958896E+02,9.36000000E+03,2.40000000E+02,7.76975461E+06,1.63109167E+09
4.10000000E+01,1.00000000E+00,2.86509440E-02,1.39974613E+08,2.27445951E+02,1.53453796E-10,-0.00000000E+00,-0.00000000E+00,-1.11384089E-33,-2.80716009E-35,3.58939518E+09,8.81588494E+07,3.58988177E-01,8.81727502E-03,-3.58931441E+09,-8.81568479E+07,-6.59921220E+03,-1.70146940E+02,-0.00000000E+00,-0.00000000E+00,1.47930260E-38,3.63536700E-40,-0.00000000E+00,-0.00000000E+00,1.47930261E-38,3.63536702E-40,-9.67927357E+04,-2.39956365E+03,-1.73402308E+01,-4.34590701E-01,9.67936453E+03,2.39958620E+02,9.60000000E+03,2.40000000E+02,7.76974582E+06,1.63109167E+09
4.20000000E+01,1.00000000E+00,2.89945681E-02,1.39974454E+08,2.27378934E+02,1.13208281E-10,-0.00000000E+00,-0.00000000E+00,-1.14190772E-33,-2.80633290E-35,3.67758454E+09,8.81893564E+07,3.67808513E-01,8.82033619E-03,-3.67750176E+09,-8.81873551E+07,-6.76939791E+03,-1.70167517E+02,-0.00000000E+00,-0.00000000E+00,1.51565100E-38,3.63452331E-40,-0.00000000E+00,-0.00000000E+00,1.51565101E-38,3.63452332E-40,-9.91922966E+04,-2.39956088E+03,-1.77747338E+01,-4.34453311E-01,9.91932287E+03,2.39958342E+02,9.84000000E+03,2.40000000E+02,7.76973702E+06,1.63109167E+09
4.30000000E+01,1.00000000E+00,2.93380263E-02,1.39974295E+08,2.27311941E+02,8.35177495E-11,-0.00000000E+00,-0.00000000E+00,-1.16996627E-33,-2.80550601E-35,3.76580440E+09,8.82198572E+07,3.76631910E-01,8.82339677E-03,-3.76571962E+09,-8.82178562E+07,-6.93960419E+03,-1.70188087E+02,-0.00000000E+00,-0.00000000E+00,1.55199100E-38,3.63368457E-40,-0.00000000E+00,-0.00000000E+00,1.55199101E-38,3.63368458E-40,-1.01591855E+05,-2.39955810E+03,-1.82090995E+01,-4.34315977E-01,1.01592809E+04,2.39958065E+02,1.00800000E+04,2.40000000E+02,7.76972821E+06,1.63109167E+09
4.40000000E+01,1.00000000E+00,2.72828680E-03,1.39974136E+08,2.27244965E+02,6.16135815E-11,-0.00000000E+00,-0.00000000E+00,-1.19801656E-33,-2.80467934E-35,3.85405475E+09,8.82503520E+07,3.85458367E-01,8.82645677E-03,-3.85396797E+09,-8.82483512E+07,-7.10983106E+03,-1.70208657E+02,-0.00000000E+00,-0.00000000E+00,1.58832264E-38,3.63285070E-40,-0.00000000E+00,-0.00000000E+00,1.58832265E-38,3.63285071E-40,-1.03991410E+05,-2.39955532E+03,-1.86433278E+01,-4.34178697E-01,1.03992387E+04,2.39957786E+02,1.03200000E+04,2.40000000E+02,7.76971939E+06,1.63109167E+09
4.50000000E+01,1.00000000E+00,3.08094460E-03,1.39973977E+08,2.27178019E+02,4.54541756E-11,-0.00000000E+00,-0.00000000E+00,-1.22605858E-33,-2.80385303E-35,3.94233559E+09,8.82808408E+07,3.94287883E-01,8.82951618E-03,-3.94224681E+09,-8.82788403E+07,-7.28007848E+03,-1.70229213E+02,-0.00000000E+00,-0.00000000E+00,1.62464598E-38,3.63202173E-40,-0.00000000E+00,-0.00000000E+00,1.62464599E-38,3.63202174E-40,-1.06390963E+05,-2.39955253E+03,-1.90774188E+01,-4.34041474E-01,1.06391962E+04,2.39957507E+02,1.05600000E+04,2.40000000E+02,7.76971055E+06,1.63109167E+09
4.60000000E+01,1.00000000E+00,3.43343219E-03,1.39973818E+08,2.27111097E+02,3.35328743E-11,-0.00000000E+00,-0.00000000E+00,-1.25409234E-33,-2.80302702E-35,4.03064691E+09,8.83113236E+07,4.03120458E-01,8.83257503E-03,-4.03055613E+09,-8.83093233E+07,-7.45034647E+03,-1.70249761E+02,-0.00000000E+00,-0.00000000E+00,1.66096105E-38,3.63119758E-40,-0.00000000E+00,-0.00000000E+00,1.66096106E-38,3.63119759E-40,-1.08790512E+05,-2.39954974E+03,-1.95113727E+01,-4.33904305E-01,1.08791535E+04,2.39957228E+02,1.08000000E+04,2.40000000E+02,7.76970169E+06,1.63109167E+09
4.70000000E+01,1.00000000E+00,3.78574969E-03,1.39973658E+08,2.27044198E+02,2.47381630E-11,-0.00000000E+00,-0.00000000E+00,-1.28211784E-33,-2.80220131E-35,4.11898871E+09,8.83418005E+07,4.11956091E-01,8.83563331E-03,-4.11889593E+09,-8.83398005E+07,-7.62063500E+03,-1.70270302E+02,-0.00000000E+00,-0.00000000E+00,1.69726791E-38,3.63037820E-40,-0.00000000E+00,-0.00000000E+00,1.69726792E-38,3.63037821E-40,-1.11190059E+05,-2.39954694E+03,-1.99451894E+01,-4.33767193E-01,1.11191104E+04,2.39956948E+02,1.10400000E+04,2.40000000E+02,7.76969282E+06,1.63109167E+09
4.80000000E+01,1.00000000E+00,4.13789720E-03,1.39973498E+08,2.26977324E+02,1.82500387E-11,-0.00000000E+00,-0.00000000E+00,-1.31013509E-33,-2.80137589E-35,4.20736098E+09,8.83722717E+07,4.20794782E-01,8.83869104E-03,-4.20726621E+09,-8.83702719E+07,-7.79094408E+03,-1.70290836E+02,-0.00000000E+00,-0.00000000E+00,1.73356661E-38,3.62956355E-40,-0.00000000E+00,-0.00000000E+00,1.73356662E-38,3.62956356E-40,-1.13589603E+05,-2.39954413E+03,-2.03788690E+01,-4.33630135E-01,1.13590671E+04,2.39956667E+02,1.12800000E+04,2.40000000E+02,7.76968394E+06,1.63109167E+09
4.90000000E+01,1.00000000E+00,4.48987485E-03,1.39973338E+08,2.26910474E+02,1.34635569E-11,-0.00000000E+00,-0.00000000E+00,-1.33814408E-33,-2.80055076E-35,4.29576372E+09,8.84027371E+07,4.29636531E-01,8.84174821E-03,-4.29566694E+09,-8.84007376E+07,-7.96127370E+03,-1.70311362E+02,-0.00000000E+00,-0.00000000E+00,1.76985719E-38,3.62875358E-40,-0.00000000E+00,-0.00000000E+00,1.76985720E-38,3.62875359E-40,-1.15989145E+05,-2.39954132E+03,-2.08124115E+01,-4.33493133E-01,1.15990235E+04,2.39956386E+02,1.15200000E+04,2.40000000E+02,7.76967505E+06,1.63109167E+09
5.00000000E+01,1.00000000E+00,4.84168273E-03,1.39973177E+08,2.26843647E+02,9.93243017E-12,-0.00000000E+00,-0.00000000E+00,-1.36614483E-33,-2.79972593E-35,4.38419692E+09,8.84331968E+07,4.38481335E-01,8.84480483E-03,-4.38409814E+09,-8.84311975E+07,-8.13162385E+03,-1.70331881E+02,-0.00000000E+00,-0.00000000E+00,1.80613970E-38,3.62794824E-40,-0.00000000E+00,-0.00000000E+00,1.80613971E-38,3.62794825E-40,-1.18388683E+05,-2.39953850E+03,-2.12458171E+01,-4.33356186E-01,1.18389796E+04,2.39956104E+02,1.17600000E+04,2.40000000E+02,7.76966614E+06,1.63109167E+09
