Time [d],dt_flow [d],dt_tran [d],Global Water Mass [kg],Global Vaq [mol],Top Water Mass [kg],Top Water Mass [kg/d],Top Vaq [mol],Top Vaq [mol/d],Right Water Mass [kg],Right Water Mass [kg/d],Right Vaq [mol],Right Vaq [mol/d],Left Water Mass [kg],Left Water Mass [kg/d],Left Vaq [mol],Left Vaq [mol/d],North Water Mass [kg],North Water Mass [kg/d],North Vaq [mol],North Vaq [mol/d],South Water Mass [kg],South Water Mass [kg/d],South Vaq [mol],South Vaq [mol/d],ExtractWell Water Mass [kg],ExtractWell Water Mass [kg/d],ExtractWell Vaq [mol],ExtractWell Vaq [mol/d],InjectWell Water Mass [kg],InjectWell Water Mass [kg/d],InjectWell Vaq [mol],InjectWell Vaq [mol/d],Region Region__all Water Mass [kg],Region Region__all Total Mass [kg]
1.00000000E+00,4.89000000E-01,4.89000000E-01,1.39977705E+08,1.40000000E-02,-0.00000000E+00,-0.00000000E+00,5.10794081E-18,6.95014912E-18,1.45128610E+04,2.20225891E+04,1.45151593E-06,2.20260835E-06,1.57897681E+04,2.39601867E+04,1.57922698E-06,2.39639897E-06,-0.00000000E+00,-0.00000000E+00,-6.09396182E-19,-7.46830685E-19,-0.00000000E+00,-0.00000000E+00,9.07673209E-19,1.19406737E-18,-3.36695372E+04,-5.10918621E+04,-3.36749000E-06,-5.10999999E-06,3.36684851E+03,5.10902658E+03,3.36749000E-07,5.11000000E-07,7.76991745E+06,1.40000000E-02
2.00000000E+00,4.88000000E-01,2.32000000E-01,1.39977705E+08,9.99998546E+03,-0.00000000E+00,-0.00000000E+00,-2.85388777E-02,-4.12589029E-02,5.76099344E+04,4.30971009E+04,5.76190838E-06,4.31039520E-06,6.26786184E+04,4.68888785E+04,6.26885751E-06,4.68963335E-06,-0.00000000E+00,-0.00000000E+00,-1.17410864E-18,-5.46402119E-19,-0.00000000E+00,-0.00000000E+00,2.28215385E-18,1.39202939E-18,-1.33653612E+05,-9.99840745E+04,-1.47021994E-05,-1.25703672E-05,1.33649436E+04,9.99809506E+03,1.00000000E+04,1.00000000E+04,7.76991745E+06,9.99998546E+03
3.00000000E+00,1.00000000E+00,4.88000000E-01,1.39977705E+08,1.99999137E+04,-0.00000000E+00,-0.00000000E+00,-1.00319229E-01,-8.18990720E-02,1.00707035E+05,4.30971009E+04,1.00723036E-05,4.31039520E-06,1.09567497E+05,4.68888785E+04,1.09584909E-05,4.68963335E-06,-0.00000000E+00,-0.00000000E+00,-1.67679527E-18,-4.88308081E-19,-0.00000000E+00,-0.00000000E+00,3.71604730E-18,1.44765551E-18,-2.33637686E+05,-9.99840745E+04,-5.10976838E-05,-5.02397847E-05,2.33630386E+04,9.99809506E+03,2.00000000E+04,1.00000000E+04,7.76991745E+06,1.99999137E+04
4.00000000E+00,1.00000000E+00,1.00000000E+00,1.39977705E+08,2.99997915E+04,-0.00000000E+00,-0.00000000E+00,-2.22175032E-01,-1.21855803E-01,1.43804136E+05,4.30971009E+04,1.43826988E-05,4.31039520E-06,1.56456375E+05,4.68888785E+04,1.56481242E-05,4.68963335E-06,-0.00000000E+00,-0.00000000E+00,-2.11461660E-18,-4.37821330E-19,-0.00000000E+00,-0.00000000E+00,5.21172421E-18,1.49567691E-18,-3.33621761E+05,-9.99840745E+04,-4.55742432E-04,-4.04644748E-04,3.33611337E+04,9.99809506E+03,3.00000000E+04,1.00000000E+04,7.76991745E+06,2.99997915E+04
5.00000000E+00,1.00000000E+00,1.00000000E+00,1.39977705E+08,3.99996287E+04,-0.00000000E+00,-0.00000000E+00,-3.83471339E-01,-1.61296306E-01,1.86901237E+05,4.30971009E+04,1.86930940E-05,4.31039520E-06,2.03345254E+05,4.68888785E+04,2.03377576E-05,4.68963335E-06,-0.00000000E+00,-0.00000000E+00,-2.51724598E-18,-4.02629384E-19,-0.00000000E+00,-0.00000000E+00,6.74012967E-18,1.52840546E-18,-4.33605835E+05,-9.99840745E+04,-1.95649961E-03,-1.50075717E-03,4.33592288E+04,9.99809506E+03,4.00000000E+04,1.00000000E+04,7.76991745E+06,3.99996287E+04
6.00000000E+00,1.00000000E+00,1.00000000E+00,1.39977705E+08,4.99994245E+04,-0.00000000E+00,-0.00000000E+00,-5.83715804E-01,-2.00244465E-01,2.29998338E+05,4.30971009E+04,2.30034892E-05,4.31039520E-06,2.50234132E+05,4.68888785E+04,2.50273909E-05,4.68963335E-06,-0.00000000E+00,-0.00000000E+00,-2.91226619E-18,-3.95020209E-19,-0.00000000E+00,-0.00000000E+00,8.27368284E-18,1.53355317E-18,-5.33589910E+05,-9.99840745E+04,-6.01806114E-03,-4.06156153E-03,5.33573238E+04,9.99809506E+03,5.00000000E+04,1.00000000E+04,7.76991745E+06,4.99994245E+04
7.00000000E+00,1.00000000E+00,1.00000000E+00,1.39977705E+08,5.99991767E+04,-0.00000000E+00,-0.00000000E+00,-8.22438676E-01,-2.38722871E-01,2.73095439E+05,4.30971009E+04,2.73138844E-05,4.31039520E-06,2.97123011E+05,4.68888785E+04,2.97170243E-05,4.68963335E-06,-0.00000000E+00,-0.00000000E+00,-3.34424528E-18,-4.31979086E-19,-0.00000000E+00,-0.00000000E+00,9.76781761E-18,1.49413478E-18,-6.33573984E+05,-9.99840745E+04,-1.51663570E-02,-9.14829588E-03,6.33554189E+04,9.99809506E+03,6.00000000E+04,1.00000000E+04,7.76991745E+06,5.99991767E+04
8.00000000E+00,1.00000000E+00,1.00000000E+00,1.39977705E+08,6.99988817E+04,-0.00000000E+00,-0.00000000E+00,-1.09919157E+00,-2.76752897E-01,3.16192540E+05,4.30971009E+04,3.16242796E-05,4.31039520E-06,3.44011889E+05,4.68888785E+04,3.44066576E-05,4.68963335E-06,-0.00000000E+00,-0.00000000E+00,-3.88003030E-18,-5.35785024E-19,-0.00000000E+00,-0.00000000E+00,1.11556889E-17,1.38787124E-18,-7.33558059E+05,-9.99840745E+04,-3.33832594E-02,-1.82169024E-02,7.33535139E+04,9.99809506E+03,7.00000000E+04,1.00000000E+04,7.76991745E+06,6.99988817E+04
9.00000000E+00,1.00000000E+00,1.00000000E+00,1.39977705E+08,7.99985342E+04,-0.00000000E+00,-0.00000000E+00,-1.41354633E+00,-3.14354759E-01,3.59289641E+05,4.30971009E+04,3.59346748E-05,4.31039520E-06,3.90900768E+05,4.68888785E+04,3.90962910E-05,4.68963335E-06,-0.00000000E+00,-0.00000000E+00,-4.61459356E-18,-7.34563259E-19,-0.00000000E+00,-0.00000000E+00,1.23423262E-17,1.18663736E-18,-8.33542133E+05,-9.99840745E+04,-6.65422984E-02,-3.31590390E-02,8.33516090E+04,9.99809506E+03,8.00000000E+04,1.00000000E+04,7.76991745E+06,7.99985342E+04
1.00000000E+01,1.00000000E+00,1.00000000E+00,1.39977705E+08,8.99981263E+04,-0.00000000E+00,-0.00000000E+00,-1.76509392E+00,-3.51547586E-01,4.02386742E+05,4.30971009E+04,4.02450700E-05,4.31039520E-06,4.37789646E+05,4.68888785E+04,4.37859243E-05,4.68963335E-06,-0.00000000E+00,-0.00000000E+00,-5.67738971E-18,-1.06279615E-18,-0.00000000E+00,-0.00000000E+00,1.31982770E-17,8.55950746E-19,-9.33526208E+05,-9.99840745E+04,-1.22879924E-01,-5.63376257E-02,9.33497041E+04,9.99809506E+03,9.00000000E+04,1.00000000E+04,7.76991745E+06,8.99981263E+04
1.10000000E+01,1.00000000E+00,1.00000000E+00,1.39977705E+08,9.99976474E+04,-0.00000000E+00,-0.00000000E+00,-2.15344339E+00,-3.88349473E-01,4.45483843E+05,4.30971009E+04,4.45554652E-05,4.31039520E-06,4.84678525E+05,4.68888785E+04,4.84755577E-05,4.68963335E-06,-0.00000000E+00,-0.00000000E+00,-7.23918446E-18,-1.56179475E-18,-0.00000000E+00,-0.00000000E+00,1.35527774E-17,3.54500407E-19,-1.03351028E+06,-9.99840745E+04,-2.13492656E-01,-9.06127322E-02,1.03347799E+05,9.99809506E+03,1.00000000E+05,1.00000000E+04,7.76991745E+06,9.99976474E+04
1.20000000E+01,1.00000000E+00,1.00000000E+00,1.39977705E+08,1.09997083E+05,-0.00000000E+00,-0.00000000E+00,-2.57822093E+00,-4.24777537E-01,4.88580944E+05,4.30971009E+04,4.88658604E-05,4.31039520E-06,5.31567403E+05,4.68888785E+04,5.31651911E-05,4.68963335E-06,-0.00000000E+00,-0.00000000E+00,-9.51931763E-18,-2.28013317E-18,-0.00000000E+00,-0.00000000E+00,1.31864896E-17,-3.66287778E-19,-1.13349436E+06,-9.99840745E+04,-3.52851359E-01,-1.39358703E-01,1.13345894E+05,9.99809506E+03,1.10000000E+05,1.00000000E+04,7.76991745E+06,1.09997083E+05
1.30000000E+01,1.00000000E+00,1.00000000E+00,1.39977705E+08,1.19996416E+05,-0.00000000E+00,-0.00000000E+00,-3.03906890E+00,-4.60847970E-01,5.31678045E+05,4.30971009E+04,5.31762556E-05,4.31039520E-06,5.78456282E+05,4.68888785E+04,5.78548244E-05,4.68963335E-06,-0.00000000E+00,-0.00000000E+00,-1.27933656E-17,-3.27404792E-18,-0.00000000E+00,-0.00000000E+00,1.18238393E-17,-1.36265032E-18,-1.23347843E+06,-9.99840745E+04,-5.59324427E-01,-2.06473068E-01,1.23343989E+05,9.99809506E+03,1.20000000E+05,1.00000000E+04,7.76991745E+06,1.19996416E+05
1.40000000E+01,1.00000000E+00,1.00000000E+00,1.39977705E+08,1.29995623E+05,-0.00000000E+00,-0.00000000E+00,-3.53564499E+00,-4.96576091E-01,5.74775146E+05,4.30971009E+04,5.74866508E-05,4.31039520E-06,6.25345160E+05,4.68888785E+04,6.25444578E-05,4.68963335E-06,-0.00000000E+00,-0.00000000E+00,-1.74011699E-17,-4.60780439E-18,-0.00000000E+00,-0.00000000E+00,9.12498662E-18,-2.69885264E-18,-1.33346251E+06,-9.99840745E+04,-8.55702326E-01,-2.96377899E-01,1.33342084E+05,9.99809506E+03,1.30000000E+05,1.00000000E+04,7.76991745E+06,1.29995623E+05
1.50000000E+01,1.00000000E+00,1.00000000E+00,1.39977705E+08,1.39994677E+05,-0.00000000E+00,-0.00000000E+00,-4.06762137E+00,-5.31976383E-01,6.17872247E+05,4.30971009E+04,6.17970460E-05,4.31039520E-06,6.72234039E+05,4.68888785E+04,6.72340911E-05,4.68963335E-06,-0.00000000E+00,-0.00000000E+00,-2.37552018E-17,-6.35403189E-18,-0.00000000E+00,-0.00000000E+00,4.67746260E-18,-4.44752402E-18,-1.43344658E+06,-9.99840745E+04,-1.26971665E+00,-4.14014325E-01,1.43340179E+05,9.99809506E+03,1.40000000E+05,1.00000000E+04,7.76991745E+06,1.39994677E+05
1.60000000E+01,1.00000000E+00,1.00000000E+00,1.39977705E+08,1.49993545E+05,-0.00000000E+00,-0.00000000E+00,-4.63468392E+00,-5.67062548E-01,6.60969348E+05,4.30971009E+04,6.61074412E-05,4.31039520E-06,7.19122917E+05,4.68888785E+04,7.19237245E-05,4.68963335E-06,-0.00000000E+00,-0.00000000E+00,-3.23492311E-17,-8.59402928E-18,-0.00000000E+00,-0.00000000E+00,-2.01250077E-18,-6.68996337E-18,-1.53343065E+06,-9.99840745E+04,-1.83454763E+00,-5.64830981E-01,1.53338274E+05,9.99809506E+03,1.50000000E+05,1.00000000E+04,7.76991745E+06,1.49993545E+05
1.70000000E+01,1.00000000E+00,1.00000000E+00,1.39977705E+08,1.59992189E+05,-0.00000000E+00,-0.00000000E+00,-5.23653146E+00,-6.01847539E-01,7.04066449E+05,4.30971009E+04,7.04178364E-05,4.31039520E-06,7.66011796E+05,4.68888785E+04,7.66133578E-05,4.68963335E-06,-0.00000000E+00,-0.00000000E+00,-4.37672740E-17,-1.14180429E-17,-0.00000000E+00,-0.00000000E+00,-1.15289178E-17,-9.51641700E-18,-1.63341473E+06,-9.99840745E+04,-2.58931525E+00,-7.54767618E-01,1.63336369E+05,9.99809506E+03,1.60000000E+05,1.00000000E+04,7.76991745E+06,1.59992189E+05
1.80000000E+01,1.00000000E+00,1.00000000E+00,1.39977705E+08,1.69990562E+05,-0.00000000E+00,-0.00000000E+00,-5.87287506E+00,-6.36343603E-01,7.47163550E+05,4.30971009E+04,7.47282316E-05,4.31039520E-06,8.12900674E+05,4.68888785E+04,8.13029912E-05,4.68963335E-06,-0.00000000E+00,-0.00000000E+00,-5.86927926E-17,-1.49255186E-17,-0.00000000E+00,-0.00000000E+00,-2.45552484E-17,-1.30263306E-17,-1.73339880E+06,-9.99840745E+04,-3.57954742E+00,-9.90232171E-01,1.73334465E+05,9.99809506E+03,1.70000000E+05,1.00000000E+04,7.76991745E+06,1.69990562E+05
1.90000000E+01,1.00000000E+00,1.00000000E+00,1.39977705E+08,1.79988614E+05,-0.00000000E+00,-0.00000000E+00,-6.54343738E+00,-6.70562314E-01,7.90260650E+05,4.30971009E+04,7.90386268E-05,4.31039520E-06,8.59789553E+05,4.68888785E+04,8.59926245E-05,4.68963335E-06,-0.00000000E+00,-0.00000000E+00,-7.79181209E-17,-1.92253282E-17,-0.00000000E+00,-0.00000000E+00,-4.18838247E-17,-1.73285763E-17,-1.83338288E+06,-9.99840745E+04,-4.85762461E+00,-1.27807719E+00,1.83332560E+05,9.99809506E+03,1.80000000E+05,1.00000000E+04,7.76991745E+06,1.79988614E+05
2.00000000E+01,1.00000000E+00,1.00000000E+00,1.39977705E+08,1.89986284E+05,-0.00000000E+00,-0.00000000E+00,-7.24795199E+00,-7.04514612E-01,8.33357751E+05,4.30971009E+04,8.33490220E-05,4.31039520E-06,9.06678431E+05,4.68888785E+04,9.06822579E-05,4.68963335E-06,-0.00000000E+00,-0.00000000E+00,-1.02354095E-16,-2.44359741E-17,-0.00000000E+00,-0.00000000E+00,-6.44254809E-17,-2.25416562E-17,-1.93336695E+06,-9.99840745E+04,-6.48319541E+00,-1.62557080E+00,1.93330655E+05,9.99809506E+03,1.90000000E+05,1.00000000E+04,7.76991745E+06,1.89986284E+05
2.10000000E+01,1.00000000E+00,1.00000000E+00,1.39977705E+08,1.99983505E+05,-0.00000000E+00,-0.00000000E+00,-7.98616282E+00,-7.38210833E-01,8.76454852E+05,4.30971009E+04,8.76594172E-05,4.31039520E-06,9.53567310E+05,4.68888785E+04,9.53718913E-05,4.68963335E-06,-0.00000000E+00,-0.00000000E+00,-1.33039865E-16,-3.06857702E-17,-0.00000000E+00,-0.00000000E+00,-9.32193653E-17,-2.87938844E-17,-2.03335103E+06,-9.99840745E+04,-8.52356117E+00,-2.04036576E+00,2.03328750E+05,9.99809506E+03,2.00000000E+05,1.00000000E+04,7.76991745E+06,1.99983505E+05
2.20000000E+01,1.00000000E+00,1.00000000E+00,1.39977705E+08,2.09980203E+05,-0.00000000E+00,-0.00000000E+00,-8.75782356E+00,-7.71660739E-01,9.19551953E+05,4.30971009E+04,9.19698124E-05,4.31039520E-06,1.00045619E+06,4.68888785E+04,1.00061525E-04,4.68963335E-06,-0.00000000E+00,-0.00000000E+00,-1.71152869E-16,-3.81130042E-17,-0.00000000E+00,-0.00000000E+00,-1.29442914E-16,-3.62235486E-17,-2.13333510E+06,-9.99840745E+04,-1.10540277E+01,-2.53046657E+00,2.13326845E+05,9.99809506E+03,2.10000000E+05,1.00000000E+04,7.76991745E+06,2.09980203E+05
2.30000000E+01,1.00000000E+00,1.00000000E+00,1.39977705E+08,2.19976294E+05,-0.00000000E+00,-0.00000000E+00,-9.56269711E+00,-8.04873549E-01,9.62649054E+05,4.30971009E+04,9.62802076E-05,4.31039520E-06,1.04734507E+06,4.68888785E+04,1.04751158E-04,4.68963335E-06,-0.00000000E+00,-0.00000000E+00,-2.18018948E-16,-4.68660789E-17,-0.00000000E+00,-0.00000000E+00,-1.74421965E-16,-4.49790514E-17,-2.23331918E+06,-9.99840745E+04,-1.41582229E+01,-3.10419516E+00,2.23324940E+05,9.99809506E+03,2.20000000E+05,1.00000000E+04,7.76991745E+06,2.19976294E+05
2.40000000E+01,1.00000000E+00,1.00000000E+00,1.39977705E+08,2.29971686E+05,-0.00000000E+00,-0.00000000E+00,-1.04005551E+01,-8.37857965E-01,1.00574616E+06,4.30971009E+04,1.00590603E-04,4.31039520E-06,1.09423395E+06,4.68888785E+04,1.09440791E-04,4.68963335E-06,-0.00000000E+00,-0.00000000E+00,-2.75122584E-16,-5.71036355E-17,-0.00000000E+00,-0.00000000E+00,-2.29641000E-16,-5.52190342E-17,-2.33330325E+06,-9.99840745E+04,-1.79283785E+01,-3.77015560E+00,2.33323035E+05,9.99809506E+03,2.30000000E+05,1.00000000E+04,7.76991745E+06,2.29971686E+05
2.50000000E+01,1.00000000E+00,1.00000000E+00,1.39977705E+08,2.39966278E+05,-0.00000000E+00,-0.00000000E+00,-1.12711773E+01,-8.70622199E-01,1.04884326E+06,4.30971009E+04,1.04900998E-04,4.31039520E-06,1.14112282E+06,4.68888785E+04,1.14130425E-04,4.68963335E-06,-0.00000000E+00,-0.00000000E+00,-3.44117244E-16,-6.89946604E-17,-0.00000000E+00,-0.00000000E+00,-2.96753483E-16,-6.71124834E-17,-2.43328733E+06,-9.99840745E+04,-2.24655768E+01,-4.53719827E+00,2.43321130E+05,9.99809506E+03,2.40000000E+05,1.00000000E+04,7.76991745E+06,2.39966278E+05
2.60000000E+01,1.00000000E+00,1.00000000E+00,1.39977705E+08,2.49959961E+05,-0.00000000E+00,-0.00000000E+00,-1.21743513E+01,-9.03173997E-01,1.09194036E+06,4.30971009E+04,1.09211393E-04,4.31039520E-06,1.18801170E+06,4.68888785E+04,1.18820058E-04,4.68963335E-06,-0.00000000E+00,-0.00000000E+00,-4.26835819E-16,-8.27185752E-17,-0.00000000E+00,-0.00000000E+00,-3.77592304E-16,-8.08388205E-17,-2.53327140E+06,-9.99840745E+04,-2.78799607E+01,-5.41438388E+00,2.53319225E+05,9.99809506E+03,2.50000000E+05,1.00000000E+04,7.76991745E+06,2.49959961E+05
2.70000000E+01,1.00000000E+00,1.00000000E+00,1.39977705E+08,2.59952614E+05,-0.00000000E+00,-0.00000000E+00,-1.31098719E+01,-9.35520664E-01,1.13503746E+06,4.30971009E+04,1.13521788E-04,4.31039520E-06,1.23490058E+06,4.68888785E+04,1.23509691E-04,4.68963335E-06,-0.00000000E+00,-0.00000000E+00,-5.25301131E-16,-9.84653114E-17,-0.00000000E+00,-0.00000000E+00,-4.74180281E-16,-9.65879771E-17,-2.63325547E+06,-9.99840745E+04,-3.42909083E+01,-6.41094769E+00,2.63317320E+05,9.99809506E+03,2.60000000E+05,1.00000000E+04,7.76991745E+06,2.59952614E+05
2.80000000E+01,1.00000000E+00,1.00000000E+00,1.39977705E+08,2.69944110E+05,-0.00000000E+00,-0.00000000E+00,-1.40775410E+01,-9.67669085E-01,1.17813456E+06,4.30971009E+04,1.17832184E-04,4.31039520E-06,1.28178946E+06,4.68888785E+04,1.28199325E-04,4.68963335E-06,-0.00000000E+00,-0.00000000E+00,-6.41736502E-16,-1.16435371E-16,-0.00000000E+00,-0.00000000E+00,-5.88740736E-16,-1.14560455E-16,-2.73323955E+06,-9.99840745E+04,-4.18271724E+01,-7.53626406E+00,2.73315415E+05,9.99809506E+03,2.70000000E+05,1.00000000E+04,7.76991745E+06,2.69944110E+05
2.90000000E+01,1.00000000E+00,1.00000000E+00,1.39977705E+08,2.79934311E+05,-0.00000000E+00,-0.00000000E+00,-1.50771668E+01,-9.99625747E-01,1.22123166E+06,4.30971009E+04,1.22142579E-04,4.31039520E-06,1.32867834E+06,4.68888785E+04,1.32888958E-04,4.68963335E-06,-0.00000000E+00,-0.00000000E+00,-7.78576376E-16,-1.36839874E-16,-0.00000000E+00,-0.00000000E+00,-7.23708111E-16,-1.34967375E-16,-2.83322362E+06,-9.99840745E+04,-5.06269843E+01,-8.79981185E+00,2.83313510E+05,9.99809506E+03,2.80000000E+05,1.00000000E+04,7.76991745E+06,2.79934311E+05
3.00000000E+01,1.00000000E+00,1.00000000E+00,1.39977705E+08,2.89923068E+05,-0.00000000E+00,-0.00000000E+00,-1.61085635E+01,-1.03139676E+00,1.26432876E+06,4.30971009E+04,1.26452974E-04,4.31039520E-06,1.37556722E+06,4.68888785E+04,1.37578591E-04,4.68963335E-06,-0.00000000E+00,-0.00000000E+00,-9.38476969E-16,-1.59900593E-16,-0.00000000E+00,-0.00000000E+00,-8.81738618E-16,-1.58030508E-16,-2.93320770E+06,-9.99840745E+04,-6.08381249E+01,-1.02111406E+01,2.93311605E+05,9.99809506E+03,2.90000000E+05,1.00000000E+04,7.76991745E+06,2.89923068E+05
3.10000000E+01,1.00000000E+00,1.00000000E+00,1.39977705E+08,2.99910225E+05,-0.00000000E+00,-0.00000000E+00,-1.71715514E+01,-1.06298787E+00,1.30742586E+06,4.30971009E+04,1.30763369E-04,4.31039520E-06,1.42245609E+06,4.68888785E+04,1.42268225E-04,4.68963335E-06,-0.00000000E+00,-0.00000000E+00,-1.12432694E-15,-1.85849973E-16,-0.00000000E+00,-0.00000000E+00,-1.06572092E-15,-1.83982301E-16,-3.03319177E+06,-9.99840745E+04,-7.26179627E+01,-1.17798378E+01,3.03309700E+05,9.99809506E+03,3.00000000E+05,1.00000000E+04,7.76991745E+06,2.99910225E+05
3.20000000E+01,1.00000000E+00,1.00000000E+00,1.39977705E+08,3.09895616E+05,-0.00000000E+00,-0.00000000E+00,-1.82659559E+01,-1.09440448E+00,1.35052296E+06,4.30971009E+04,1.35073764E-04,4.31039520E-06,1.46934497E+06,4.68888785E+04,1.46957858E-04,4.68963335E-06,-0.00000000E+00,-0.00000000E+00,-1.33925809E-15,-2.14931149E-16,-0.00000000E+00,-0.00000000E+00,-1.27878681E-15,-2.13065887E-16,-3.13317585E+06,-9.99840745E+04,-8.61334602E+01,-1.35154976E+01,3.13307795E+05,9.99809506E+03,3.10000000E+05,1.00000000E+04,7.76991745E+06,3.09895616E+05
3.30000000E+01,1.00000000E+00,1.00000000E+00,1.39977705E+08,3.19879062E+05,-0.00000000E+00,-0.00000000E+00,-1.93916076E+01,-1.12565168E+00,1.39362006E+06,4.30971009E+04,1.39384160E-04,4.31039520E-06,1.51623385E+06,4.68888785E+04,1.51647492E-04,4.68963335E-06,-0.00000000E+00,-0.00000000E+00,-1.58665603E-15,-2.47397940E-16,-0.00000000E+00,-0.00000000E+00,-1.52432189E-15,-2.45535087E-16,-3.23315992E+06,-9.99840745E+04,-1.01561150E+02,-1.54276901E+01,3.23305890E+05,9.99809506E+03,3.20000000E+05,1.00000000E+04,7.76991745E+06,3.19879062E+05
3.40000000E+01,1.00000000E+00,1.00000000E+00,1.39977705E+08,3.29860380E+05,-0.00000000E+00,-0.00000000E+00,-2.05483418E+01,-1.15673425E+00,1.43671716E+06,4.30971009E+04,1.43694555E-04,4.31039520E-06,1.56312273E+06,4.68888785E+04,1.56337125E-04,4.68963335E-06,-0.00000000E+00,-0.00000000E+00,-1.87017088E-15,-2.83514846E-16,-0.00000000E+00,-0.00000000E+00,-1.80597629E-15,-2.81654399E-16,-3.33314400E+06,-9.99840745E+04,-1.19087084E+02,-1.75259335E+01,3.33303985E+05,9.99809506E+03,3.30000000E+05,1.00000000E+04,7.76991745E+06,3.29860380E+05
3.50000000E+01,1.00000000E+00,1.00000000E+00,1.39977705E+08,3.39839372E+05,-0.00000000E+00,-0.00000000E+00,-2.17359985E+01,-1.18765667E+00,1.47981427E+06,4.30971009E+04,1.48004950E-04,4.31039520E-06,1.61001161E+06,4.68888785E+04,1.61026758E-04,4.68963335E-06,-0.00000000E+00,-0.00000000E+00,-2.19372790E-15,-3.23557026E-16,-0.00000000E+00,-0.00000000E+00,-2.12767527E-15,-3.21698984E-16,-3.43312807E+06,-9.99840745E+04,-1.38906750E+02,-1.98196661E+01,3.43302081E+05,9.99809506E+03,3.40000000E+05,1.00000000E+04,7.76991745E+06,3.39839372E+05
3.60000000E+01,1.00000000E+00,1.00000000E+00,1.39977705E+08,3.49815836E+05,-0.00000000E+00,-0.00000000E+00,-2.29544216E+01,-1.21842316E+00,1.52291137E+06,4.30971009E+04,1.52315345E-04,4.31039520E-06,1.65690049E+06,4.68888785E+04,1.65716392E-04,4.68963335E-06,-0.00000000E+00,-0.00000000E+00,-2.56153818E-15,-3.67810274E-16,-0.00000000E+00,-0.00000000E+00,-2.49362991E-15,-3.65954634E-16,-3.53311214E+06,-9.99840745E+04,-1.61224971E+02,-2.23182210E+01,3.53300176E+05,9.99809506E+03,3.50000000E+05,1.00000000E+04,7.76991745E+06,3.49815836E+05
3.70000000E+01,1.00000000E+00,1.00000000E+00,1.39977705E+08,3.59789556E+05,-0.00000000E+00,-0.00000000E+00,-2.42034593E+01,-1.24903764E+00,1.56600847E+06,4.30971009E+04,1.56625740E-04,4.31039520E-06,1.70378937E+06,4.68888785E+04,1.70406025E-04,4.68963335E-06,-0.00000000E+00,-0.00000000E+00,-2.97810916E-15,-4.16570983E-16,-0.00000000E+00,-0.00000000E+00,-2.90834765E-15,-4.14717744E-16,-3.63309622E+06,-9.99840745E+04,-1.86255773E+02,-2.50308020E+01,3.63298271E+05,9.99809506E+03,3.60000000E+05,1.00000000E+04,7.76991745E+06,3.59789556E+05
3.80000000E+01,1.00000000E+00,1.00000000E+00,1.39977705E+08,3.69760310E+05,-0.00000000E+00,-0.00000000E+00,-2.54829631E+01,-1.27950383E+00,1.60910557E+06,4.30971009E+04,1.60936136E-04,4.31039520E-06,1.75067824E+06,4.68888785E+04,1.75095658E-04,4.68963335E-06,-0.00000000E+00,-0.00000000E+00,-3.44825527E-15,-4.70146104E-16,-0.00000000E+00,-0.00000000E+00,-3.37664292E-15,-4.68295264E-16,-3.73308029E+06,-9.99840745E+04,-2.14222234E+02,-2.79664608E+01,3.73296366E+05,9.99809506E+03,3.70000000E+05,1.00000000E+04,7.76991745E+06,3.69760310E+05
3.90000000E+01,1.00000000E+00,1.00000000E+00,1.39977705E+08,3.79727866E+05,-0.00000000E+00,-0.00000000E+00,-2.67927883E+01,-1.30982517E+00,1.65220267E+06,4.30971009E+04,1.65246531E-04,4.31039520E-06,1.79756712E+06,4.68888785E+04,1.79785292E-04,4.68963335E-06,-0.00000000E+00,-0.00000000E+00,-3.97710836E-15,-5.28853096E-16,-0.00000000E+00,-0.00000000E+00,-3.90364757E-15,-5.27004652E-16,-3.83306437E+06,-9.99840745E+04,-2.45356310E+02,-3.11340764E+01,3.83294461E+05,9.99809506E+03,3.80000000E+05,1.00000000E+04,7.76991745E+06,3.79727866E+05
4.00000000E+01,1.00000000E+00,1.00000000E+00,1.39977705E+08,3.89691984E+05,-0.00000000E+00,-0.00000000E+00,-2.81327932E+01,-1.34000492E+00,1.69529977E+06,4.30971009E+04,1.69556926E-04,4.31039520E-06,1.84445600E+06,4.68888785E+04,1.84474925E-04,4.68963335E-06,-0.00000000E+00,-0.00000000E+00,-4.57012823E-15,-5.93019872E-16,-0.00000000E+00,-0.00000000E+00,-4.49482139E-15,-5.91173822E-16,-3.93304844E+06,-9.99840745E+04,-2.79898646E+02,-3.45423360E+01,3.93292556E+05,9.99809506E+03,3.90000000E+05,1.00000000E+04,7.76991745E+06,3.89691984E+05
4.10000000E+01,1.00000000E+00,1.00000000E+00,1.39977705E+08,3.99652414E+05,-0.00000000E+00,-0.00000000E+00,-2.95028393E+01,-1.37004609E+00,1.73839687E+06,4.30971009E+04,1.73867321E-04,4.31039520E-06,1.89134488E+06,4.68888785E+04,1.89164558E-04,4.68963335E-06,-0.00000000E+00,-0.00000000E+00,-5.23311297E-15,-6.62984733E-16,-0.00000000E+00,-0.00000000E+00,-5.15596247E-15,-6.61141076E-16,-4.03303252E+06,-9.99840745E+04,-3.18098363E+02,-3.81997165E+01,4.03290651E+05,9.99809506E+03,4.00000000E+05,1.00000000E+04,7.76991745E+06,3.99652414E+05
4.20000000E+01,1.00000000E+00,1.00000000E+00,1.39977705E+08,4.09608899E+05,-0.00000000E+00,-0.00000000E+00,-3.09027908E+01,-1.39995150E+00,1.78149397E+06,4.30971009E+04,1.78177716E-04,4.31039520E-06,1.93823376E+06,4.68888785E+04,1.93854192E-04,4.68963335E-06,-0.00000000E+00,-0.00000000E+00,-5.97220927E-15,-7.39096307E-16,-0.00000000E+00,-0.00000000E+00,-5.89321751E-15,-7.37255041E-16,-4.13301659E+06,-9.99840745E+04,-3.60212832E+02,-4.21144691E+01,4.13288746E+05,9.99809506E+03,4.10000000E+05,1.00000000E+04,7.76991745E+06,4.09608899E+05
4.30000000E+01,1.00000000E+00,1.00000000E+00,1.39977705E+08,4.19561175E+05,-0.00000000E+00,-0.00000000E+00,-3.23325146E+01,-1.42972378E+00,1.82459107E+06,4.30971009E+04,1.82488112E-04,4.31039520E-06,1.98512264E+06,4.68888785E+04,1.98543825E-04,4.68963335E-06,-0.00000000E+00,-0.00000000E+00,-6.79392274E-15,-8.21713471E-16,-0.00000000E+00,-0.00000000E+00,-6.71309210E-15,-8.19874594E-16,-4.23300067E+06,-9.99840745E+04,-4.06507436E+02,-4.62946042E+01,4.23286841E+05,9.99809506E+03,4.20000000E+05,1.00000000E+04,7.76991745E+06,4.19561175E+05
4.40000000E+01,1.00000000E+00,1.00000000E+00,1.39977705E+08,4.29508968E+05,-0.00000000E+00,-0.00000000E+00,-3.37918800E+01,-1.45936540E+00,1.86768817E+06,4.30971009E+04,1.86798507E-04,4.31039520E-06,2.03201152E+06,4.68888785E+04,2.03233458E-04,4.68963335E-06,-0.00000000E+00,-0.00000000E+00,-7.70512802E-15,-9.11205276E-16,-0.00000000E+00,-0.00000000E+00,-7.62246089E-15,-9.09368786E-16,-4.33298474E+06,-9.99840745E+04,-4.57255315E+02,-5.07478786E+01,4.33284936E+05,9.99809506E+03,4.30000000E+05,1.00000000E+04,7.76991745E+06,4.29508968E+05
4.50000000E+01,1.00000000E+00,1.00000000E+00,1.39977705E+08,4.39451997E+05,-0.00000000E+00,-0.00000000E+00,-3.52807586E+01,-1.48887862E+00,1.91078528E+06,4.30971009E+04,1.91108902E-04,4.31039520E-06,2.07890039E+06,4.68888785E+04,2.07923092E-04,4.68963335E-06,-0.00000000E+00,-0.00000000E+00,-8.71307888E-15,-1.00795086E-15,-0.00000000E+00,-0.00000000E+00,-8.62857765E-15,-1.00611676E-15,-4.43296882E+06,-9.99840745E+04,-5.12737098E+02,-5.54817832E+01,4.43283031E+05,9.99809506E+03,4.40000000E+05,1.00000000E+04,7.76991745E+06,4.39451997E+05
4.60000000E+01,1.00000000E+00,1.00000000E+00,1.39977705E+08,4.49389975E+05,-0.00000000E+00,-0.00000000E+00,-3.67990242E+01,-1.51826557E+00,1.95388238E+06,4.30971009E+04,1.95419297E-04,4.31039520E-06,2.12578927E+06,4.68888785E+04,2.12612725E-04,4.68963335E-06,-0.00000000E+00,-0.00000000E+00,-9.82541826E-15,-1.11233938E-15,-0.00000000E+00,-0.00000000E+00,-9.73908530E-15,-1.11050765E-15,-4.53295289E+06,-9.99840745E+04,-5.73240631E+02,-6.05035329E+01,4.53281126E+05,9.99809506E+03,4.50000000E+05,1.00000000E+04,7.76991745E+06,4.49389975E+05
4.70000000E+01,1.00000000E+00,1.00000000E+00,1.39977705E+08,4.59322608E+05,-0.00000000E+00,-0.00000000E+00,-3.83465524E+01,-1.54752822E+00,1.99697948E+06,4.30971009E+04,1.99729692E-04,4.31039520E-06,2.17267815E+06,4.68888785E+04,2.17302358E-04,4.68963335E-06,-0.00000000E+00,-0.00000000E+00,-1.10501881E-14,-1.22476987E-15,-0.00000000E+00,-0.00000000E+00,-1.09620258E-14,-1.22294053E-15,-4.63293696E+06,-9.99840745E+04,-6.39060688E+02,-6.58200578E+01,4.63279221E+05,9.99809506E+03,4.60000000E+05,1.00000000E+04,7.76991745E+06,4.59322608E+05
4.80000000E+01,1.00000000E+00,1.00000000E+00,1.39977705E+08,4.69249593E+05,-0.00000000E+00,-0.00000000E+00,-3.99232207E+01,-1.57666838E+00,2.04007658E+06,4.30971009E+04,2.04040088E-04,4.31039520E-06,2.21956703E+06,4.68888785E+04,2.21991992E-04,4.68963335E-06,-0.00000000E+00,-0.00000000E+00,-1.23958394E-14,-1.34565124E-15,-0.00000000E+00,-0.00000000E+00,-1.23058501E-14,-1.34382428E-15,-4.73292104E+06,-9.99840745E+04,-7.10498684E+02,-7.14379952E+01,4.73277316E+05,9.99809506E+03,4.70000000E+05,1.00000000E+04,7.76991745E+06,4.69249593E+05
4.90000000E+01,1.00000000E+00,1.00000000E+00,1.39977705E+08,4.79170624E+05,-0.00000000E+00,-0.00000000E+00,-4.15289085E+01,-1.60568775E+00,2.08317368E+06,4.30971009E+04,2.08350483E-04,4.31039520E-06,2.26645591E+06,4.68888785E+04,2.26681625E-04,4.68963335E-06,-0.00000000E+00,-0.00000000E+00,-1.38712414E-14,-1.47540207E-15,-0.00000000E+00,-0.00000000E+00,-1.37794276E-14,-1.47357748E-15,-4.83290511E+06,-9.99840745E+04,-7.87862366E+02,-7.73636827E+01,4.83275411E+05,9.99809506E+03,4.80000000E+05,1.00000000E+04,7.76991745E+06,4.79170624E+05
5.00000000E+01,1.00000000E+00,1.00000000E+00,1.39977705E+08,4.89085386E+05,-0.00000000E+00,-0.00000000E+00,-4.31634964E+01,-1.63458787E+00,2.12627078E+06,4.30971009E+04,2.12660878E-04,4.31039520E-06,2.31334479E+06,4.68888785E+04,2.31371259E-04,4.68963335E-06,-0.00000000E+00,-0.00000000E+00,-1.54856920E-14,-1.61445059E-15,-0.00000000E+00,-0.00000000E+00,-1.53920560E-14,-1.61262837E-15,-4.93288919E+06,-9.99840745E+04,-8.71465520E+02,-8.36031535E+01,4.93273506E+05,9.99809506E+03,4.90000000E+05,1.00000000E+04,7.76991745E+06,4.89085386E+05
5.10000000E+01,1.00000000E+00,1.00000000E+00,1.39977705E+08,4.98993561E+05,-0.00000000E+00,-0.00000000E+00,-4.48268666E+01,-1.66337020E+00,2.16936788E+06,4.30971009E+04,2.16971273E-04,4.31039520E-06,2.36023366E+06,4.68888785E+04,2.36060892E-04,4.68963335E-06,-0.00000000E+00,-0.00000000E+00,-1.72489266E-14,-1.76323453E-15,-0.00000000E+00,-0.00000000E+00,-1.71534707E-14,-1.76141469E-15,-5.03287326E+06,-9.99840745E+04,-9.61627652E+02,-9.01621318E+01,5.03271602E+05,9.99809506E+03,5.00000000E+05,1.00000000E+04,7.76991745E+06,4.98993561E+05
5.20000000E+01,1.00000000E+00,1.00000000E+00,1.39977705E+08,5.08894823E+05,-0.00000000E+00,-0.00000000E+00,-4.65189026E+01,-1.69203604E+00,2.21246498E+06,4.30971009E+04,2.21281668E-04,4.31039520E-06,2.40712254E+06,4.68888785E+04,2.40750525E-04,4.68963335E-06,-0.00000000E+00,-0.00000000E+00,-1.91711276E-14,-1.92220105E-15,-0.00000000E+00,-0.00000000E+00,-1.90738542E-14,-1.92038359E-15,-5.13285734E+06,-9.99840745E+04,-1.05867368E+03,-9.70460294E+01,5.13269697E+05,9.99809506E+03,5.10000000E+05,1.00000000E+04,7.76991745E+06,5.08894823E+05
5.30000000E+01,1.00000000E+00,1.00000000E+00,1.39977705E+08,5.18788842E+05,-0.00000000E+00,-0.00000000E+00,-4.82394892E+01,-1.72058662E+00,2.25556208E+06,4.30971009E+04,2.25592064E-04,4.31039520E-06,2.45401142E+06,4.68888785E+04,2.45440159E-04,4.68963335E-06,-0.00000000E+00,-0.00000000E+00,-2.12629342E-14,-2.09180661E-15,-0.00000000E+00,-0.00000000E+00,-2.11638458E-14,-2.08999151E-15,-5.23284141E+06,-9.99840745E+04,-1.16293362E+03,-1.04259944E+02,5.23267792E+05,9.99809506E+03,5.20000000E+05,1.00000000E+04,7.76991745E+06,5.18788842E+05
5.40000000E+01,1.00000000E+00,1.00000000E+00,1.39977705E+08,5.28675284E+05,-0.00000000E+00,-0.00000000E+00,-4.99885123E+01,-1.74902303E+00,2.29865918E+06,4.30971009E+04,2.29902459E-04,4.31039520E-06,2.50090030E+06,4.68888785E+04,2.50129792E-04,4.68963335E-06,-0.00000000E+00,-0.00000000E+00,-2.35354511E-14,-2.27251685E-15,-0.00000000E+00,-0.00000000E+00,-2.34345499E-14,-2.27070412E-15,-5.33282549E+06,-9.99840745E+04,-1.27474228E+03,-1.11808656E+02,5.33265887E+05,9.99809506E+03,5.30000000E+05,1.00000000E+04,7.76991745E+06,5.28675284E+05
5.50000000E+01,1.00000000E+00,1.00000000E+00,1.39977705E+08,5.38553810E+05,-0.00000000E+00,-0.00000000E+00,-5.17658586E+01,-1.77734631E+00,2.34175628E+06,4.30971009E+04,2.34212854E-04,4.31039520E-06,2.54778918E+06,4.68888785E+04,2.54819425E-04,4.68963335E-06,-0.00000000E+00,-0.00000000E+00,-2.60002576E-14,-2.46480650E-15,-0.00000000E+00,-0.00000000E+00,-2.58975460E-14,-2.46299613E-15,-5.43280956E+06,-9.99840745E+04,-1.39443891E+03,-1.19696631E+02,5.43263982E+05,9.99809506E+03,5.40000000E+05,1.00000000E+04,7.76991745E+06,5.38553810E+05
5.60000000E+01,1.00000000E+00,1.00000000E+00,1.39977705E+08,5.48424077E+05,-0.00000000E+00,-0.00000000E+00,-5.35714159E+01,-1.80555737E+00,2.38485339E+06,4.30971009E+04,2.38523249E-04,4.31039520E-06,2.59467806E+06,4.68888785E+04,2.59509059E-04,4.68963335E-06,-0.00000000E+00,-0.00000000E+00,-2.86694168E-14,-2.66915924E-15,-0.00000000E+00,-0.00000000E+00,-2.85648972E-14,-2.66735124E-15,-5.53279363E+06,-9.99840745E+04,-1.52236693E+03,-1.27928020E+02,5.53262077E+05,9.99809506E+03,5.50000000E+05,1.00000000E+04,7.76991745E+06,5.48424077E+05
5.70000000E+01,1.00000000E+00,1.00000000E+00,1.39977705E+08,5.58285737E+05,-0.00000000E+00,-0.00000000E+00,-5.54050730E+01,-1.83365706E+00,2.42795049E+06,4.30971009E+04,2.42833644E-04,4.31039520E-06,2.64156694E+06,4.68888785E+04,2.64198692E-04,4.68963335E-06,-0.00000000E+00,-0.00000000E+00,-3.15554844E-14,-2.88606763E-15,-0.00000000E+00,-0.00000000E+00,-3.14491592E-14,-2.88426198E-15,-5.63277771E+06,-9.99840745E+04,-1.65887359E+03,-1.36506655E+02,5.63260172E+05,9.99809506E+03,5.60000000E+05,1.00000000E+04,7.76991745E+06,5.58285737E+05
5.80000000E+01,1.00000000E+00,1.00000000E+00,1.39977705E+08,5.68138439E+05,-0.00000000E+00,-0.00000000E+00,-5.72667191E+01,-1.86164614E+00,2.47104759E+06,4.30971009E+04,2.47144040E-04,4.31039520E-06,2.68845581E+06,4.68888785E+04,2.68888325E-04,4.68963335E-06,-0.00000000E+00,-0.00000000E+00,-3.46715174E-14,-3.11603292E-15,-0.00000000E+00,-0.00000000E+00,-3.45633889E-14,-3.11422964E-15,-5.73276178E+06,-9.99840745E+04,-1.80430964E+03,-1.45436058E+02,5.73258267E+05,9.99809506E+03,5.70000000E+05,1.00000000E+04,7.76991745E+06,5.68138439E+05
5.90000000E+01,1.00000000E+00,1.00000000E+00,1.39977705E+08,5.77981830E+05,-0.00000000E+00,-0.00000000E+00,-5.91562444E+01,-1.88952529E+00,2.51414469E+06,4.30971009E+04,2.51454435E-04,4.31039520E-06,2.73534469E+06,4.68888785E+04,2.73577959E-04,4.68963335E-06,-0.00000000E+00,-0.00000000E+00,-3.80310824E-14,-3.35956501E-15,-0.00000000E+00,-0.00000000E+00,-3.79211530E-14,-3.35776409E-15,-5.83274586E+06,-9.99840745E+04,-1.95902908E+03,-1.54719441E+02,5.83256362E+05,9.99809506E+03,5.80000000E+05,1.00000000E+04,7.76991745E+06,5.77981830E+05
6.00000000E+01,1.00000000E+00,1.00000000E+00,1.39977705E+08,5.87815553E+05,-0.00000000E+00,-0.00000000E+00,-6.10735396E+01,-1.91729515E+00,2.55724179E+06,4.30971009E+04,2.55764830E-04,4.31039520E-06,2.78223357E+06,4.68888785E+04,2.78267592E-04,4.68963335E-06,-0.00000000E+00,-0.00000000E+00,-4.16482646E-14,-3.61718227E-15,-0.00000000E+00,-0.00000000E+00,-4.15365367E-14,-3.61538370E-15,-5.93272993E+06,-9.99840745E+04,-2.12338879E+03,-1.64359706E+02,5.93254457E+05,9.99809506E+03,5.90000000E+05,1.00000000E+04,7.76991745E+06,5.87815553E+05
6.10000000E+01,1.00000000E+00,1.00000000E+00,1.39977705E+08,5.97639248E+05,-0.00000000E+00,-0.00000000E+00,-6.30184958E+01,-1.94495625E+00,2.60033889E+06,4.30971009E+04,2.60075225E-04,4.31039520E-06,2.82912245E+06,4.68888785E+04,2.82957225E-04,4.68963335E-06,-0.00000000E+00,-0.00000000E+00,-4.55376761E-14,-3.88941145E-15,-0.00000000E+00,-0.00000000E+00,-4.54241519E-14,-3.88761523E-15,-6.03271401E+06,-9.99840745E+04,-2.29774824E+03,-1.74359453E+02,6.03252552E+05,9.99809506E+03,6.00000000E+05,1.00000000E+04,7.76991745E+06,5.97639248E+05
6.20000000E+01,1.00000000E+00,1.00000000E+00,1.39977705E+08,6.07452555E+05,-0.00000000E+00,-0.00000000E+00,-6.49910049E+01,-1.97250909E+00,2.64343599E+06,4.30971009E+04,2.64385620E-04,4.31039520E-06,2.87601133E+06,4.68888785E+04,2.87646859E-04,4.68963335E-06,-0.00000000E+00,-0.00000000E+00,-4.97144636E-14,-4.17678753E-15,-0.00000000E+00,-0.00000000E+00,-4.95991455E-14,-4.17499366E-15,-6.13269808E+06,-9.99840745E+04,-2.48246922E+03,-1.84720982E+02,6.13250647E+05,9.99809506E+03,6.10000000E+05,1.00000000E+04,7.76991745E+06,6.07452555E+05
6.30000000E+01,1.00000000E+00,1.00000000E+00,1.39977705E+08,6.17255109E+05,-0.00000000E+00,-0.00000000E+00,-6.69909590E+01,-1.99995411E+00,2.68653309E+06,4.30971009E+04,2.68696016E-04,4.31039520E-06,2.92290021E+06,4.68888785E+04,2.92336492E-04,4.68963335E-06,-0.00000000E+00,-0.00000000E+00,-5.41943173E-14,-4.47985364E-15,-0.00000000E+00,-0.00000000E+00,-5.40772077E-14,-4.47806212E-15,-6.23268216E+06,-9.99840745E+04,-2.67791552E+03,-1.95446297E+02,6.23248742E+05,9.99809506E+03,6.20000000E+05,1.00000000E+04,7.76991745E+06,6.17255109E+05
6.40000000E+01,1.00000000E+00,1.00000000E+00,1.39977705E+08,6.27046544E+05,-0.00000000E+00,-0.00000000E+00,-6.90182507E+01,-2.02729169E+00,2.72963019E+06,4.30971009E+04,2.73006411E-04,4.31039520E-06,2.96978909E+06,4.68888785E+04,2.97026126E-04,4.68963335E-06,-0.00000000E+00,-0.00000000E+00,-5.89934781E-14,-4.79916089E-15,-0.00000000E+00,-0.00000000E+00,-5.88745794E-14,-4.79737172E-15,-6.33266623E+06,-9.99840745E+04,-2.88445264E+03,-2.06537113E+02,6.33246837E+05,9.99809506E+03,6.30000000E+05,1.00000000E+04,7.76991745E+06,6.27046544E+05
6.50000000E+01,1.00000000E+00,1.00000000E+00,1.39977705E+08,6.36826495E+05,-0.00000000E+00,-0.00000000E+00,-7.10727729E+01,-2.05452217E+00,2.77272729E+06,4.30971009E+04,2.77316806E-04,4.31039520E-06,3.01667796E+06,4.68888785E+04,3.01715759E-04,4.68963335E-06,-0.00000000E+00,-0.00000000E+00,-6.41287464E-14,-5.13526828E-15,-0.00000000E+00,-0.00000000E+00,-6.40080608E-14,-5.13348146E-15,-6.43265031E+06,-9.99840745E+04,-3.10244750E+03,-2.17994860E+02,6.43244932E+05,9.99809506E+03,6.40000000E+05,1.00000000E+04,7.76991745E+06,6.36826495E+05
6.60000000E+01,1.00000000E+00,1.00000000E+00,1.39977705E+08,6.46594593E+05,-0.00000000E+00,-0.00000000E+00,-7.31544187E+01,-2.08164582E+00,2.81582439E+06,4.30971009E+04,2.81627201E-04,4.31039520E-06,3.06356684E+06,4.68888785E+04,3.06405392E-04,4.68963335E-06,-0.00000000E+00,-0.00000000E+00,-6.96174890E-14,-5.48874256E-15,-0.00000000E+00,-0.00000000E+00,-6.94950189E-14,-5.48695808E-15,-6.53263438E+06,-9.99840745E+04,-3.33226818E+03,-2.29820687E+02,6.53243027E+05,9.99809506E+03,6.50000000E+05,1.00000000E+04,7.76991745E+06,6.46594593E+05
6.70000000E+01,1.00000000E+00,1.00000000E+00,1.39977705E+08,6.56350469E+05,-0.00000000E+00,-0.00000000E+00,-7.52630816E+01,-2.10866290E+00,2.85892150E+06,4.30971009E+04,2.85937597E-04,4.31039520E-06,3.11045572E+06,4.68888785E+04,3.11095026E-04,4.68963335E-06,-0.00000000E+00,-0.00000000E+00,-7.54776471E-14,-5.86015811E-15,-0.00000000E+00,-0.00000000E+00,-7.53533949E-14,-5.85837597E-15,-6.63261845E+06,-9.99840745E+04,-3.57428366E+03,-2.42015474E+02,6.63241122E+05,9.99809506E+03,6.60000000E+05,1.00000000E+04,7.76991745E+06,6.56350469E+05
6.80000000E+01,1.00000000E+00,1.00000000E+00,1.39977705E+08,6.66093753E+05,-0.00000000E+00,-0.00000000E+00,-7.73986552E+01,-2.13557361E+00,2.90201860E+06,4.30971009E+04,2.90247992E-04,4.31039520E-06,3.15734460E+06,4.68888785E+04,3.15784659E-04,4.68963335E-06,-0.00000000E+00,-0.00000000E+00,-8.17277439E-14,-6.25009679E-15,-0.00000000E+00,-0.00000000E+00,-8.16017119E-14,-6.24831699E-15,-6.73260253E+06,-9.99840745E+04,-3.82886348E+03,-2.54579829E+02,6.73239218E+05,9.99809506E+03,6.70000000E+05,1.00000000E+04,7.76991745E+06,6.66093753E+05
6.90000000E+01,1.00000000E+00,1.00000000E+00,1.39977705E+08,6.75824077E+05,-0.00000000E+00,-0.00000000E+00,-7.95610333E+01,-2.16237812E+00,2.94511570E+06,4.30971009E+04,2.94558387E-04,4.31039520E-06,3.20423348E+06,4.68888785E+04,3.20474292E-04,4.68963335E-06,-0.00000000E+00,-0.00000000E+00,-8.83868917E-14,-6.65914786E-15,-0.00000000E+00,-0.00000000E+00,-8.82590823E-14,-6.65737039E-15,-6.83258660E+06,-9.99840745E+04,-4.09637759E+03,-2.67514104E+02,6.83237313E+05,9.99809506E+03,6.80000000E+05,1.00000000E+04,7.76991745E+06,6.75824077E+05
7.00000000E+01,1.00000000E+00,1.00000000E+00,1.39977705E+08,6.85541069E+05,-0.00000000E+00,-0.00000000E+00,-8.17501099E+01,-2.18907657E+00,2.98821280E+06,4.30971009E+04,2.98868782E-04,4.31039520E-06,3.25112236E+06,4.68888785E+04,3.25163926E-04,4.68963335E-06,-0.00000000E+00,-0.00000000E+00,-9.54747996E-14,-7.08790781E-15,-0.00000000E+00,-0.00000000E+00,-9.53452150E-14,-7.08613269E-15,-6.93257068E+06,-9.99840745E+04,-4.37719598E+03,-2.80818395E+02,6.93235408E+05,9.99809506E+03,6.90000000E+05,1.00000000E+04,7.76991745E+06,6.85541069E+05
7.10000000E+01,1.00000000E+00,1.00000000E+00,1.39977705E+08,6.95244361E+05,-0.00000000E+00,-0.00000000E+00,-8.39657790E+01,-2.21566906E+00,3.03130990E+06,4.30971009E+04,3.03179177E-04,4.31039520E-06,3.29801123E+06,4.68888785E+04,3.29853559E-04,4.68963335E-06,-0.00000000E+00,-0.00000000E+00,-1.03011780E-13,-7.53698028E-15,-0.00000000E+00,-0.00000000E+00,-1.02880422E-13,-7.53520749E-15,-7.03255475E+06,-9.99840745E+04,-4.67168854E+03,-2.94492553E+02,7.03233503E+05,9.99809506E+03,7.00000000E+05,1.00000000E+04,7.76991745E+06,6.95244361E+05
7.20000000E+01,1.00000000E+00,1.00000000E+00,1.39977705E+08,7.04933583E+05,-0.00000000E+00,-0.00000000E+00,-8.62079346E+01,-2.24215566E+00,3.07440700E+06,4.30971009E+04,3.07489573E-04,4.31039520E-06,3.34490011E+06,4.68888785E+04,3.34543192E-04,4.68963335E-06,-0.00000000E+00,-0.00000000E+00,-1.11018756E-13,-8.00697589E-15,-0.00000000E+00,-0.00000000E+00,-1.10885628E-13,-8.00520542E-15,-7.13253883E+06,-9.99840745E+04,-4.98022473E+03,-3.08536188E+02,7.13231598E+05,9.99809506E+03,7.10000000E+05,1.00000000E+04,7.76991745E+06,7.04933583E+05
7.30000000E+01,1.00000000E+00,1.00000000E+00,1.39977705E+08,7.14608365E+05,-0.00000000E+00,-0.00000000E+00,-8.84764711E+01,-2.26853643E+00,3.11750410E+06,4.30971009E+04,3.11799968E-04,4.31039520E-06,3.39178899E+06,4.68888785E+04,3.39232826E-04,4.68963335E-06,-0.00000000E+00,-0.00000000E+00,-1.19517268E-13,-8.49851211E-15,-0.00000000E+00,-0.00000000E+00,-1.19382372E-13,-8.49674398E-15,-7.23252290E+06,-9.99840745E+04,-5.30317340E+03,-3.22948677E+02,7.23229693E+05,9.99809506E+03,7.20000000E+05,1.00000000E+04,7.76991745E+06,7.14608365E+05
7.40000000E+01,1.00000000E+00,1.00000000E+00,1.39977705E+08,7.24268341E+05,-0.00000000E+00,-0.00000000E+00,-9.07712825E+01,-2.29481140E+00,3.16060120E+06,4.30971009E+04,3.16110363E-04,4.31039520E-06,3.43867787E+06,4.68888785E+04,3.43922459E-04,4.68963335E-06,-0.00000000E+00,-0.00000000E+00,-1.28529481E-13,-9.01221320E-15,-0.00000000E+00,-0.00000000E+00,-1.28392819E-13,-9.01044739E-15,-7.33250698E+06,-9.99840745E+04,-5.64090257E+03,-3.37729172E+02,7.33227788E+05,9.99809506E+03,7.30000000E+05,1.00000000E+04,7.76991745E+06,7.24268341E+05
7.50000000E+01,1.00000000E+00,1.00000000E+00,1.39977705E+08,7.33913144E+05,-0.00000000E+00,-0.00000000E+00,-9.30922630E+01,-2.32098056E+00,3.20369830E+06,4.30971009E+04,3.20420758E-04,4.31039520E-06,3.48556675E+06,4.68888785E+04,3.48612092E-04,4.68963335E-06,-0.00000000E+00,-0.00000000E+00,-1.38078191E-13,-9.54871001E-15,-0.00000000E+00,-0.00000000E+00,-1.37939766E-13,-9.54694653E-15,-7.43249105E+06,-9.99840745E+04,-5.99377918E+03,-3.52876609E+02,7.43225883E+05,9.99809506E+03,7.40000000E+05,1.00000000E+04,7.76991745E+06,7.33913144E+05
7.60000000E+01,1.00000000E+00,1.00000000E+00,1.39977705E+08,7.43542407E+05,-0.00000000E+00,-0.00000000E+00,-9.54393069E+01,-2.34704391E+00,3.24679540E+06,4.30971009E+04,3.24731153E-04,4.31039520E-06,3.53245563E+06,4.68888785E+04,3.53301726E-04,4.68963335E-06,-0.00000000E+00,-0.00000000E+00,-1.48186831E-13,-1.01086399E-14,-0.00000000E+00,-0.00000000E+00,-1.48046644E-13,-1.01068787E-14,-7.53247512E+06,-9.99840745E+04,-6.36216889E+03,-3.68389708E+02,7.53223978E+05,9.99809506E+03,7.50000000E+05,1.00000000E+04,7.76991745E+06,7.43542407E+05
7.70000000E+01,1.00000000E+00,1.00000000E+00,1.39977705E+08,7.53155767E+05,-0.00000000E+00,-0.00000000E+00,-9.78123083E+01,-2.37300142E+00,3.28989251E+06,4.30971009E+04,3.29041549E-04,4.31039520E-06,3.57934451E+06,4.68888785E+04,3.57991359E-04,4.68963335E-06,-0.00000000E+00,-0.00000000E+00,-1.58879478E-13,-1.06926466E-14,-0.00000000E+00,-0.00000000E+00,-1.58737532E-13,-1.06908877E-14,-7.63245920E+06,-9.99840745E+04,-6.74643588E+03,-3.84266992E+02,7.63222073E+05,9.99809506E+03,7.60000000E+05,1.00000000E+04,7.76991745E+06,7.53155767E+05
7.80000000E+01,1.00000000E+00,1.00000000E+00,1.39977705E+08,7.62752862E+05,-0.00000000E+00,-0.00000000E+00,-1.00211161E+02,-2.39885303E+00,3.33298961E+06,4.30971009E+04,3.33351944E-04,4.31039520E-06,3.62623338E+06,4.68888785E+04,3.62680992E-04,4.68963335E-06,-0.00000000E+00,-0.00000000E+00,-1.70180857E-13,-1.13013800E-14,-0.00000000E+00,-0.00000000E+00,-1.70037156E-13,-1.12996235E-14,-7.73244327E+06,-9.99840745E+04,-7.14694267E+03,-4.00506782E+02,7.73220168E+05,9.99809506E+03,7.70000000E+05,1.00000000E+04,7.76991745E+06,7.62752862E+05
7.90000000E+01,1.00000000E+00,1.00000000E+00,1.39977705E+08,7.72333330E+05,-0.00000000E+00,-0.00000000E+00,-1.02635760E+02,-2.42459868E+00,3.37608671E+06,4.30971009E+04,3.37662339E-04,4.31039520E-06,3.67312226E+06,4.68888785E+04,3.67370626E-04,4.68963335E-06,-0.00000000E+00,-0.00000000E+00,-1.82116354E-13,-1.19354963E-14,-0.00000000E+00,-0.00000000E+00,-1.81970898E-13,-1.19337421E-14,-7.83242735E+06,-9.99840745E+04,-7.56404988E+03,-4.17107213E+02,7.83218263E+05,9.99809506E+03,7.80000000E+05,1.00000000E+04,7.76991745E+06,7.72333330E+05
8.00000000E+01,1.00000000E+00,1.00000000E+00,1.39977705E+08,7.81896813E+05,-0.00000000E+00,-0.00000000E+00,-1.05085998E+02,-2.45023831E+00,3.41918381E+06,4.30971009E+04,3.41972734E-04,4.31039520E-06,3.72001114E+06,4.68888785E+04,3.72060259E-04,4.68963335E-06,-0.00000000E+00,-0.00000000E+00,-1.94712011E-13,-1.25956574E-14,-0.00000000E+00,-0.00000000E+00,-1.94564803E-13,-1.25939056E-14,-7.93241142E+06,-9.99840745E+04,-7.99811612E+03,-4.34066238E+02,7.93216358E+05,9.99809506E+03,7.90000000E+05,1.00000000E+04,7.76991745E+06,7.81896813E+05
8.10000000E+01,1.00000000E+00,1.00000000E+00,1.39977705E+08,7.91442956E+05,-0.00000000E+00,-0.00000000E+00,-1.07561770E+02,-2.47577183E+00,3.46228091E+06,4.30971009E+04,3.46283129E-04,4.31039520E-06,3.76690002E+06,4.68888785E+04,3.76749893E-04,4.68963335E-06,-0.00000000E+00,-0.00000000E+00,-2.07994543E-13,-1.32825315E-14,-0.00000000E+00,-0.00000000E+00,-2.07845585E-13,-1.32807819E-14,-8.03239550E+06,-9.99840745E+04,-8.44949775E+03,-4.51381636E+02,8.03214453E+05,9.99809506E+03,8.00000000E+05,1.00000000E+04,7.76991745E+06,7.91442956E+05
8.20000000E+01,1.00000000E+00,1.00000000E+00,1.39977705E+08,8.00971404E+05,-0.00000000E+00,-0.00000000E+00,-1.10062969E+02,-2.50119914E+00,3.50537801E+06,4.30971009E+04,3.50593525E-04,4.31039520E-06,3.81378890E+06,4.68888785E+04,3.81439526E-04,4.68963335E-06,-0.00000000E+00,-0.00000000E+00,-2.21991335E-13,-1.39967922E-14,-0.00000000E+00,-0.00000000E+00,-2.21840630E-13,-1.39950449E-14,-8.13237957E+06,-9.99840745E+04,-8.91854877E+03,-4.69051018E+02,8.13212548E+05,9.99809506E+03,8.10000000E+05,1.00000000E+04,7.76991745E+06,8.00971404E+05
8.30000000E+01,1.00000000E+00,1.00000000E+00,1.39977705E+08,8.10481805E+05,-0.00000000E+00,-0.00000000E+00,-1.12589489E+02,-2.52652014E+00,3.54847511E+06,4.30971009E+04,3.54903920E-04,4.31039520E-06,3.86067778E+06,4.68888785E+04,3.86129159E-04,4.68963335E-06,-0.00000000E+00,-0.00000000E+00,-2.36730454E-13,-1.47391187E-14,-0.00000000E+00,-0.00000000E+00,-2.36578004E-13,-1.47373738E-14,-8.23236365E+06,-9.99840745E+04,-9.40562060E+03,-4.87071834E+02,8.23210643E+05,9.99809506E+03,8.20000000E+05,1.00000000E+04,7.76991745E+06,8.10481805E+05
8.40000000E+01,1.00000000E+00,1.00000000E+00,1.39977705E+08,8.19973812E+05,-0.00000000E+00,-0.00000000E+00,-1.15141224E+02,-2.55173472E+00,3.59157221E+06,4.30971009E+04,3.59214315E-04,4.31039520E-06,3.90756666E+06,4.68888785E+04,3.90818793E-04,4.68963335E-06,-0.00000000E+00,-0.00000000E+00,-2.52240650E-13,-1.55101960E-14,-0.00000000E+00,-0.00000000E+00,-2.52086457E-13,-1.55084534E-14,-8.33234772E+06,-9.99840745E+04,-9.91106199E+03,-5.05441384E+02,8.33208738E+05,9.99809506E+03,8.30000000E+05,1.00000000E+04,7.76991745E+06,8.19973812E+05
8.50000000E+01,1.00000000E+00,1.00000000E+00,1.39977705E+08,8.29447079E+05,-0.00000000E+00,-0.00000000E+00,-1.17718067E+02,-2.57684278E+00,3.63466931E+06,4.30971009E+04,3.63524710E-04,4.31039520E-06,3.95445553E+06,4.68888785E+04,3.95508426E-04,4.68963335E-06,-0.00000000E+00,-0.00000000E+00,-2.68551364E-13,-1.63107142E-14,-0.00000000E+00,-0.00000000E+00,-2.68395431E-13,-1.63089739E-14,-8.43233180E+06,-9.99840745E+04,-1.04352188E+04,-5.24156819E+02,8.43206834E+05,9.99809506E+03,8.40000000E+05,1.00000000E+04,7.76991745E+06,8.29447079E+05
8.60000000E+01,1.00000000E+00,1.00000000E+00,1.39977705E+08,8.38901262E+05,-0.00000000E+00,-0.00000000E+00,-1.20319911E+02,-2.60184419E+00,3.67776641E+06,4.30971009E+04,3.67835105E-04,4.31039520E-06,4.00134441E+06,4.68888785E+04,4.00198059E-04,4.68963335E-06,-0.00000000E+00,-0.00000000E+00,-2.85692733E-13,-1.71413689E-14,-0.00000000E+00,-0.00000000E+00,-2.85535062E-13,-1.71396309E-14,-8.53231587E+06,-9.99840745E+04,-1.09784340E+04,-5.43215151E+02,8.53204929E+05,9.99809506E+03,8.50000000E+05,1.00000000E+04,7.76991745E+06,8.38901262E+05
8.70000000E+01,1.00000000E+00,1.00000000E+00,1.39977705E+08,8.48336022E+05,-0.00000000E+00,-0.00000000E+00,-1.22946650E+02,-2.62673883E+00,3.72086351E+06,4.30971009E+04,3.72145501E-04,4.31039520E-06,4.04823329E+06,4.68888785E+04,4.04887693E-04,4.68963335E-06,-0.00000000E+00,-0.00000000E+00,-3.03695593E-13,-1.80028606E-14,-0.00000000E+00,-0.00000000E+00,-3.03536187E-13,-1.80011249E-14,-8.63229994E+06,-9.99840745E+04,-1.15410472E+04,-5.62613262E+02,8.63203024E+05,9.99809506E+03,8.60000000E+05,1.00000000E+04,7.76991745E+06,8.48336022E+05
8.80000000E+01,1.00000000E+00,1.00000000E+00,1.39977705E+08,8.57751022E+05,-0.00000000E+00,-0.00000000E+00,-1.25598177E+02,-2.65152657E+00,3.76396062E+06,4.30971009E+04,3.76455896E-04,4.31039520E-06,4.09512217E+06,4.68888785E+04,4.09577326E-04,4.68963335E-06,-0.00000000E+00,-0.00000000E+00,-3.22591488E-13,-1.88958950E-14,-0.00000000E+00,-0.00000000E+00,-3.22430348E-13,-1.88941616E-14,-8.73228402E+06,-9.99840745E+04,-1.21233951E+04,-5.82347906E+02,8.73201119E+05,9.99809506E+03,8.70000000E+05,1.00000000E+04,7.76991745E+06,8.57751022E+05
8.90000000E+01,1.00000000E+00,1.00000000E+00,1.39977705E+08,8.67145930E+05,-0.00000000E+00,-0.00000000E+00,-1.28274384E+02,-2.67620729E+00,3.80705772E+06,4.30971009E+04,3.80766291E-04,4.31039520E-06,4.14201105E+06,4.68888785E+04,4.14266959E-04,4.68963335E-06,-0.00000000E+00,-0.00000000E+00,-3.42412671E-13,-1.98211826E-14,-0.00000000E+00,-0.00000000E+00,-3.42249800E-13,-1.98194515E-14,-8.83226809E+06,-9.99840745E+04,-1.27258108E+04,-6.02415716E+02,8.83199214E+05,9.99809506E+03,8.80000000E+05,1.00000000E+04,7.76991745E+06,8.67145930E+05
9.00000000E+01,1.00000000E+00,1.00000000E+00,1.39977705E+08,8.76520416E+05,-0.00000000E+00,-0.00000000E+00,-1.30975165E+02,-2.70078087E+00,3.85015482E+06,4.30971009E+04,3.85076686E-04,4.31039520E-06,4.18889993E+06,4.68888785E+04,4.18956593E-04,4.68963335E-06,-0.00000000E+00,-0.00000000E+00,-3.63192110E-13,-2.07794388E-14,-0.00000000E+00,-0.00000000E+00,-3.63027510E-13,-2.07777100E-14,-8.93225217E+06,-9.99840745E+04,-1.33486241E+04,-6.22813216E+02,8.93197309E+05,9.99809506E+03,8.90000000E+05,1.00000000E+04,7.76991745E+06,8.76520416E+05
9.10000000E+01,1.00000000E+00,1.00000000E+00,1.39977705E+08,8.85874154E+05,-0.00000000E+00,-0.00000000E+00,-1.33700412E+02,-2.72524718E+00,3.89325192E+06,4.30971009E+04,3.89387081E-04,4.31039520E-06,4.23578880E+06,4.68888785E+04,4.23646226E-04,4.68963335E-06,-0.00000000E+00,-0.00000000E+00,-3.84963493E-13,-2.17713835E-14,-0.00000000E+00,-0.00000000E+00,-3.84797167E-13,-2.17696570E-14,-9.03223624E+06,-9.99840745E+04,-1.39921609E+04,-6.43536821E+02,9.03195404E+05,9.99809506E+03,9.00000000E+05,1.00000000E+04,7.76991745E+06,8.85874154E+05
9.20000000E+01,1.00000000E+00,1.00000000E+00,1.39977705E+08,8.95206822E+05,-0.00000000E+00,-0.00000000E+00,-1.36450018E+02,-2.74960609E+00,3.93634902E+06,4.30971009E+04,3.93697477E-04,4.31039520E-06,4.28267768E+06,4.68888785E+04,4.28335859E-04,4.68963335E-06,-0.00000000E+00,-0.00000000E+00,-4.07761235E-13,-2.27977413E-14,-0.00000000E+00,-0.00000000E+00,-4.07593184E-13,-2.27960171E-14,-9.13222032E+06,-9.99840745E+04,-1.46567437E+04,-6.64582843E+02,9.13193499E+05,9.99809506E+03,9.10000000E+05,1.00000000E+04,7.76991745E+06,8.95206822E+05
9.30000000E+01,1.00000000E+00,1.00000000E+00,1.39977705E+08,9.04518100E+05,-0.00000000E+00,-0.00000000E+00,-1.39223875E+02,-2.77385749E+00,3.97944612E+06,4.30971009E+04,3.98007872E-04,4.31039520E-06,4.32956656E+06,4.68888785E+04,4.33025493E-04,4.68963335E-06,-0.00000000E+00,-0.00000000E+00,-4.31620476E-13,-2.38592412E-14,-0.00000000E+00,-0.00000000E+00,-4.31450703E-13,-2.38575192E-14,-9.23220439E+06,-9.99840745E+04,-1.53426912E+04,-6.85947504E+02,9.23191594E+05,9.99809506E+03,9.20000000E+05,1.00000000E+04,7.76991745E+06,9.04518100E+05
9.40000000E+01,1.00000000E+00,1.00000000E+00,1.39977705E+08,9.13807675E+05,-0.00000000E+00,-0.00000000E+00,-1.42021877E+02,-2.79800124E+00,4.02254322E+06,4.30971009E+04,4.02318267E-04,4.31039520E-06,4.37645544E+06,4.68888785E+04,4.37715126E-04,4.68963335E-06,-0.00000000E+00,-0.00000000E+00,-4.56577092E-13,-2.49566164E-14,-0.00000000E+00,-0.00000000E+00,-4.56405600E-13,-2.49548967E-14,-9.33218847E+06,-9.99840745E+04,-1.60503182E+04,-7.07626933E+02,9.33189689E+05,9.99809506E+03,9.30000000E+05,1.00000000E+04,7.76991745E+06,9.13807675E+05
9.50000000E+01,1.00000000E+00,1.00000000E+00,1.39977705E+08,9.23075236E+05,-0.00000000E+00,-0.00000000E+00,-1.44843914E+02,-2.82203724E+00,4.06564032E+06,4.30971009E+04,4.06628662E-04,4.31039520E-06,4.42334432E+06,4.68888785E+04,4.42404760E-04,4.68963335E-06,-0.00000000E+00,-0.00000000E+00,-4.82667697E-13,-2.60906044E-14,-0.00000000E+00,-0.00000000E+00,-4.82494487E-13,-2.60888870E-14,-9.43217254E+06,-9.99840745E+04,-1.67799353E+04,-7.29617179E+02,9.43187784E+05,9.99809506E+03,9.40000000E+05,1.00000000E+04,7.76991745E+06,9.23075236E+05
9.60000000E+01,1.00000000E+00,1.00000000E+00,1.39977705E+08,9.32320476E+05,-0.00000000E+00,-0.00000000E+00,-1.47689879E+02,-2.84596537E+00,4.10873742E+06,4.30971009E+04,4.10939057E-04,4.31039520E-06,4.47023320E+06,4.68888785E+04,4.47094393E-04,4.68963335E-06,-0.00000000E+00,-0.00000000E+00,-5.09929644E-13,-2.72619469E-14,-0.00000000E+00,-0.00000000E+00,-5.09754719E-13,-2.72602317E-14,-9.53215662E+06,-9.99840745E+04,-1.75318495E+04,-7.51914209E+02,9.53185879E+05,9.99809506E+03,9.50000000E+05,1.00000000E+04,7.76991745E+06,9.32320476E+05
9.70000000E+01,1.00000000E+00,1.00000000E+00,1.39977705E+08,9.41543092E+05,-0.00000000E+00,-0.00000000E+00,-1.50559665E+02,-2.86978551E+00,4.15183452E+06,4.30971009E+04,4.15249453E-04,4.31039520E-06,4.51712208E+06,4.68888785E+04,4.51784026E-04,4.68963335E-06,-0.00000000E+00,-0.00000000E+00,-5.38401033E-13,-2.84713893E-14,-0.00000000E+00,-0.00000000E+00,-5.38224395E-13,-2.84696764E-14,-9.63214069E+06,-9.99840745E+04,-1.83063635E+04,-7.74513922E+02,9.63183974E+05,9.99809506E+03,9.60000000E+05,1.00000000E+04,7.76991745E+06,9.41543092E+05
9.80000000E+01,1.00000000E+00,1.00000000E+00,1.39977705E+08,9.50742787E+05,-0.00000000E+00,-0.00000000E+00,-1.53453162E+02,-2.89349757E+00,4.19493163E+06,4.30971009E+04,4.19559848E-04,4.31039520E-06,4.56401095E+06,4.68888785E+04,4.56473660E-04,4.68963335E-06,-0.00000000E+00,-0.00000000E+00,-5.68120714E-13,-2.97196811E-14,-0.00000000E+00,-0.00000000E+00,-5.67942366E-13,-2.97179705E-14,-9.73212476E+06,-9.99840745E+04,-1.91037756E+04,-7.97412147E+02,9.73182069E+05,9.99809506E+03,9.70000000E+05,1.00000000E+04,7.76991745E+06,9.50742787E+05
9.90000000E+01,1.00000000E+00,1.00000000E+00,1.39977705E+08,9.59919265E+05,-0.00000000E+00,-0.00000000E+00,-1.56370264E+02,-2.91710144E+00,4.23802873E+06,4.30971009E+04,4.23870243E-04,4.31039520E-06,4.61089983E+06,4.68888785E+04,4.61163293E-04,4.68963335E-06,-0.00000000E+00,-0.00000000E+00,-5.99128289E-13,-3.10075754E-14,-0.00000000E+00,-0.00000000E+00,-5.98948233E-13,-3.10058672E-14,-9.83210884E+06,-9.99840745E+04,-1.99243803E+04,-8.20604653E+02,9.83180164E+05,9.99809506E+03,9.80000000E+05,1.00000000E+04,7.76991745E+06,9.59919265E+05
1.00000000E+02,1.00000000E+00,1.00000000E+00,1.39977705E+08,9.69072237E+05,-0.00000000E+00,-0.00000000E+00,-1.59310861E+02,-2.94059703E+00,4.28112583E+06,4.30971009E+04,4.28180638E-04,4.31039520E-06,4.65778871E+06,4.68888785E+04,4.65852926E-04,4.68963335E-06,-0.00000000E+00,-0.00000000E+00,-6.31464119E-13,-3.23358292E-14,-0.00000000E+00,-0.00000000E+00,-6.31282356E-13,-3.23341232E-14,-9.93209291E+06,-9.99840745E+04,-2.07684674E+04,-8.44087149E+02,9.93178259E+05,9.99809506E+03,9.90000000E+05,1.00000000E+04,7.76991745E+06,9.69072237E+05
