Time [d],dt_flow [d],dt_tran [d],Global Water Mass [kg],Global Vaq [mol],Top Water Mass [kg],Top Water Mass [kg/d],Top Vaq [mol],Top Vaq [mol/d],Right Water Mass [kg],Right Water Mass [kg/d],Right Vaq [mol],Right Vaq [mol/d],Left Water Mass [kg],Left Water Mass [kg/d],Left Vaq [mol],Left Vaq [mol/d],North Water Mass [kg],North Water Mass [kg/d],North Vaq [mol],North Vaq [mol/d],South Water Mass [kg],South Water Mass [kg/d],South Vaq [mol],South Vaq [mol/d],ExtractWell Water Mass [kg],ExtractWell Water Mass [kg/d],ExtractWell Vaq [mol],ExtractWell Vaq [mol/d],InjectWell Water Mass [kg],InjectWell Water Mass [kg/d],InjectWell Vaq [mol],InjectWell Vaq [mol/d],Region Region__all Water Mass [kg],Region Region__all Total Mass [kg]
1.00000000E+00,4.89000000E-01,4.89000000E-01,1.39977705E+08,1.39999999E-02,-0.00000000E+00,-0.00000000E+00,1.35276249E-17,2.21675869E-17,1.45124869E+04,2.20220029E+04,1.45147852E-06,2.20254972E-06,1.57893706E+04,2.39596005E+04,1.57918722E-06,2.39634035E-06,-0.00000000E+00,-0.00000000E+00,-1.39305162E-19,-8.75595059E-20,-0.00000000E+00,-0.00000000E+00,4.71846528E-19,5.98069950E-19,-3.36687646E+04,-5.10906898E+04,-3.36748848E-06,-5.10999712E-06,3.36684851E+03,5.10902658E+03,3.36749000E-07,5.11000000E-07,7.76991745E+06,1.39999999E-02
2.00000000E+00,4.88000000E-01,2.32000000E-01,1.39977705E+08,9.99998547E+03,-0.00000000E+00,-0.00000000E+00,-2.85410384E-02,-4.12625325E-02,5.76084131E+04,4.30959538E+04,5.76175622E-06,4.31028047E-06,6.26770736E+04,4.68877313E+04,6.26870302E-06,4.68951862E-06,-0.00000000E+00,-0.00000000E+00,2.99018525E-20,2.20912878E-19,-0.00000000E+00,-0.00000000E+00,1.32607918E-18,9.05669350E-19,-1.33650545E+05,-9.99817802E+04,-2.00029218E-05,-2.27663129E-05,1.33649436E+04,9.99809506E+03,1.00000000E+04,1.00000000E+04,7.76991745E+06,9.99998547E+03
3.00000000E+00,1.00000000E+00,4.88000000E-01,1.39977705E+08,1.99999136E+04,-0.00000000E+00,-0.00000000E+00,-1.00331723E-01,-8.19121012E-02,1.00704367E+05,4.30959538E+04,1.00720367E-05,4.31028047E-06,1.09564805E+05,4.68877313E+04,1.09582216E-05,4.68951862E-06,-0.00000000E+00,-0.00000000E+00,3.75432053E-19,3.86840584E-19,-0.00000000E+00,-0.00000000E+00,2.35570848E-18,1.07072078E-18,-2.33632325E+05,-9.99817802E+04,-1.56264891E-04,-2.01566336E-04,2.33630386E+04,9.99809506E+03,2.00000000E+04,1.00000000E+04,7.76991745E+06,1.99999136E+04
4.00000000E+00,1.00000000E+00,1.00000000E+00,1.39977705E+08,2.99997900E+04,-0.00000000E+00,-0.00000000E+00,-2.22217168E-01,-1.21885446E-01,1.43800321E+05,4.30959538E+04,1.43823172E-05,4.31028047E-06,1.56452536E+05,4.68877313E+04,1.56477403E-05,4.68951862E-06,-0.00000000E+00,-0.00000000E+00,9.20425944E-19,5.44993891E-19,-0.00000000E+00,-0.00000000E+00,3.58370725E-18,1.22799878E-18,-3.33614105E+05,-9.99817802E+04,-1.89740472E-03,-1.74113983E-03,3.33611337E+04,9.99809506E+03,3.00000000E+04,1.00000000E+04,7.76991745E+06,2.99997900E+04
5.00000000E+00,1.00000000E+00,1.00000000E+00,1.39977705E+08,3.99996224E+04,-0.00000000E+00,-0.00000000E+00,-3.83565805E-01,-1.61348637E-01,1.86896274E+05,4.30959538E+04,1.86925976E-05,4.31028047E-06,2.03340268E+05,4.68877313E+04,2.03372589E-05,4.68951862E-06,-0.00000000E+00,-0.00000000E+00,1.60824752E-18,6.87821572E-19,-0.00000000E+00,-0.00000000E+00,4.95365911E-18,1.36995186E-18,-4.33595885E+05,-9.99817802E+04,-8.17757921E-03,-6.28017448E-03,4.33592288E+04,9.99809506E+03,4.00000000E+04,1.00000000E+04,7.76991745E+06,3.99996224E+04
6.00000000E+00,1.00000000E+00,1.00000000E+00,1.39977705E+08,4.99994057E+04,-0.00000000E+00,-0.00000000E+00,-5.83891624E-01,-2.00325818E-01,2.29992228E+05,4.30959538E+04,2.30028781E-05,4.31028047E-06,2.50227999E+05,4.68877313E+04,2.50267775E-05,4.68951862E-06,-0.00000000E+00,-0.00000000E+00,2.41142074E-18,8.03173228E-19,-0.00000000E+00,-0.00000000E+00,6.43808866E-18,1.48442955E-18,-5.33577666E+05,-9.99817802E+04,-2.46474080E-02,-1.64698288E-02,5.33573238E+04,9.99809506E+03,5.00000000E+04,1.00000000E+04,7.76991745E+06,4.99994057E+04
7.00000000E+00,1.00000000E+00,1.00000000E+00,1.39977705E+08,5.99991309E+04,-0.00000000E+00,-0.00000000E+00,-8.22731469E-01,-2.38839845E-01,2.73088182E+05,4.30959538E+04,2.73131586E-05,4.31028047E-06,2.97115730E+05,4.68877313E+04,2.97162961E-05,4.68951862E-06,-0.00000000E+00,-0.00000000E+00,3.28567501E-18,8.74254263E-19,-0.00000000E+00,-0.00000000E+00,7.99272604E-18,1.55463738E-18,-6.33559446E+05,-9.99817802E+04,-6.06481655E-02,-3.60007574E-02,6.33554189E+04,9.99809506E+03,6.00000000E+04,1.00000000E+04,7.76991745E+06,5.99991309E+04
8.00000000E+00,1.00000000E+00,1.00000000E+00,1.39977705E+08,6.99987843E+04,-0.00000000E+00,-0.00000000E+00,-1.09964382E+00,-2.76912354E-01,3.16184136E+05,4.30959538E+04,3.16234390E-05,4.31028047E-06,3.44003462E+05,4.68877313E+04,3.44058147E-05,4.68951862E-06,-0.00000000E+00,-0.00000000E+00,4.16471142E-18,8.79036415E-19,-0.00000000E+00,-0.00000000E+00,9.55127308E-18,1.55854703E-18,-7.33541226E+05,-9.99817802E+04,-1.30334364E-01,-6.96861984E-02,7.33535139E+04,9.99809506E+03,7.00000000E+04,1.00000000E+04,7.76991745E+06,6.99987843E+04
9.00000000E+00,1.00000000E+00,1.00000000E+00,1.39977705E+08,7.99983463E+04,-0.00000000E+00,-0.00000000E+00,-1.41420765E+00,-3.14563825E-01,3.59280090E+05,4.30959538E+04,3.59337195E-05,4.31028047E-06,3.90891193E+05,4.68877313E+04,3.90953334E-05,4.68951862E-06,-0.00000000E+00,-0.00000000E+00,4.95442334E-18,7.89711916E-19,-0.00000000E+00,-0.00000000E+00,1.10196237E-17,1.46835061E-18,-8.33523006E+05,-9.99817802E+04,-2.53824823E-01,-1.23490459E-01,8.33516090E+04,9.99809506E+03,8.00000000E+04,1.00000000E+04,7.76991745E+06,7.99983463E+04
1.00000000E+01,1.00000000E+00,1.00000000E+00,1.39977705E+08,8.99977899E+04,-0.00000000E+00,-0.00000000E+00,-1.76602129E+00,-3.51813640E-01,4.02376043E+05,4.30959538E+04,4.02440000E-05,4.31028047E-06,4.37778924E+05,4.68877313E+04,4.37848520E-05,4.68951862E-06,-0.00000000E+00,-0.00000000E+00,5.52661199E-18,5.72188650E-19,-0.00000000E+00,-0.00000000E+00,1.22695798E-17,1.24995614E-18,-9.33504786E+05,-9.99817802E+04,-4.58358592E-01,-2.04533769E-01,9.33497041E+04,9.99809506E+03,9.00000000E+04,1.00000000E+04,7.76991745E+06,8.99977899E+04
1.10000000E+01,1.00000000E+00,1.00000000E+00,1.39977705E+08,9.99970802E+04,-0.00000000E+00,-0.00000000E+00,-2.15470143E+00,-3.88680141E-01,4.45471997E+05,4.30959538E+04,4.45542804E-05,4.31028047E-06,4.84666656E+05,4.68877313E+04,4.84743706E-05,4.68951862E-06,-0.00000000E+00,-0.00000000E+00,5.71223636E-18,1.85624368E-19,-0.00000000E+00,-0.00000000E+00,1.31321011E-17,8.62521295E-19,-1.03348657E+06,-9.99817802E+04,-7.79426330E-01,-3.21067738E-01,1.03347799E+05,9.99809506E+03,1.00000000E+05,1.00000000E+04,7.76991745E+06,9.99970802E+04
1.20000000E+01,1.00000000E+00,1.00000000E+00,1.39977705E+08,1.09996173E+05,-0.00000000E+00,-0.00000000E+00,-2.57988211E+00,-4.25180679E-01,4.88567951E+05,4.30959538E+04,4.88645609E-05,4.31028047E-06,5.31554387E+05,4.68877313E+04,5.31638892E-05,4.68951862E-06,-0.00000000E+00,-0.00000000E+00,5.29423407E-18,-4.18002290E-19,-0.00000000E+00,-0.00000000E+00,1.33901260E-17,2.58024894E-19,-1.13346835E+06,-9.99817802E+04,-1.26185442E+00,-4.82428092E-01,1.13345894E+05,9.99809506E+03,1.10000000E+05,1.00000000E+04,7.76991745E+06,1.09996173E+05
1.30000000E+01,1.00000000E+00,1.00000000E+00,1.39977705E+08,1.19995012E+05,-0.00000000E+00,-0.00000000E+00,-3.04121377E+00,-4.61331665E-01,5.31663905E+05,4.30959538E+04,5.31748414E-05,4.31028047E-06,5.78442118E+05,4.68877313E+04,5.78534078E-05,4.68951862E-06,-0.00000000E+00,-0.00000000E+00,3.99994790E-18,-1.29428617E-18,-0.00000000E+00,-0.00000000E+00,1.27709980E-17,-6.19128054E-19,-1.23345013E+06,-9.99817802E+04,-1.96082386E+00,-6.98969435E-01,1.23343989E+05,9.99809506E+03,1.20000000E+05,1.00000000E+04,7.76991745E+06,1.19995012E+05
1.40000000E+01,1.00000000E+00,1.00000000E+00,1.39977705E+08,1.29993533E+05,-0.00000000E+00,-0.00000000E+00,-3.53836239E+00,-4.97148617E-01,5.74759859E+05,4.30959538E+04,5.74851218E-05,4.31028047E-06,6.25329850E+05,4.68877313E+04,6.25429265E-05,4.68951862E-06,-0.00000000E+00,-0.00000000E+00,1.49319065E-18,-2.50675725E-18,-0.00000000E+00,-0.00000000E+00,1.09385305E-17,-1.83246750E-18,-1.33343191E+06,-9.99817802E+04,-2.94281013E+00,-9.81986273E-01,1.33342084E+05,9.99809506E+03,1.30000000E+05,1.00000000E+04,7.76991745E+06,1.29993533E+05
1.50000000E+01,1.00000000E+00,1.00000000E+00,1.39977705E+08,1.39991657E+05,-0.00000000E+00,-0.00000000E+00,-4.07100859E+00,-5.32646200E-01,6.17855812E+05,4.30959538E+04,6.17954023E-05,4.31028047E-06,6.72217581E+05,4.68877313E+04,6.72324451E-05,4.68951862E-06,-0.00000000E+00,-0.00000000E+00,-2.63402084E-18,-4.12721149E-18,-0.00000000E+00,-0.00000000E+00,7.48474106E-18,-3.45378939E-18,-1.43341369E+06,-9.99817802E+04,-4.28643413E+00,-1.34362400E+00,1.43340179E+05,9.99809506E+03,1.40000000E+05,1.00000000E+04,7.76991745E+06,1.39991657E+05
1.60000000E+01,1.00000000E+00,1.00000000E+00,1.39977705E+08,1.49989292E+05,-0.00000000E+00,-0.00000000E+00,-4.63884686E+00,-5.67838273E-01,6.60951766E+05,4.30959538E+04,6.61056828E-05,4.31028047E-06,7.19105312E+05,4.68877313E+04,7.19219637E-05,4.68951862E-06,-0.00000000E+00,-0.00000000E+00,-8.87003311E-18,-6.23601227E-18,-0.00000000E+00,-0.00000000E+00,1.92128396E-18,-5.56345710E-18,-1.53339547E+06,-9.99817802E+04,-6.08321718E+00,-1.79678305E+00,1.53338274E+05,9.99809506E+03,1.50000000E+05,1.00000000E+04,7.76991745E+06,1.49989292E+05
1.70000000E+01,1.00000000E+00,1.00000000E+00,1.39977705E+08,1.59986335E+05,-0.00000000E+00,-0.00000000E+00,-5.24158478E+00,-6.02737921E-01,7.04047720E+05,4.30959538E+04,7.04159632E-05,4.31028047E-06,7.65993044E+05,4.68877313E+04,7.66114823E-05,4.68951862E-06,-0.00000000E+00,-0.00000000E+00,-1.77923978E-17,-8.92236467E-18,-0.00000000E+00,-0.00000000E+00,-6.32939184E-18,-8.25067581E-18,-1.63337725E+06,-9.99817802E+04,-8.43823708E+00,-2.35501990E+00,1.63336369E+05,9.99809506E+03,1.60000000E+05,1.00000000E+04,7.76991745E+06,1.59986335E+05
1.80000000E+01,1.00000000E+00,1.00000000E+00,1.39977705E+08,1.69982665E+05,-0.00000000E+00,-0.00000000E+00,-5.87894228E+00,-6.37357498E-01,7.47143674E+05,4.30959538E+04,7.47262437E-05,4.31028047E-06,8.12880775E+05,4.68877313E+04,8.13010009E-05,4.68951862E-06,-0.00000000E+00,-0.00000000E+00,-3.00769616E-17,-1.22845639E-17,-0.00000000E+00,-0.00000000E+00,-1.79431324E-17,-1.16137406E-17,-1.73335903E+06,-9.99817802E+04,-1.14706793E+01,-3.03244226E+00,1.73334465E+05,9.99809506E+03,1.70000000E+05,1.00000000E+04,7.76991745E+06,1.69982665E+05
1.90000000E+01,1.00000000E+00,1.00000000E+00,1.39977705E+08,1.79978150E+05,-0.00000000E+00,-0.00000000E+00,-6.55065094E+00,-6.71708661E-01,7.90239627E+05,4.30959538E+04,7.90365242E-05,4.31028047E-06,8.59768506E+05,4.68877313E+04,8.59905196E-05,4.68951862E-06,-0.00000000E+00,-0.00000000E+00,-4.65071803E-17,-1.64302186E-17,-0.00000000E+00,-0.00000000E+00,-3.37033926E-17,-1.57602602E-17,-1.83334081E+06,-9.99817802E+04,-1.53142903E+01,-3.84361093E+00,1.83332560E+05,9.99809506E+03,1.80000000E+05,1.00000000E+04,7.76991745E+06,1.79978150E+05
2.00000000E+01,1.00000000E+00,1.00000000E+00,1.39977705E+08,1.89972641E+05,-0.00000000E+00,-0.00000000E+00,-7.25645335E+00,-7.05802401E-01,8.33335581E+05,4.30959538E+04,8.33468046E-05,4.31028047E-06,9.06656238E+05,4.68877313E+04,9.06800382E-05,4.68951862E-06,-0.00000000E+00,-0.00000000E+00,-6.79836326E-17,-2.14764523E-17,-0.00000000E+00,-0.00000000E+00,-5.45107506E-17,-2.08073580E-17,-1.93332259E+06,-9.99817802E+04,-2.01177286E+01,-4.80343828E+00,1.93330655E+05,9.99809506E+03,1.90000000E+05,1.00000000E+04,7.76991745E+06,1.89972641E+05
2.10000000E+01,1.00000000E+00,1.00000000E+00,1.39977705E+08,1.99965974E+05,-0.00000000E+00,-0.00000000E+00,-7.99610242E+00,-7.39649077E-01,8.76431535E+05,4.30959538E+04,8.76570851E-05,4.31028047E-06,9.53543969E+05,4.68877313E+04,9.53695568E-05,4.68951862E-06,-0.00000000E+00,-0.00000000E+00,-9.55337148E-17,-2.75500822E-17,-0.00000000E+00,-0.00000000E+00,-8.13926019E-17,-2.68818513E-17,-2.03330437E+06,-9.99817802E+04,-2.60448198E+01,-5.92709121E+00,2.03328750E+05,9.99809506E+03,2.00000000E+05,1.00000000E+04,7.76991745E+06,1.99965974E+05
2.20000000E+01,1.00000000E+00,1.00000000E+00,1.39977705E+08,2.09957971E+05,-0.00000000E+00,-0.00000000E+00,-8.76936087E+00,-7.73258447E-01,9.19527489E+05,4.30959538E+04,9.19673656E-05,4.31028047E-06,1.00043170E+06,4.68877313E+04,1.00059075E-04,4.68951862E-06,-0.00000000E+00,-0.00000000E+00,-1.30321492E-16,-3.47877777E-17,-0.00000000E+00,-0.00000000E+00,-1.15513012E-16,-3.41204096E-17,-2.13328615E+06,-9.99817802E+04,-3.32747174E+01,-7.22989766E+00,2.13326845E+05,9.99809506E+03,2.10000000E+05,1.00000000E+04,7.76991745E+06,2.09957971E+05
2.30000000E+01,1.00000000E+00,1.00000000E+00,1.39977705E+08,2.19948437E+05,-0.00000000E+00,-0.00000000E+00,-9.57600057E+00,-8.06639695E-01,9.62623443E+05,4.30959538E+04,9.62776461E-05,4.31028047E-06,1.04731943E+06,4.68877313E+04,1.04748594E-04,4.68951862E-06,-0.00000000E+00,-0.00000000E+00,-1.73657693E-16,-4.33362005E-17,-0.00000000E+00,-0.00000000E+00,-1.58182706E-16,-4.26696945E-17,-2.23326793E+06,-9.99817802E+04,-4.20019753E+01,-8.72725790E+00,2.23324940E+05,9.99809506E+03,2.20000000E+05,1.00000000E+04,7.76991745E+06,2.19948437E+05
2.40000000E+01,1.00000000E+00,1.00000000E+00,1.39977705E+08,2.29937162E+05,-0.00000000E+00,-0.00000000E+00,-1.04158020E+01,-8.39801461E-01,1.00571940E+06,4.30959538E+04,1.00587927E-04,4.31028047E-06,1.09420716E+06,4.68877313E+04,1.09438113E-04,4.68951862E-06,-0.00000000E+00,-0.00000000E+00,-2.27009819E-16,-5.33521256E-17,-0.00000000E+00,-0.00000000E+00,-2.10869187E-16,-5.26864808E-17,-2.33324971E+06,-9.99817802E+04,-5.24365361E+01,-1.04345608E+01,2.33323035E+05,9.99809506E+03,2.30000000E+05,1.00000000E+04,7.76991745E+06,2.29937162E+05
2.50000000E+01,1.00000000E+00,1.00000000E+00,1.39977705E+08,2.39923923E+05,-0.00000000E+00,-0.00000000E+00,-1.12885539E+01,-8.72751864E-01,1.04881535E+06,4.30959538E+04,1.04898207E-04,4.31028047E-06,1.14109489E+06,4.68877313E+04,1.14127631E-04,4.68951862E-06,-0.00000000E+00,-0.00000000E+00,-2.92012364E-16,-6.50025453E-17,-0.00000000E+00,-0.00000000E+00,-2.75206948E-16,-6.43377611E-17,-2.43323149E+06,-9.99817802E+04,-6.48036414E+01,-1.23671053E+01,2.43321130E+05,9.99809506E+03,2.40000000E+05,1.00000000E+04,7.76991745E+06,2.39923923E+05
2.60000000E+01,1.00000000E+00,1.00000000E+00,1.39977705E+08,2.49908477E+05,-0.00000000E+00,-0.00000000E+00,-1.21940524E+01,-9.05498532E-01,1.09191130E+06,4.30959538E+04,1.09208487E-04,4.31028047E-06,1.18798263E+06,4.68877313E+04,1.18817150E-04,4.68951862E-06,-0.00000000E+00,-0.00000000E+00,-3.70477122E-16,-7.84647584E-17,-0.00000000E+00,-0.00000000E+00,-3.53007782E-16,-7.78008341E-17,-2.53321327E+06,-9.99817802E+04,-7.93436700E+01,-1.45400286E+01,2.53319225E+05,9.99809506E+03,2.50000000E+05,1.00000000E+04,7.76991745E+06,2.49908477E+05
2.70000000E+01,1.00000000E+00,1.00000000E+00,1.39977705E+08,2.59890571E+05,-0.00000000E+00,-0.00000000E+00,-1.31321010E+01,-9.38048623E-01,1.13500726E+06,4.30959538E+04,1.13518768E-04,4.31028047E-06,1.23487036E+06,4.68877313E+04,1.23506669E-04,4.68951862E-06,-0.00000000E+00,-0.00000000E+00,-4.64403565E-16,-9.39264425E-17,-0.00000000E+00,-0.00000000E+00,-4.46271159E-16,-9.32633775E-17,-2.63319505E+06,-9.99817802E+04,-9.63119086E+01,-1.69682385E+01,2.63317320E+05,9.99809506E+03,2.60000000E+05,1.00000000E+04,7.76991745E+06,2.59890571E+05
2.80000000E+01,1.00000000E+00,1.00000000E+00,1.39977705E+08,2.69869934E+05,-0.00000000E+00,-0.00000000E+00,-1.41025099E+01,-9.70408848E-01,1.17810321E+06,4.30959538E+04,1.17829048E-04,4.31028047E-06,1.28175809E+06,4.68877313E+04,1.28196187E-04,4.68951862E-06,-0.00000000E+00,-0.00000000E+00,-5.75989279E-16,-1.11585714E-16,-0.00000000E+00,-0.00000000E+00,-5.57194667E-16,-1.10923508E-16,-2.73317683E+06,-9.99817802E+04,-1.15978262E+02,-1.96663534E+01,2.73315415E+05,9.99809506E+03,2.70000000E+05,1.00000000E+04,7.76991745E+06,2.69869934E+05
2.90000000E+01,1.00000000E+00,1.00000000E+00,1.39977705E+08,2.79846283E+05,-0.00000000E+00,-0.00000000E+00,-1.51050954E+01,-1.00258550E+00,1.22119917E+06,4.30959538E+04,1.22139329E-04,4.31028047E-06,1.32864582E+06,4.68877313E+04,1.32885706E-04,4.68951862E-06,-0.00000000E+00,-0.00000000E+00,-7.07640452E-16,-1.31651173E-16,-0.00000000E+00,-0.00000000E+00,-6.88184492E-16,-1.30989825E-16,-2.83315861E+06,-9.99817802E+04,-1.38626909E+02,-2.26486466E+01,2.83313510E+05,9.99809506E+03,2.80000000E+05,1.00000000E+04,7.76991745E+06,2.79846283E+05
3.00000000E+01,1.00000000E+00,1.00000000E+00,1.39977705E+08,2.89819319E+05,-0.00000000E+00,-0.00000000E+00,-1.61396798E+01,-1.03458445E+00,1.26429512E+06,4.30959538E+04,1.26449609E-04,4.31028047E-06,1.37553355E+06,4.68877313E+04,1.37575224E-04,4.68951862E-06,-0.00000000E+00,-0.00000000E+00,-8.61982390E-16,-1.54341938E-16,-0.00000000E+00,-0.00000000E+00,-8.41865938E-16,-1.53681446E-16,-2.93314039E+06,-9.99817802E+04,-1.64555906E+02,-2.59289976E+01,2.93311605E+05,9.99809506E+03,2.90000000E+05,1.00000000E+04,7.76991745E+06,2.89819319E+05
3.10000000E+01,1.00000000E+00,1.00000000E+00,1.39977705E+08,2.99788732E+05,-0.00000000E+00,-0.00000000E+00,-1.72060911E+01,-1.06641122E+00,1.30739107E+06,4.30959538E+04,1.30759890E-04,4.31028047E-06,1.42242128E+06,4.68877313E+04,1.42264743E-04,4.68951862E-06,-0.00000000E+00,-0.00000000E+00,-1.04187005E-15,-1.79887665E-16,-0.00000000E+00,-0.00000000E+00,-1.02109397E-15,-1.79228029E-16,-3.03312217E+06,-9.99817802E+04,-1.94076754E+02,-2.95208479E+01,3.03309700E+05,9.99809506E+03,3.00000000E+05,1.00000000E+04,7.76991745E+06,2.99788732E+05
3.20000000E+01,1.00000000E+00,1.00000000E+00,1.39977705E+08,3.09754197E+05,-0.00000000E+00,-0.00000000E+00,-1.83041620E+01,-1.09807095E+00,1.35048703E+06,4.30959538E+04,1.35070170E-04,4.31028047E-06,1.46930901E+06,4.68877313E+04,1.46954262E-04,4.68951862E-06,-0.00000000E+00,-0.00000000E+00,-1.25039861E-15,-2.08528559E-16,-0.00000000E+00,-0.00000000E+00,-1.22896375E-15,-2.07869780E-16,-3.13310395E+06,-9.99817802E+04,-2.27513917E+02,-3.34371627E+01,3.13307795E+05,9.99809506E+03,3.10000000E+05,1.00000000E+04,7.76991745E+06,3.09754197E+05
3.30000000E+01,1.00000000E+00,1.00000000E+00,1.39977705E+08,3.19715377E+05,-0.00000000E+00,-0.00000000E+00,-1.94337304E+01,-1.12956842E+00,1.39358298E+06,4.30959538E+04,1.39380451E-04,4.31028047E-06,1.51619675E+06,4.68877313E+04,1.51643780E-04,4.68951862E-06,-0.00000000E+00,-0.00000000E+00,-1.49091399E-15,-2.40515378E-16,-0.00000000E+00,-0.00000000E+00,-1.46882120E-15,-2.39857454E-16,-3.23308573E+06,-9.99817802E+04,-2.65204314E+02,-3.76903977E+01,3.23305890E+05,9.99809506E+03,3.20000000E+05,1.00000000E+04,7.76991745E+06,3.19715377E+05
3.40000000E+01,1.00000000E+00,1.00000000E+00,1.39977705E+08,3.29671924E+05,-0.00000000E+00,-0.00000000E+00,-2.05946385E+01,-1.16090811E+00,1.43667893E+06,4.30959538E+04,1.43690731E-04,4.31028047E-06,1.56308448E+06,4.68877313E+04,1.56333299E-04,4.68951862E-06,-0.00000000E+00,-0.00000000E+00,-1.76702341E-15,-2.76109417E-16,-0.00000000E+00,-0.00000000E+00,-1.74427355E-15,-2.75452346E-16,-3.33306751E+06,-9.99817802E+04,-3.07496785E+02,-4.22924705E+01,3.33303985E+05,9.99809506E+03,3.30000000E+05,1.00000000E+04,7.76991745E+06,3.29671924E+05
3.50000000E+01,1.00000000E+00,1.00000000E+00,1.39977705E+08,3.39623477E+05,-0.00000000E+00,-0.00000000E+00,-2.17867327E+01,-1.19209418E+00,1.47977489E+06,4.30959538E+04,1.48001012E-04,4.31028047E-06,1.60997221E+06,4.68877313E+04,1.61022818E-04,4.68951862E-06,-0.00000000E+00,-0.00000000E+00,-2.08260590E-15,-3.15582492E-16,-0.00000000E+00,-0.00000000E+00,-2.05919982E-15,-3.14926276E-16,-3.43304929E+06,-9.99817802E+04,-3.54751522E+02,-4.72547370E+01,3.43302081E+05,9.99809506E+03,3.40000000E+05,1.00000000E+04,7.76991745E+06,3.39623477E+05
3.60000000E+01,1.00000000E+00,1.00000000E+00,1.39977705E+08,3.49569666E+05,-0.00000000E+00,-0.00000000E+00,-2.30098632E+01,-1.22313050E+00,1.52287084E+06,4.30959538E+04,1.52311292E-04,4.31028047E-06,1.65685994E+06,4.68877313E+04,1.65712336E-04,4.68951862E-06,-0.00000000E+00,-0.00000000E+00,-2.44182282E-15,-3.59216917E-16,-0.00000000E+00,-0.00000000E+00,-2.41776138E-15,-3.58561553E-16,-3.53303107E+06,-9.99817802E+04,-4.07339493E+02,-5.25879714E+01,3.53300176E+05,9.99809506E+03,3.50000000E+05,1.00000000E+04,7.76991745E+06,3.49569666E+05
3.70000000E+01,1.00000000E+00,1.00000000E+00,1.39977705E+08,3.59510109E+05,-0.00000000E+00,-0.00000000E+00,-2.42638839E+01,-1.25402066E+00,1.56596680E+06,4.30959538E+04,1.56621573E-04,4.31028047E-06,1.70374767E+06,4.68877313E+04,1.70401855E-04,4.68951862E-06,-0.00000000E+00,-0.00000000E+00,-2.84912828E-15,-4.07305462E-16,-0.00000000E+00,-0.00000000E+00,-2.82441233E-15,-4.06650950E-16,-3.63301285E+06,-9.99817802E+04,-4.65641845E+02,-5.83023514E+01,3.63298271E+05,9.99809506E+03,3.60000000E+05,1.00000000E+04,7.76991745E+06,3.59510109E+05
3.80000000E+01,1.00000000E+00,1.00000000E+00,1.39977705E+08,3.69444417E+05,-0.00000000E+00,-0.00000000E+00,-2.55486519E+01,-1.28476798E+00,1.60906275E+06,4.30959538E+04,1.60931853E-04,4.31028047E-06,1.75063540E+06,4.68877313E+04,1.75091373E-04,4.68951862E-06,-0.00000000E+00,-0.00000000E+00,-3.30927960E-15,-4.60151315E-16,-0.00000000E+00,-0.00000000E+00,-3.28390998E-15,-4.59497655E-16,-3.73299463E+06,-9.99817802E+04,-5.30049291E+02,-6.44074461E+01,3.73296366E+05,9.99809506E+03,3.70000000E+05,1.00000000E+04,7.76991745E+06,3.69444417E+05
3.90000000E+01,1.00000000E+00,1.00000000E+00,1.39977705E+08,3.79372189E+05,-0.00000000E+00,-0.00000000E+00,-2.68640274E+01,-1.31537556E+00,1.65215870E+06,4.30959538E+04,1.65242134E-04,4.31028047E-06,1.79752313E+06,4.68877313E+04,1.79780892E-04,4.68951862E-06,-0.00000000E+00,-0.00000000E+00,-3.82734763E-15,-5.18068032E-16,-0.00000000E+00,-0.00000000E+00,-3.80132520E-15,-5.17415223E-16,-3.83297641E+06,-9.99817802E+04,-6.00961499E+02,-7.09122077E+01,3.83294461E+05,9.99809506E+03,3.80000000E+05,1.00000000E+04,7.76991745E+06,3.79372189E+05
4.00000000E+01,1.00000000E+00,1.00000000E+00,1.39977705E+08,3.89293019E+05,-0.00000000E+00,-0.00000000E+00,-2.82098736E+01,-1.34584623E+00,1.69525466E+06,4.30959538E+04,1.69552414E-04,4.31028047E-06,1.84441086E+06,4.68877313E+04,1.84470411E-04,4.68951862E-06,-0.00000000E+00,-0.00000000E+00,-4.40872711E-15,-5.81379481E-16,-0.00000000E+00,-0.00000000E+00,-4.38205272E-15,-5.80727521E-16,-3.93295819E+06,-9.99817802E+04,-6.78786466E+02,-7.78249670E+01,3.93292556E+05,9.99809506E+03,3.90000000E+05,1.00000000E+04,7.76991745E+06,3.89293019E+05
4.10000000E+01,1.00000000E+00,1.00000000E+00,1.39977705E+08,3.99206489E+05,-0.00000000E+00,-0.00000000E+00,-2.95860563E+01,-1.37618263E+00,1.73835061E+06,4.30959538E+04,1.73862694E-04,4.31028047E-06,1.89129860E+06,4.68877313E+04,1.89159929E-04,4.68951862E-06,-0.00000000E+00,-0.00000000E+00,-5.05914689E-15,-6.50419778E-16,-0.00000000E+00,-0.00000000E+00,-5.03182139E-15,-6.49768667E-16,-4.03293997E+06,-9.99817802E+04,-7.63939896E+02,-8.51534309E+01,4.03290651E+05,9.99809506E+03,4.00000000E+05,1.00000000E+04,7.76991745E+06,3.99206489E+05
4.20000000E+01,1.00000000E+00,1.00000000E+00,1.39977705E+08,4.09112178E+05,-0.00000000E+00,-0.00000000E+00,-3.09924434E+01,-1.40638717E+00,1.78144656E+06,4.30959538E+04,1.78172975E-04,4.31028047E-06,1.93818633E+06,4.68877313E+04,1.93849448E-04,4.68951862E-06,-0.00000000E+00,-0.00000000E+00,-5.78468011E-15,-7.25533221E-16,-0.00000000E+00,-0.00000000E+00,-5.75670435E-15,-7.24882959E-16,-4.13292175E+06,-9.99817802E+04,-8.56844580E+02,-9.29046833E+01,4.13288746E+05,9.99809506E+03,4.10000000E+05,1.00000000E+04,7.76991745E+06,4.09112178E+05
4.30000000E+01,1.00000000E+00,1.00000000E+00,1.39977705E+08,4.19009656E+05,-0.00000000E+00,-0.00000000E+00,-3.24289055E+01,-1.43646207E+00,1.82454252E+06,4.30959538E+04,1.82483255E-04,4.31028047E-06,1.98507406E+06,4.68877313E+04,1.98538966E-04,4.68951862E-06,-0.00000000E+00,-0.00000000E+00,-6.59175433E-15,-8.07074219E-16,-0.00000000E+00,-0.00000000E+00,-6.56312916E-15,-8.06424805E-16,-4.23290353E+06,-9.99817802E+04,-9.57929768E+02,-1.01085188E+02,4.23286841E+05,9.99809506E+03,4.20000000E+05,1.00000000E+04,7.76991745E+06,4.19009656E+05
4.40000000E+01,1.00000000E+00,1.00000000E+00,1.39977705E+08,4.28898489E+05,-0.00000000E+00,-0.00000000E+00,-3.38953149E+01,-1.46640937E+00,1.86763847E+06,4.30959538E+04,1.86793536E-04,4.31028047E-06,2.03196179E+06,4.68877313E+04,2.03228485E-04,4.68951862E-06,-0.00000000E+00,-0.00000000E+00,-7.48716154E-15,-8.95407212E-16,-0.00000000E+00,-0.00000000E+00,-7.45788780E-15,-8.94758645E-16,-4.33288531E+06,-9.99817802E+04,-1.06763056E+03,-1.09700796E+02,4.33284936E+05,9.99809506E+03,4.30000000E+05,1.00000000E+04,7.76991745E+06,4.28898489E+05
4.50000000E+01,1.00000000E+00,1.00000000E+00,1.39977705E+08,4.38778236E+05,-0.00000000E+00,-0.00000000E+00,-3.53915458E+01,-1.49623093E+00,1.91073443E+06,4.30959538E+04,1.91103816E-04,4.31028047E-06,2.07884952E+06,4.68877313E+04,2.07918004E-04,4.68951862E-06,-0.00000000E+00,-0.00000000E+00,-8.47806812E-15,-9.90906586E-16,-0.00000000E+00,-0.00000000E+00,-8.44814667E-15,-9.90258866E-16,-4.43286709E+06,-9.99817802E+04,-1.18638731E+03,-1.18756747E+02,4.43283031E+05,9.99809506E+03,4.40000000E+05,1.00000000E+04,7.76991745E+06,4.38778236E+05
4.60000000E+01,1.00000000E+00,1.00000000E+00,1.39977705E+08,4.48648453E+05,-0.00000000E+00,-0.00000000E+00,-3.69174742E+01,-1.52592845E+00,1.95383038E+06,4.30959538E+04,1.95414097E-04,4.31028047E-06,2.12573725E+06,4.68877313E+04,2.12607522E-04,4.68951862E-06,-0.00000000E+00,-0.00000000E+00,-9.57202472E-15,-1.09395659E-15,-0.00000000E+00,-0.00000000E+00,-9.54145639E-15,-1.09330972E-15,-4.53284887E+06,-9.99817802E+04,-1.31464500E+03,-1.28257688E+02,4.53281126E+05,9.99809506E+03,4.50000000E+05,1.00000000E+04,7.76991745E+06,4.48648453E+05
4.70000000E+01,1.00000000E+00,1.00000000E+00,1.39977705E+08,4.58508689E+05,-0.00000000E+00,-0.00000000E+00,-3.84729777E+01,-1.55550347E+00,1.99692633E+06,4.30959538E+04,1.99724377E-04,4.31028047E-06,2.17262498E+06,4.68877313E+04,2.17297041E-04,4.68951862E-06,-0.00000000E+00,-0.00000000E+00,-1.07769760E-14,-1.20495126E-15,-0.00000000E+00,-0.00000000E+00,-1.07457616E-14,-1.20430523E-15,-4.63283065E+06,-9.99817802E+04,-1.45285267E+03,-1.38207675E+02,4.63279221E+05,9.99809506E+03,4.60000000E+05,1.00000000E+04,7.76991745E+06,4.58508689E+05
4.80000000E+01,1.00000000E+00,1.00000000E+00,1.39977705E+08,4.68358494E+05,-0.00000000E+00,-0.00000000E+00,-4.00579351E+01,-1.58495740E+00,2.04002229E+06,4.30959538E+04,2.04034658E-04,4.31028047E-06,2.21951272E+06,4.68877313E+04,2.21986560E-04,4.68951862E-06,-0.00000000E+00,-0.00000000E+00,-1.21012702E-14,-1.32429427E-15,-0.00000000E+00,-0.00000000E+00,-1.20694107E-14,-1.32364909E-15,-4.73281243E+06,-9.99817802E+04,-1.60146286E+03,-1.48610189E+02,4.73277316E+05,9.99809506E+03,4.70000000E+05,1.00000000E+04,7.76991745E+06,4.68358494E+05
4.90000000E+01,1.00000000E+00,1.00000000E+00,1.39977705E+08,4.78197412E+05,-0.00000000E+00,-0.00000000E+00,-4.16722266E+01,-1.61429151E+00,2.08311824E+06,4.30959538E+04,2.08344938E-04,4.31028047E-06,2.26640045E+06,4.68877313E+04,2.26676078E-04,4.68951862E-06,-0.00000000E+00,-0.00000000E+00,-1.35536692E-14,-1.45239893E-15,-0.00000000E+00,-0.00000000E+00,-1.35211653E-14,-1.45175459E-15,-4.83279421E+06,-9.99817802E+04,-1.76093101E+03,-1.59468151E+02,4.83275411E+05,9.99809506E+03,4.80000000E+05,1.00000000E+04,7.76991745E+06,4.78197412E+05
5.00000000E+01,1.00000000E+00,1.00000000E+00,1.39977705E+08,4.88024984E+05,-0.00000000E+00,-0.00000000E+00,-4.33157336E+01,-1.64350693E+00,2.12621419E+06,4.30959538E+04,2.12655219E-04,4.31028047E-06,2.31328818E+06,4.68877313E+04,2.31365597E-04,4.68951862E-06,-0.00000000E+00,-0.00000000E+00,-1.51433572E-14,-1.58968798E-15,-0.00000000E+00,-0.00000000E+00,-1.51102098E-14,-1.58904448E-15,-4.93277599E+06,-9.99817802E+04,-1.93171495E+03,-1.70783932E+02,4.93273506E+05,9.99809506E+03,4.90000000E+05,1.00000000E+04,7.76991745E+06,4.88024984E+05
5.10000000E+01,1.00000000E+00,1.00000000E+00,1.39977705E+08,4.97840752E+05,-0.00000000E+00,-0.00000000E+00,-4.49883382E+01,-1.67260468E+00,2.16931015E+06,4.30959538E+04,2.16965499E-04,4.31028047E-06,2.36017591E+06,4.68877313E+04,2.36055115E-04,4.68951862E-06,-0.00000000E+00,-0.00000000E+00,-1.68799507E-14,-1.73659357E-15,-0.00000000E+00,-0.00000000E+00,-1.68461607E-14,-1.73595091E-15,-5.03275777E+06,-9.99817802E+04,-2.11427432E+03,-1.82559373E+02,5.03271602E+05,9.99809506E+03,5.00000000E+05,1.00000000E+04,7.76991745E+06,4.97840752E+05
5.20000000E+01,1.00000000E+00,1.00000000E+00,1.39977705E+08,5.07644255E+05,-0.00000000E+00,-0.00000000E+00,-4.66899239E+01,-1.70158568E+00,2.21240610E+06,4.30959538E+04,2.21275780E-04,4.31028047E-06,2.40706364E+06,4.68877313E+04,2.40744634E-04,4.68951862E-06,-0.00000000E+00,-0.00000000E+00,-1.87735078E-14,-1.89355709E-15,-0.00000000E+00,-0.00000000E+00,-1.87390760E-14,-1.89291528E-15,-5.13273955E+06,-9.99817802E+04,-2.30907012E+03,-1.94795797E+02,5.13269697E+05,9.99809506E+03,5.10000000E+05,1.00000000E+04,7.76991745E+06,5.07644255E+05
5.30000000E+01,1.00000000E+00,1.00000000E+00,1.39977705E+08,5.17435031E+05,-0.00000000E+00,-0.00000000E+00,-4.84203746E+01,-1.73045073E+00,2.25550206E+06,4.30959538E+04,2.25586060E-04,4.31028047E-06,2.45395137E+06,4.68877313E+04,2.45434153E-04,4.68951862E-06,-0.00000000E+00,-0.00000000E+00,-2.08345369E-14,-2.06102914E-15,-0.00000000E+00,-0.00000000E+00,-2.07994641E-14,-2.06038816E-15,-5.23272133E+06,-9.99817802E+04,-2.51656414E+03,-2.07494028E+02,5.23267792E+05,9.99809506E+03,5.20000000E+05,1.00000000E+04,7.76991745E+06,5.17435031E+05
5.40000000E+01,1.00000000E+00,1.00000000E+00,1.39977705E+08,5.27212617E+05,-0.00000000E+00,-0.00000000E+00,-5.01795752E+01,-1.75920055E+00,2.29859801E+06,4.30959538E+04,2.29896341E-04,4.31028047E-06,2.50083910E+06,4.68877313E+04,2.50123671E-04,4.68951862E-06,-0.00000000E+00,-0.00000000E+00,-2.30740063E-14,-2.23946931E-15,-0.00000000E+00,-0.00000000E+00,-2.30382933E-14,-2.23882918E-15,-5.33270311E+06,-9.99817802E+04,-2.73721855E+03,-2.20654408E+02,5.33265887E+05,9.99809506E+03,5.30000000E+05,1.00000000E+04,7.76991745E+06,5.27212617E+05
5.50000000E+01,1.00000000E+00,1.00000000E+00,1.39977705E+08,5.36976552E+05,-0.00000000E+00,-0.00000000E+00,-5.19674109E+01,-1.78783575E+00,2.34169396E+06,4.30959538E+04,2.34206621E-04,4.31028047E-06,2.54772683E+06,4.68877313E+04,2.54813190E-04,4.68951862E-06,-0.00000000E+00,-0.00000000E+00,-2.55033524E-14,-2.42934619E-15,-0.00000000E+00,-0.00000000E+00,-2.54670002E-14,-2.42870689E-15,-5.43268489E+06,-9.99817802E+04,-2.97149536E+03,-2.34276812E+02,5.43263982E+05,9.99809506E+03,5.40000000E+05,1.00000000E+04,7.76991745E+06,5.36976552E+05
5.60000000E+01,1.00000000E+00,1.00000000E+00,1.39977705E+08,5.46726375E+05,-0.00000000E+00,-0.00000000E+00,-5.37837678E+01,-1.81635689E+00,2.38478992E+06,4.30959538E+04,2.38516901E-04,4.31028047E-06,2.59461457E+06,4.68877313E+04,2.59502709E-04,4.68951862E-06,-0.00000000E+00,-0.00000000E+00,-2.81344896E-14,-2.63113714E-15,-0.00000000E+00,-0.00000000E+00,-2.80974989E-14,-2.63049868E-15,-5.53266667E+06,-9.99817802E+04,-3.21985603E+03,-2.48360670E+02,5.53262077E+05,9.99809506E+03,5.50000000E+05,1.00000000E+04,7.76991745E+06,5.46726375E+05
5.70000000E+01,1.00000000E+00,1.00000000E+00,1.39977705E+08,5.56461626E+05,-0.00000000E+00,-0.00000000E+00,-5.56285323E+01,-1.84476442E+00,2.42788587E+06,4.30959538E+04,2.42827182E-04,4.31028047E-06,2.64150230E+06,4.68877313E+04,2.64192227E-04,4.68951862E-06,-0.00000000E+00,-0.00000000E+00,-3.09798179E-14,-2.84532827E-15,-0.00000000E+00,-0.00000000E+00,-3.09421895E-14,-2.84469065E-15,-5.63264846E+06,-9.99817802E+04,-3.48276101E+03,-2.62904980E+02,5.63260172E+05,9.99809506E+03,5.60000000E+05,1.00000000E+04,7.76991745E+06,5.56461626E+05
5.80000000E+01,1.00000000E+00,1.00000000E+00,1.39977705E+08,5.66181844E+05,-0.00000000E+00,-0.00000000E+00,-5.75015910E+01,-1.87305874E+00,2.47098183E+06,4.30959538E+04,2.47137462E-04,4.31028047E-06,2.68839003E+06,4.68877313E+04,2.68881746E-04,4.68951862E-06,-0.00000000E+00,-0.00000000E+00,-3.40522321E-14,-3.07241426E-15,-0.00000000E+00,-0.00000000E+00,-3.40139670E-14,-3.07177748E-15,-5.73263024E+06,-9.99817802E+04,-3.76066934E+03,-2.77908331E+02,5.73258267E+05,9.99809506E+03,5.70000000E+05,1.00000000E+04,7.76991745E+06,5.66181844E+05
5.90000000E+01,1.00000000E+00,1.00000000E+00,1.39977705E+08,5.75886574E+05,-0.00000000E+00,-0.00000000E+00,-5.94028312E+01,-1.90124018E+00,2.51407778E+06,4.30959538E+04,2.51447743E-04,4.31028047E-06,2.73527776E+06,4.68877313E+04,2.73571264E-04,4.68951862E-06,-0.00000000E+00,-0.00000000E+00,-3.73651304E-14,-3.31289826E-15,-0.00000000E+00,-0.00000000E+00,-3.73262293E-14,-3.31226232E-15,-5.83261202E+06,-9.99817802E+04,-4.05403826E+03,-2.93368919E+02,5.83256362E+05,9.99809506E+03,5.80000000E+05,1.00000000E+04,7.76991745E+06,5.75886574E+05
6.00000000E+01,1.00000000E+00,1.00000000E+00,1.39977705E+08,5.85575360E+05,-0.00000000E+00,-0.00000000E+00,-6.13321402E+01,-1.92930899E+00,2.55717373E+06,4.30959538E+04,2.55758023E-04,4.31028047E-06,2.78216549E+06,4.68877313E+04,2.78260783E-04,4.68951862E-06,-0.00000000E+00,-0.00000000E+00,-4.09324222E-14,-3.56729180E-15,-0.00000000E+00,-0.00000000E+00,-4.08928860E-14,-3.56665669E-15,-5.93259380E+06,-9.99817802E+04,-4.36332282E+03,-3.09284562E+02,5.93254457E+05,9.99809506E+03,5.90000000E+05,1.00000000E+04,7.76991745E+06,5.85575360E+05
6.10000000E+01,1.00000000E+00,1.00000000E+00,1.39977705E+08,5.95247750E+05,-0.00000000E+00,-0.00000000E+00,-6.32894056E+01,-1.95726539E+00,2.60026969E+06,4.30959538E+04,2.60068304E-04,4.31028047E-06,2.82905322E+06,4.68877313E+04,2.82950302E-04,4.68951862E-06,-0.00000000E+00,-0.00000000E+00,-4.47685368E-14,-3.83611460E-15,-0.00000000E+00,-0.00000000E+00,-4.47283663E-14,-3.83548033E-15,-6.03257558E+06,-9.99817802E+04,-4.68897555E+03,-3.25652723E+02,6.03252552E+05,9.99809506E+03,6.00000000E+05,1.00000000E+04,7.76991745E+06,5.95247750E+05
6.20000000E+01,1.00000000E+00,1.00000000E+00,1.39977705E+08,6.04903295E+05,-0.00000000E+00,-0.00000000E+00,-6.52745151E+01,-1.98510955E+00,2.64336564E+06,4.30959538E+04,2.64378584E-04,4.31028047E-06,2.87594095E+06,4.68877313E+04,2.87639820E-04,4.68951862E-06,-0.00000000E+00,-0.00000000E+00,-4.88884313E-14,-4.11989453E-15,-0.00000000E+00,-0.00000000E+00,-4.88476274E-14,-4.11926109E-15,-6.13255736E+06,-9.99817802E+04,-5.03144607E+03,-3.42470525E+02,6.13250647E+05,9.99809506E+03,6.10000000E+05,1.00000000E+04,7.76991745E+06,6.04903295E+05
6.30000000E+01,1.00000000E+00,1.00000000E+00,1.39977705E+08,6.14541547E+05,-0.00000000E+00,-0.00000000E+00,-6.72873567E+01,-2.01284157E+00,2.68646159E+06,4.30959538E+04,2.68688865E-04,4.31028047E-06,2.92282869E+06,4.68877313E+04,2.92329339E-04,4.68951862E-06,-0.00000000E+00,-0.00000000E+00,-5.33075987E-14,-4.41916740E-15,-0.00000000E+00,-0.00000000E+00,-5.32661622E-14,-4.41853480E-15,-6.23253914E+06,-9.99817802E+04,-5.39118084E+03,-3.59734768E+02,6.23248742E+05,9.99809506E+03,6.20000000E+05,1.00000000E+04,7.76991745E+06,6.14541547E+05
6.40000000E+01,1.00000000E+00,1.00000000E+00,1.39977705E+08,6.24162065E+05,-0.00000000E+00,-0.00000000E+00,-6.93278182E+01,-2.04046153E+00,2.72955755E+06,4.30959538E+04,2.72999145E-04,4.31028047E-06,2.96971642E+06,4.68877313E+04,2.97018858E-04,4.68951862E-06,-0.00000000E+00,-0.00000000E+00,-5.80420756E-14,-4.73447693E-15,-0.00000000E+00,-0.00000000E+00,-5.80000074E-14,-4.73384516E-15,-6.33252092E+06,-9.99817802E+04,-5.76862279E+03,-3.77441951E+02,6.33246837E+05,9.99809506E+03,6.30000000E+05,1.00000000E+04,7.76991745E+06,6.24162065E+05
6.50000000E+01,1.00000000E+00,1.00000000E+00,1.39977705E+08,6.33764408E+05,-0.00000000E+00,-0.00000000E+00,-7.13957876E+01,-2.06796945E+00,2.77265350E+06,4.30959538E+04,2.77309426E-04,4.31028047E-06,3.01660415E+06,4.68877313E+04,3.01708376E-04,4.68951862E-06,-0.00000000E+00,-0.00000000E+00,-6.31084502E-14,-5.06637455E-15,-0.00000000E+00,-0.00000000E+00,-6.30657510E-14,-5.06574361E-15,-6.43250270E+06,-9.99817802E+04,-6.16421107E+03,-3.95588280E+02,6.43244932E+05,9.99809506E+03,6.40000000E+05,1.00000000E+04,7.76991745E+06,6.33764408E+05
6.60000000E+01,1.00000000E+00,1.00000000E+00,1.39977705E+08,6.43348143E+05,-0.00000000E+00,-0.00000000E+00,-7.34911530E+01,-2.09536534E+00,2.81574946E+06,4.30959538E+04,2.81619706E-04,4.31028047E-06,3.06349188E+06,4.68877313E+04,3.06397895E-04,4.68951862E-06,-0.00000000E+00,-0.00000000E+00,-6.85238695E-14,-5.41541931E-15,-0.00000000E+00,-0.00000000E+00,-6.84805402E-14,-5.41478920E-15,-6.53248448E+06,-9.99817802E+04,-6.57838076E+03,-4.14169693E+02,6.53243027E+05,9.99809506E+03,6.50000000E+05,1.00000000E+04,7.76991745E+06,6.43348143E+05
6.70000000E+01,1.00000000E+00,1.00000000E+00,1.39977705E+08,6.52912839E+05,-0.00000000E+00,-0.00000000E+00,-7.56138022E+01,-2.12264917E+00,2.85884541E+06,4.30959538E+04,2.85929987E-04,4.31028047E-06,3.11037961E+06,4.68877313E+04,3.11087413E-04,4.68951862E-06,-0.00000000E+00,-0.00000000E+00,-7.43060472E-14,-5.78217774E-15,-0.00000000E+00,-0.00000000E+00,-7.42620886E-14,-5.78154847E-15,-6.63246626E+06,-9.99817802E+04,-7.01156264E+03,-4.33181875E+02,6.63241122E+05,9.99809506E+03,6.60000000E+05,1.00000000E+04,7.76991745E+06,6.52912839E+05
6.80000000E+01,1.00000000E+00,1.00000000E+00,1.39977705E+08,6.62458069E+05,-0.00000000E+00,-0.00000000E+00,-7.77636230E+01,-2.14982086E+00,2.90194136E+06,4.30959538E+04,2.90240267E-04,4.31028047E-06,3.15726734E+06,4.68877313E+04,3.15776932E-04,4.68951862E-06,-0.00000000E+00,-0.00000000E+00,-8.04732710E-14,-6.16722376E-15,-0.00000000E+00,-0.00000000E+00,-8.04286840E-14,-6.16659531E-15,-6.73244804E+06,-9.99817802E+04,-7.46418291E+03,-4.52620267E+02,6.73239218E+05,9.99809506E+03,6.70000000E+05,1.00000000E+04,7.76991745E+06,6.62458069E+05
6.90000000E+01,1.00000000E+00,1.00000000E+00,1.39977705E+08,6.71983412E+05,-0.00000000E+00,-0.00000000E+00,-7.99405033E+01,-2.17688033E+00,2.94503732E+06,4.30959538E+04,2.94550548E-04,4.31028047E-06,3.20415507E+06,4.68877313E+04,3.20466451E-04,4.68951862E-06,-0.00000000E+00,-0.00000000E+00,-8.70444095E-14,-6.57113850E-15,-0.00000000E+00,-0.00000000E+00,-8.69991948E-14,-6.57051088E-15,-6.83242982E+06,-9.99817802E+04,-7.93666300E+03,-4.72480093E+02,6.83237313E+05,9.99809506E+03,6.80000000E+05,1.00000000E+04,7.76991745E+06,6.71983412E+05
7.00000000E+01,1.00000000E+00,1.00000000E+00,1.39977705E+08,6.81488452E+05,-0.00000000E+00,-0.00000000E+00,-8.21443308E+01,-2.20382748E+00,2.98813327E+06,4.30959538E+04,2.98860828E-04,4.31028047E-06,3.25104280E+06,4.68877313E+04,3.25155969E-04,4.68951862E-06,-0.00000000E+00,-0.00000000E+00,-9.40389197E-14,-6.99451022E-15,-0.00000000E+00,-0.00000000E+00,-9.39930783E-14,-6.99388343E-15,-6.93241160E+06,-9.99817802E+04,-8.42941936E+03,-4.92756363E+02,6.93235408E+05,9.99809506E+03,6.90000000E+05,1.00000000E+04,7.76991745E+06,6.81488452E+05
7.10000000E+01,1.00000000E+00,1.00000000E+00,1.39977705E+08,6.90972777E+05,-0.00000000E+00,-0.00000000E+00,-8.43749930E+01,-2.23066217E+00,3.03122922E+06,4.30959538E+04,3.03171109E-04,4.31028047E-06,3.29793054E+06,4.68877313E+04,3.29845488E-04,4.68951862E-06,-0.00000000E+00,-0.00000000E+00,-1.01476854E-13,-7.43793414E-15,-0.00000000E+00,-0.00000000E+00,-1.01430386E-13,-7.43730818E-15,-7.03239338E+06,-9.99817802E+04,-8.94286326E+03,-5.13443897E+02,7.03233503E+05,9.99809506E+03,7.00000000E+05,1.00000000E+04,7.76991745E+06,6.90972777E+05
7.20000000E+01,1.00000000E+00,1.00000000E+00,1.39977705E+08,7.00435982E+05,-0.00000000E+00,-0.00000000E+00,-8.66323773E+01,-2.25738426E+00,3.07432518E+06,4.30959538E+04,3.07481389E-04,4.31028047E-06,3.34481827E+06,4.68877313E+04,3.34535006E-04,4.68951862E-06,-0.00000000E+00,-0.00000000E+00,-1.09378866E-13,-7.90201238E-15,-0.00000000E+00,-0.00000000E+00,-1.09331774E-13,-7.90138725E-15,-7.13237516E+06,-9.99817802E+04,-9.47740059E+03,-5.34537336E+02,7.13231598E+05,9.99809506E+03,7.10000000E+05,1.00000000E+04,7.76991745E+06,7.00435982E+05
7.30000000E+01,1.00000000E+00,1.00000000E+00,1.39977705E+08,7.09877667E+05,-0.00000000E+00,-0.00000000E+00,-8.89163708E+01,-2.28399358E+00,3.11742113E+06,4.30959538E+04,3.11791669E-04,4.31028047E-06,3.39170600E+06,4.68877313E+04,3.39224525E-04,4.68951862E-06,-0.00000000E+00,-0.00000000E+00,-1.17766220E-13,-8.38735376E-15,-0.00000000E+00,-0.00000000E+00,-1.17718503E-13,-8.38672946E-15,-7.23235694E+06,-9.99817802E+04,-1.00334317E+04,-5.56031153E+02,7.23229693E+05,9.99809506E+03,7.20000000E+05,1.00000000E+04,7.76991745E+06,7.09877667E+05
7.40000000E+01,1.00000000E+00,1.00000000E+00,1.39977705E+08,7.19297437E+05,-0.00000000E+00,-0.00000000E+00,-9.12268608E+01,-2.31048997E+00,3.16051709E+06,4.30959538E+04,3.16101950E-04,4.31028047E-06,3.43859373E+06,4.68877313E+04,3.43914044E-04,4.68951862E-06,-0.00000000E+00,-0.00000000E+00,-1.26660794E-13,-8.89457373E-15,-0.00000000E+00,-0.00000000E+00,-1.26612453E-13,-8.89395025E-15,-7.33233872E+06,-9.99817802E+04,-1.06113514E+04,-5.77919670E+02,7.33227788E+05,9.99809506E+03,7.30000000E+05,1.00000000E+04,7.76991745E+06,7.19297437E+05
7.50000000E+01,1.00000000E+00,1.00000000E+00,1.39977705E+08,7.28694903E+05,-0.00000000E+00,-0.00000000E+00,-9.35637340E+01,-2.33687323E+00,3.20361304E+06,4.30959538E+04,3.20412230E-04,4.31028047E-06,3.48548146E+06,4.68877313E+04,3.48603562E-04,4.68951862E-06,-0.00000000E+00,-0.00000000E+00,-1.36085088E-13,-9.42429421E-15,-0.00000000E+00,-0.00000000E+00,-1.36036125E-13,-9.42367155E-15,-7.43232050E+06,-9.99817802E+04,-1.12115485E+04,-6.00197069E+02,7.43225883E+05,9.99809506E+03,7.40000000E+05,1.00000000E+04,7.76991745E+06,7.28694903E+05
7.60000000E+01,1.00000000E+00,1.00000000E+00,1.39977705E+08,7.38069683E+05,-0.00000000E+00,-0.00000000E+00,-9.59268772E+01,-2.36314317E+00,3.24670899E+06,4.30959538E+04,3.24722511E-04,4.31028047E-06,3.53236919E+06,4.68877313E+04,3.53293081E-04,4.68951862E-06,-0.00000000E+00,-0.00000000E+00,-1.46062231E-13,-9.97714347E-15,-0.00000000E+00,-0.00000000E+00,-1.46012647E-13,-9.97652164E-15,-7.53230228E+06,-9.99817802E+04,-1.18344059E+04,-6.22857406E+02,7.53223978E+05,9.99809506E+03,7.50000000E+05,1.00000000E+04,7.76991745E+06,7.38069683E+05
7.70000000E+01,1.00000000E+00,1.00000000E+00,1.39977705E+08,7.47421399E+05,-0.00000000E+00,-0.00000000E+00,-9.83161768E+01,-2.38929960E+00,3.28980495E+06,4.30959538E+04,3.29032791E-04,4.31028047E-06,3.57925692E+06,4.68877313E+04,3.57982600E-04,4.68951862E-06,-0.00000000E+00,-0.00000000E+00,-1.56615987E-13,-1.05537560E-14,-0.00000000E+00,-0.00000000E+00,-1.56565782E-13,-1.05531350E-14,-7.63228406E+06,-9.99817802E+04,-1.24803005E+04,-6.45894621E+02,7.63222073E+05,9.99809506E+03,7.60000000E+05,1.00000000E+04,7.76991745E+06,7.47421399E+05
7.80000000E+01,1.00000000E+00,1.00000000E+00,1.39977705E+08,7.56749681E+05,-0.00000000E+00,-0.00000000E+00,-1.00731519E+02,-2.41534230E+00,3.33290090E+06,4.30959538E+04,3.33343072E-04,4.31028047E-06,3.62614466E+06,4.68877313E+04,3.62672118E-04,4.68951862E-06,-0.00000000E+00,-0.00000000E+00,-1.67770760E-13,-1.11547725E-14,-0.00000000E+00,-0.00000000E+00,-1.67719934E-13,-1.11541524E-14,-7.73226584E+06,-9.99817802E+04,-1.31496031E+04,-6.69302550E+02,7.73220168E+05,9.99809506E+03,7.70000000E+05,1.00000000E+04,7.76991745E+06,7.56749681E+05
7.90000000E+01,1.00000000E+00,1.00000000E+00,1.39977705E+08,7.66054165E+05,-0.00000000E+00,-0.00000000E+00,-1.03172790E+02,-2.44127108E+00,3.37599685E+06,4.30959538E+04,3.37653352E-04,4.31028047E-06,3.67303239E+06,4.68877313E+04,3.67361637E-04,4.68951862E-06,-0.00000000E+00,-0.00000000E+00,-1.79551600E-13,-1.17808396E-14,-0.00000000E+00,-0.00000000E+00,-1.79500154E-13,-1.17802202E-14,-7.83224762E+06,-9.99817802E+04,-1.38426780E+04,-6.93074936E+02,7.83218263E+05,9.99809506E+03,7.80000000E+05,1.00000000E+04,7.76991745E+06,7.66054165E+05
8.00000000E+01,1.00000000E+00,1.00000000E+00,1.39977705E+08,7.75334492E+05,-0.00000000E+00,-0.00000000E+00,-1.05639876E+02,-2.46708571E+00,3.41909281E+06,4.30959538E+04,3.41963633E-04,4.31028047E-06,3.71992012E+06,4.68877313E+04,3.72051155E-04,4.68951862E-06,-0.00000000E+00,-0.00000000E+00,-1.91984209E-13,-1.24326096E-14,-0.00000000E+00,-0.00000000E+00,-1.91932145E-13,-1.24319911E-14,-7.93222940E+06,-9.99817802E+04,-1.45598834E+04,-7.17205440E+02,7.93216358E+05,9.99809506E+03,7.90000000E+05,1.00000000E+04,7.76991745E+06,7.75334492E+05
8.10000000E+01,1.00000000E+00,1.00000000E+00,1.39977705E+08,7.84590312E+05,-0.00000000E+00,-0.00000000E+00,-1.08132662E+02,-2.49278600E+00,3.46218876E+06,4.30959538E+04,3.46273913E-04,4.31028047E-06,3.76680785E+06,4.68877313E+04,3.76740674E-04,4.68951862E-06,-0.00000000E+00,-0.00000000E+00,-2.05094950E-13,-1.31107408E-14,-0.00000000E+00,-0.00000000E+00,-2.05042268E-13,-1.31101231E-14,-8.03221118E+06,-9.99817802E+04,-1.53015711E+04,-7.41687650E+02,8.03214453E+05,9.99809506E+03,8.00000000E+05,1.00000000E+04,7.76991745E+06,7.84590312E+05
8.20000000E+01,1.00000000E+00,1.00000000E+00,1.39977705E+08,7.93821278E+05,-0.00000000E+00,-0.00000000E+00,-1.10651034E+02,-2.51837172E+00,3.50528472E+06,4.30959538E+04,3.50584194E-04,4.31028047E-06,3.81369558E+06,4.68877313E+04,3.81430193E-04,4.68951862E-06,-0.00000000E+00,-0.00000000E+00,-2.18910847E-13,-1.38158971E-14,-0.00000000E+00,-0.00000000E+00,-2.18857549E-13,-1.38152802E-14,-8.13219296E+06,-9.99817802E+04,-1.60680862E+04,-7.66515092E+02,8.13212548E+05,9.99809506E+03,8.10000000E+05,1.00000000E+04,7.76991745E+06,7.93821278E+05
8.30000000E+01,1.00000000E+00,1.00000000E+00,1.39977705E+08,8.03027053E+05,-0.00000000E+00,-0.00000000E+00,-1.13194876E+02,-2.54384267E+00,3.54838067E+06,4.30959538E+04,3.54894474E-04,4.31028047E-06,3.86058331E+06,4.68877313E+04,3.86119711E-04,4.68951862E-06,-0.00000000E+00,-0.00000000E+00,-2.33459595E-13,-1.45487476E-14,-0.00000000E+00,-0.00000000E+00,-2.33405680E-13,-1.45481315E-14,-8.23217474E+06,-9.99817802E+04,-1.68597674E+04,-7.91681239E+02,8.23210643E+05,9.99809506E+03,8.20000000E+05,1.00000000E+04,7.76991745E+06,8.03027053E+05
8.40000000E+01,1.00000000E+00,1.00000000E+00,1.39977705E+08,8.12207304E+05,-0.00000000E+00,-0.00000000E+00,-1.15764075E+02,-2.56919864E+00,3.59147662E+06,4.30959538E+04,3.59204755E-04,4.31028047E-06,3.90747104E+06,4.68877313E+04,3.90809230E-04,4.68951862E-06,-0.00000000E+00,-0.00000000E+00,-2.48769562E-13,-1.53099671E-14,-0.00000000E+00,-0.00000000E+00,-2.48715032E-13,-1.53093519E-14,-8.33215652E+06,-9.99817802E+04,-1.76769469E+04,-8.17179518E+02,8.33208738E+05,9.99809506E+03,8.30000000E+05,1.00000000E+04,7.76991745E+06,8.12207304E+05
8.50000000E+01,1.00000000E+00,1.00000000E+00,1.39977705E+08,8.21361707E+05,-0.00000000E+00,-0.00000000E+00,-1.18358514E+02,-2.59443943E+00,3.63457258E+06,4.30959538E+04,3.63515035E-04,4.31028047E-06,3.95435877E+06,4.68877313E+04,3.95498749E-04,4.68951862E-06,-0.00000000E+00,-0.00000000E+00,-2.64869797E-13,-1.61002356E-14,-0.00000000E+00,-0.00000000E+00,-2.64814653E-13,-1.60996211E-14,-8.43213830E+06,-9.99817802E+04,-1.85199503E+04,-8.43003319E+02,8.43206834E+05,9.99809506E+03,8.40000000E+05,1.00000000E+04,7.76991745E+06,8.21361707E+05
8.60000000E+01,1.00000000E+00,1.00000000E+00,1.39977705E+08,8.30489941E+05,-0.00000000E+00,-0.00000000E+00,-1.20978079E+02,-2.61956484E+00,3.67766853E+06,4.30959538E+04,3.67825316E-04,4.31028047E-06,4.00124651E+06,4.68877313E+04,4.00188267E-04,4.68951862E-06,-0.00000000E+00,-0.00000000E+00,-2.81790035E-13,-1.69202379E-14,-0.00000000E+00,-0.00000000E+00,-2.81734277E-13,-1.69196243E-14,-8.53212008E+06,-9.99817802E+04,-1.93890963E+04,-8.69146005E+02,8.53204929E+05,9.99809506E+03,8.50000000E+05,1.00000000E+04,7.76991745E+06,8.30489941E+05
8.70000000E+01,1.00000000E+00,1.00000000E+00,1.39977705E+08,8.39591696E+05,-0.00000000E+00,-0.00000000E+00,-1.23622654E+02,-2.64457468E+00,3.72076449E+06,4.30959538E+04,3.72135596E-04,4.31028047E-06,4.04813424E+06,4.68877313E+04,4.04877786E-04,4.68951862E-06,-0.00000000E+00,-0.00000000E+00,-2.99560700E-13,-1.77706643E-14,-0.00000000E+00,-0.00000000E+00,-2.99504329E-13,-1.77700515E-14,-8.63210186E+06,-9.99817802E+04,-2.02846972E+04,-8.95600917E+02,8.63203024E+05,9.99809506E+03,8.60000000E+05,1.00000000E+04,7.76991745E+06,8.39591696E+05
8.80000000E+01,1.00000000E+00,1.00000000E+00,1.39977705E+08,8.48666665E+05,-0.00000000E+00,-0.00000000E+00,-1.26292123E+02,-2.66946876E+00,3.76386044E+06,4.30959538E+04,3.76445876E-04,4.31028047E-06,4.09502197E+06,4.68877313E+04,4.09567304E-04,4.68951862E-06,-0.00000000E+00,-0.00000000E+00,-3.18212909E-13,-1.86522095E-14,-0.00000000E+00,-0.00000000E+00,-3.18155926E-13,-1.86515975E-14,-8.73208364E+06,-9.99817802E+04,-2.12070586E+04,-9.22361382E+02,8.73201119E+05,9.99809506E+03,8.70000000E+05,1.00000000E+04,7.76991745E+06,8.48666665E+05
8.90000000E+01,1.00000000E+00,1.00000000E+00,1.39977705E+08,8.57714550E+05,-0.00000000E+00,-0.00000000E+00,-1.28986370E+02,-2.69424689E+00,3.80695639E+06,4.30959538E+04,3.80756157E-04,4.31028047E-06,4.14190970E+06,4.68877313E+04,4.14256823E-04,4.68951862E-06,-0.00000000E+00,-0.00000000E+00,-3.37778482E-13,-1.95655733E-14,-0.00000000E+00,-0.00000000E+00,-3.37720889E-13,-1.95649622E-14,-8.83206542E+06,-9.99817802E+04,-2.21564793E+04,-9.49420720E+02,8.83199214E+05,9.99809506E+03,8.80000000E+05,1.00000000E+04,7.76991745E+06,8.57714550E+05
9.00000000E+01,1.00000000E+00,1.00000000E+00,1.39977705E+08,8.66735059E+05,-0.00000000E+00,-0.00000000E+00,-1.31705278E+02,-2.71890892E+00,3.85005235E+06,4.30959538E+04,3.85066437E-04,4.31028047E-06,4.18879743E+06,4.68877313E+04,4.18946342E-04,4.68951862E-06,-0.00000000E+00,-0.00000000E+00,-3.58289943E-13,-2.05114601E-14,-0.00000000E+00,-0.00000000E+00,-3.58231738E-13,-2.05108497E-14,-8.93204720E+06,-9.99817802E+04,-2.31332515E+04,-9.76772250E+02,8.93197309E+05,9.99809506E+03,8.90000000E+05,1.00000000E+04,7.76991745E+06,8.66735059E+05
9.10000000E+01,1.00000000E+00,1.00000000E+00,1.39977705E+08,8.75727906E+05,-0.00000000E+00,-0.00000000E+00,-1.34448733E+02,-2.74345467E+00,3.89314830E+06,4.30959538E+04,3.89376718E-04,4.31028047E-06,4.23568516E+06,4.68877313E+04,4.23635860E-04,4.68951862E-06,-0.00000000E+00,-0.00000000E+00,-3.79780521E-13,-2.14905787E-14,-0.00000000E+00,-0.00000000E+00,-3.79721707E-13,-2.14899691E-14,-9.03202898E+06,-9.99817802E+04,-2.41376608E+04,-1.00440930E+03,9.03195404E+05,9.99809506E+03,9.00000000E+05,1.00000000E+04,7.76991745E+06,8.75727906E+05
9.20000000E+01,1.00000000E+00,1.00000000E+00,1.39977705E+08,8.84692813E+05,-0.00000000E+00,-0.00000000E+00,-1.37216617E+02,-2.76788398E+00,3.93624425E+06,4.30959538E+04,3.93686998E-04,4.31028047E-06,4.28257289E+06,4.68877313E+04,4.28325379E-04,4.68951862E-06,-0.00000000E+00,-0.00000000E+00,-4.02284164E-13,-2.25036424E-14,-0.00000000E+00,-0.00000000E+00,-4.02224741E-13,-2.25030336E-14,-9.13201076E+06,-9.99817802E+04,-2.51699860E+04,-1.03232519E+03,9.13193499E+05,9.99809506E+03,9.10000000E+05,1.00000000E+04,7.76991745E+06,8.84692813E+05
9.30000000E+01,1.00000000E+00,1.00000000E+00,1.39977705E+08,8.93629507E+05,-0.00000000E+00,-0.00000000E+00,-1.40008814E+02,-2.79219672E+00,3.97934021E+06,4.30959538E+04,3.97997279E-04,4.31028047E-06,4.32946063E+06,4.68877313E+04,4.33014898E-04,4.68951862E-06,-0.00000000E+00,-0.00000000E+00,-4.25835532E-13,-2.35513687E-14,-0.00000000E+00,-0.00000000E+00,-4.25775502E-13,-2.35507607E-14,-9.23199254E+06,-9.99817802E+04,-2.62304993E+04,-1.06051330E+03,9.23191594E+05,9.99809506E+03,9.20000000E+05,1.00000000E+04,7.76991745E+06,8.93629507E+05
9.40000000E+01,1.00000000E+00,1.00000000E+00,1.39977705E+08,9.02537724E+05,-0.00000000E+00,-0.00000000E+00,-1.42825207E+02,-2.81639273E+00,4.02243616E+06,4.30959538E+04,4.02307559E-04,4.31028047E-06,4.37634836E+06,4.68877313E+04,4.37704416E-04,4.68951862E-06,-0.00000000E+00,-0.00000000E+00,-4.50470012E-13,-2.46344794E-14,-0.00000000E+00,-0.00000000E+00,-4.50409374E-13,-2.46338723E-14,-9.33197432E+06,-9.99817802E+04,-2.73194663E+04,-1.08896697E+03,9.33189689E+05,9.99809506E+03,9.30000000E+05,1.00000000E+04,7.76991745E+06,9.02537724E+05
9.50000000E+01,1.00000000E+00,1.00000000E+00,1.39977705E+08,9.11417204E+05,-0.00000000E+00,-0.00000000E+00,-1.45665678E+02,-2.84047190E+00,4.06553212E+06,4.30959538E+04,4.06617840E-04,4.31028047E-06,4.42323609E+06,4.68877313E+04,4.42393935E-04,4.68951862E-06,-0.00000000E+00,-0.00000000E+00,-4.76223712E-13,-2.57537003E-14,-0.00000000E+00,-0.00000000E+00,-4.76162468E-13,-2.57530940E-14,-9.43195610E+06,-9.99817802E+04,-2.84371459E+04,-1.11767962E+03,9.43187784E+05,9.99809506E+03,9.40000000E+05,1.00000000E+04,7.76991745E+06,9.11417204E+05
9.60000000E+01,1.00000000E+00,1.00000000E+00,1.39977705E+08,9.20267695E+05,-0.00000000E+00,-0.00000000E+00,-1.48530113E+02,-2.86443410E+00,4.10862807E+06,4.30959538E+04,4.10928120E-04,4.31028047E-06,4.47012382E+06,4.68877313E+04,4.47083453E-04,4.68951862E-06,-0.00000000E+00,-0.00000000E+00,-5.03133473E-13,-2.69097613E-14,-0.00000000E+00,-0.00000000E+00,-5.03071624E-13,-2.69091558E-14,-9.53193788E+06,-9.99817802E+04,-2.95837906E+04,-1.14664468E+03,9.53185879E+05,9.99809506E+03,9.50000000E+05,1.00000000E+04,7.76991745E+06,9.20267695E+05
9.70000000E+01,1.00000000E+00,1.00000000E+00,1.39977705E+08,9.29088951E+05,-0.00000000E+00,-0.00000000E+00,-1.51418392E+02,-2.88827922E+00,4.15172402E+06,4.30959538E+04,4.15238401E-04,4.31028047E-06,4.51701155E+06,4.68877313E+04,4.51772972E-04,4.68951862E-06,-0.00000000E+00,-0.00000000E+00,-5.31236869E-13,-2.81033958E-14,-0.00000000E+00,-0.00000000E+00,-5.31174415E-13,-2.81027911E-14,-9.63191966E+06,-9.99817802E+04,-3.07596462E+04,-1.17585560E+03,9.63183974E+05,9.99809506E+03,9.60000000E+05,1.00000000E+04,7.76991745E+06,9.29088951E+05
9.80000000E+01,1.00000000E+00,1.00000000E+00,1.39977705E+08,9.37880733E+05,-0.00000000E+00,-0.00000000E+00,-1.54330399E+02,-2.91200718E+00,4.19481998E+06,4.30959538E+04,4.19548681E-04,4.31028047E-06,4.56389928E+06,4.68877313E+04,4.56462491E-04,4.68951862E-06,-0.00000000E+00,-0.00000000E+00,-5.60572210E-13,-2.93353413E-14,-0.00000000E+00,-0.00000000E+00,-5.60509152E-13,-2.93347374E-14,-9.73190144E+06,-9.99817802E+04,-3.19649521E+04,-1.20530589E+03,9.73182069E+05,9.99809506E+03,9.70000000E+05,1.00000000E+04,7.76991745E+06,9.37880733E+05
9.90000000E+01,1.00000000E+00,1.00000000E+00,1.39977705E+08,9.46642808E+05,-0.00000000E+00,-0.00000000E+00,-1.57266017E+02,-2.93561787E+00,4.23791593E+06,4.30959538E+04,4.23858962E-04,4.31028047E-06,4.61078701E+06,4.68877313E+04,4.61152009E-04,4.68951862E-06,-0.00000000E+00,-0.00000000E+00,-5.91178549E-13,-3.06063386E-14,-0.00000000E+00,-0.00000000E+00,-5.91114888E-13,-3.06057355E-14,-9.83188322E+06,-9.99817802E+04,-3.31999412E+04,-1.23498909E+03,9.83180164E+05,9.99809506E+03,9.80000000E+05,1.00000000E+04,7.76991745E+06,9.46642808E+05
1.00000000E+02,1.00000000E+00,1.00000000E+00,1.39977705E+08,9.55374950E+05,-0.00000000E+00,-0.00000000E+00,-1.60225128E+02,-2.95911122E+00,4.28101188E+06,4.30959538E+04,4.28169242E-04,4.31028047E-06,4.65767474E+06,4.68877313E+04,4.65841528E-04,4.68951862E-06,-0.00000000E+00,-0.00000000E+00,-6.23095681E-13,-3.19171321E-14,-0.00000000E+00,-0.00000000E+00,-6.23031418E-13,-3.19165299E-14,-9.93186500E+06,-9.99817802E+04,-3.44648400E+04,-1.26489880E+03,9.93178259E+05,9.99809506E+03,9.90000000E+05,1.00000000E+04,7.76991745E+06,9.55374950E+05
