Time [d],dt_flow [d],dt_tran [d],Global Water Mass in Liquid Phas [kg],Global Vaq [mol],Global Vim [mol],Top Water Mass [kg],Top Water Mass [kg/d],Top Vaq [mol],Top Vaq [mol/d],Right Water Mass [kg],Right Water Mass [kg/d],Right Vaq [mol],Right Vaq [mol/d],Left Water Mass [kg],Left Water Mass [kg/d],Left Vaq [mol],Left Vaq [mol/d],North Water Mass [kg],North Water Mass [kg/d],North Vaq [mol],North Vaq [mol/d],South Water Mass [kg],South Water Mass [kg/d],South Vaq [mol],South Vaq [mol/d],ExtractWell Water Mass [kg],ExtractWell Water Mass [kg/d],ExtractWell Vaq [mol],ExtractWell Vaq [mol/d],InjectWell Water Mass [kg],InjectWell Water Mass [kg/d],InjectWell Vaq [mol],InjectWell Vaq [mol/d],Region Region__all Water Mass [kg],Region Region__all Total Mass [kg]
1.00000000E+00,4.89000000E-01,3.27014392E-02,1.39979211E+08,1.08779087E-02,2.95435633E-05,-0.00000000E+00,-0.00000000E+00,2.23384557E-40,3.85355269E-40,4.17094641E+07,4.17113877E+07,4.17151832E-03,4.17171106E-03,-4.17087924E+07,-4.17103341E+07,-3.57038080E-03,-3.08115047E-03,-0.00000000E+00,-0.00000000E+00,2.21997091E-40,3.82961818E-40,-0.00000000E+00,-0.00000000E+00,2.21997091E-40,3.82961818E-40,-8.08077612E+02,-1.22621786E+03,-6.61062363E-08,-9.07864149E-08,8.08086453E+01,1.22623130E+02,8.08197600E-09,1.22640000E-08,7.77000108E+06,1.63109144E+09
2.00000000E+00,4.88000000E-01,3.42563793E-02,1.39979170E+08,2.05445705E+02,2.18195361E-05,-0.00000000E+00,-0.00000000E+00,-1.39648715E-35,-2.53561419E-35,8.34244634E+07,4.17159727E+07,8.34359134E-03,4.17217063E-03,-8.34216733E+07,-4.17138521E+07,-6.24503791E-03,-2.63803893E-03,-0.00000000E+00,-0.00000000E+00,7.15255023E-40,5.68634806E-40,-0.00000000E+00,-0.00000000E+00,7.15255024E-40,5.68634806E-40,-3.20772065E+03,-2.39964288E+03,-5.76676050E-03,-3.41955631E-02,3.20775588E+02,2.39966928E+02,2.40000000E+02,2.40000000E+02,7.76999878E+06,1.63109165E+09
3.00000000E+00,1.00000000E+00,3.08046817E-02,1.39979134E+08,3.56589152E+02,1.61185919E-05,-0.00000000E+00,-0.00000000E+00,-4.96584472E-35,-4.40115617E-35,1.25143989E+08,4.17195253E+07,1.25161183E-02,4.17252695E-03,-1.25139074E+08,-4.17174012E+07,-2.94161101E-01,-1.40295390E+00,-0.00000000E+00,-0.00000000E+00,1.32651400E-39,6.36077426E-40,-0.00000000E+00,-0.00000000E+00,1.32651400E-39,6.36077427E-40,-5.60736295E+03,-2.39964229E+03,-2.50547185E-01,-4.61345166E-01,5.60742458E+02,2.39966870E+02,4.80000000E+02,2.40000000E+02,7.76999680E+06,1.63109180E+09
4.00000000E+00,1.00000000E+00,3.08837246E-02,1.39979100E+08,4.56847666E+02,1.19071715E-05,-0.00000000E+00,-0.00000000E+00,-1.00823398E-34,-5.63863268E-35,1.66866954E+08,4.17229651E+07,1.66889903E-02,4.17287200E-03,-1.66859914E+08,-4.17208399E+07,-1.28630864E+01,-3.00151527E+01,-0.00000000E+00,-0.00000000E+00,1.97193169E-39,6.49618993E-40,-0.00000000E+00,-0.00000000E+00,1.97193170E-39,6.49618994E-40,-8.00700466E+03,-2.39964172E+03,-8.15325245E-01,-6.03692492E-01,8.00709271E+02,2.39966813E+02,7.20000000E+02,2.40000000E+02,7.76999489E+06,1.63109190E+09
5.00000000E+00,1.00000000E+00,3.09615073E-02,1.39979066E+08,4.93860937E+02,8.79609762E-06,-0.00000000E+00,-0.00000000E+00,-1.60186599E-34,-6.09548220E-35,2.08593325E+08,4.17263718E+07,2.08622040E-02,4.17321372E-03,-2.08584160E+08,-4.17242462E+07,-6.83476303E+01,-7.40809906E+01,-0.00000000E+00,-0.00000000E+00,2.62242348E-39,6.50785445E-40,-0.00000000E+00,-0.00000000E+00,2.62242348E-39,6.50785445E-40,-1.04066458E+04,-2.39964115E+03,-1.42316354E+00,-6.08824799E-01,1.04067603E+03,2.39966757E+02,9.60000000E+02,2.40000000E+02,7.76999300E+06,1.63109194E+09
6.00000000E+00,1.00000000E+00,3.10386764E-02,1.39979032E+08,4.98950446E+02,6.49787560E-06,-0.00000000E+00,-0.00000000E+00,-2.21595888E-34,-6.15830127E-35,2.50323094E+08,4.17297683E+07,2.50357584E-02,4.17355443E-03,-2.50311803E+08,-4.17276426E+07,-1.50691877E+02,-8.59996239E+01,-0.00000000E+00,-0.00000000E+00,3.27322453E-39,6.50796302E-40,-0.00000000E+00,-0.00000000E+00,3.27322453E-39,6.50796302E-40,-1.28062864E+04,-2.39964058E+03,-2.03201916E+00,-6.08851257E-01,1.28064273E+03,2.39966700E+02,1.20000000E+03,2.40000000E+02,7.76999111E+06,1.63109194E+09
7.00000000E+00,1.00000000E+00,3.11154130E-02,1.39978998E+08,4.99198233E+02,4.80012632E-06,-0.00000000E+00,-0.00000000E+00,-2.83203080E-34,-6.16135967E-35,2.92056254E+08,4.17331606E+07,2.92096532E-02,4.17389472E-03,-2.92042838E+08,-4.17310349E+07,-2.37388150E+02,-8.69175497E+01,-0.00000000E+00,-0.00000000E+00,3.92400046E-39,6.50761208E-40,-0.00000000E+00,-0.00000000E+00,3.92400046E-39,6.50761208E-40,-1.52059264E+04,-2.39964001E+03,-2.64085911E+00,-6.08827622E-01,1.52060937E+03,2.39966644E+02,1.44000000E+03,2.40000000E+02,7.76998922E+06,1.63109194E+09
8.00000000E+00,1.00000000E+00,3.11917725E-02,1.39978964E+08,4.99182188E+02,3.54596025E-06,-0.00000000E+00,-0.00000000E+00,-3.44815780E-34,-6.16116163E-35,3.33792804E+08,4.17365500E+07,3.33838879E-02,4.17423472E-03,-3.33777262E+08,-4.17344243E+07,-3.24334652E+02,-8.69519711E+01,-0.00000000E+00,-0.00000000E+00,4.57474071E-39,6.50725468E-40,-0.00000000E+00,-0.00000000E+00,4.57474071E-39,6.50725469E-40,-1.76055658E+04,-2.39963945E+03,-3.24967532E+00,-6.08803924E-01,1.76057596E+03,2.39966588E+02,1.68000000E+03,2.40000000E+02,7.76998734E+06,1.63109194E+09
9.00000000E+00,1.00000000E+00,3.12677798E-02,1.39978930E+08,4.99159817E+02,2.61947937E-06,-0.00000000E+00,-0.00000000E+00,-4.06425870E-34,-6.16088551E-35,3.75532741E+08,4.17399368E+07,3.75584623E-02,4.17457447E-03,-3.75515073E+08,-4.17378111E+07,-4.11293962E+02,-8.69591759E+01,-0.00000000E+00,-0.00000000E+00,5.22544536E-39,6.50689961E-40,-0.00000000E+00,-0.00000000E+00,5.22544536E-39,6.50689961E-40,-2.00052047E+04,-2.39963889E+03,-3.85846789E+00,-6.08780347E-01,2.00054249E+03,2.39966532E+02,1.92000000E+03,2.40000000E+02,7.76998545E+06,1.63109194E+09
1.00000000E+01,1.00000000E+00,3.13434515E-02,1.39978896E+08,4.99137467E+02,1.93506708E-06,-0.00000000E+00,-0.00000000E+00,-4.68033197E-34,-6.16060965E-35,4.17276062E+08,4.17433211E+07,4.17333763E-02,4.17491396E-03,-4.17256269E+08,-4.17411954E+07,-4.98260110E+02,-8.69659420E+01,-0.00000000E+00,-0.00000000E+00,5.87611463E-39,6.50654688E-40,-0.00000000E+00,-0.00000000E+00,5.87611464E-39,6.50654689E-40,-2.24048431E+04,-2.39963833E+03,-4.46723694E+00,-6.08756881E-01,2.24050897E+03,2.39966476E+02,2.16000000E+03,2.40000000E+02,7.76998356E+06,1.63109194E+09
1.10000000E+01,1.00000000E+00,3.14188018E-02,1.39978862E+08,4.99115215E+02,1.42947640E-06,-0.00000000E+00,-0.00000000E+00,-5.29637773E-34,-6.16033499E-35,4.59022765E+08,4.17467029E+07,4.59086295E-02,4.17525319E-03,-4.59000846E+08,-4.17445771E+07,-5.85232994E+02,-8.69726791E+01,-0.00000000E+00,-0.00000000E+00,6.52674877E-39,6.50619646E-40,-0.00000000E+00,-0.00000000E+00,6.52674878E-39,6.50619647E-40,-2.48044808E+04,-2.39963777E+03,-5.07598257E+00,-6.08733520E-01,2.48047539E+03,2.39966421E+02,2.40000000E+03,2.40000000E+02,7.76998168E+06,1.63109194E+09
1.20000000E+01,1.00000000E+00,3.14938436E-02,1.39978828E+08,4.99093056E+02,1.05598532E-06,-0.00000000E+00,-0.00000000E+00,-5.91239608E-34,-6.16006149E-35,5.00772847E+08,4.17500822E+07,5.00842217E-02,4.17559218E-03,-5.00748802E+08,-4.17479564E+07,-6.72212589E+02,-8.69793913E+01,-0.00000000E+00,-0.00000000E+00,7.17734800E-39,6.50584833E-40,-0.00000000E+00,-0.00000000E+00,7.17734801E-39,6.50584834E-40,-2.72041180E+04,-2.39963721E+03,-5.68470489E+00,-6.08710257E-01,2.72044175E+03,2.39966365E+02,2.64000000E+03,2.40000000E+02,7.76997980E+06,1.63109194E+09
1.30000000E+01,1.00000000E+00,3.15685888E-02,1.39978794E+08,4.99070986E+02,7.80079197E-07,-0.00000000E+00,-0.00000000E+00,-6.52838714E-34,-6.15978909E-35,5.42526306E+08,4.17534590E+07,5.42601526E-02,4.17593093E-03,-5.42500135E+08,-4.17513332E+07,-7.59198871E+02,-8.69860792E+01,-0.00000000E+00,-0.00000000E+00,7.82791255E-39,6.50550247E-40,-0.00000000E+00,-0.00000000E+00,7.82791256E-39,6.50550247E-40,-2.96037547E+04,-2.39963666E+03,-6.29340400E+00,-6.08687090E-01,2.96040806E+03,2.39966310E+02,2.88000000E+03,2.40000000E+02,7.76997791E+06,1.63109194E+09
1.40000000E+01,1.00000000E+00,3.16430485E-02,1.39978760E+08,4.99049003E+02,5.76261277E-07,-0.00000000E+00,-0.00000000E+00,-7.14435102E-34,-6.15951775E-35,5.84283140E+08,4.17568333E+07,5.84364220E-02,4.17626942E-03,-5.84254843E+08,-4.17547076E+07,-8.46191816E+02,-8.69927438E+01,-0.00000000E+00,-0.00000000E+00,8.47844265E-39,6.50515884E-40,-0.00000000E+00,-0.00000000E+00,8.47844266E-39,6.50515885E-40,-3.20033908E+04,-2.39963611E+03,-6.90207998E+00,-6.08664014E-01,3.20037432E+03,2.39966256E+02,3.12000000E+03,2.40000000E+02,7.76997603E+06,1.63109194E+09
1.50000000E+01,1.00000000E+00,3.17172330E-02,1.39978726E+08,4.99027102E+02,4.25696525E-07,-0.00000000E+00,-0.00000000E+00,-7.76028783E-34,-6.15924744E-35,6.26043345E+08,4.17602052E+07,6.26130297E-02,4.17660767E-03,-6.26012923E+08,-4.17580795E+07,-9.33191401E+02,-8.69993857E+01,-0.00000000E+00,-0.00000000E+00,9.12893851E-39,6.50481743E-40,-0.00000000E+00,-0.00000000E+00,9.12893852E-39,6.50481744E-40,-3.44030264E+04,-2.39963556E+03,-7.51073292E+00,-6.08641026E-01,3.44034052E+03,2.39966201E+02,3.36000000E+03,2.40000000E+02,7.76997415E+06,1.63109194E+09
1.60000000E+01,1.00000000E+00,3.17911518E-02,1.39978692E+08,4.99005282E+02,3.14471070E-07,-0.00000000E+00,-0.00000000E+00,-8.37619766E-34,-6.15897810E-35,6.67806919E+08,4.17635747E+07,6.67899754E-02,4.17694567E-03,-6.67774371E+08,-4.17614489E+07,-1.02019761E+03,-8.70060058E+01,-0.00000000E+00,-0.00000000E+00,9.77940037E-39,6.50447822E-40,-0.00000000E+00,-0.00000000E+00,9.77940037E-39,6.50447823E-40,-3.68026614E+04,-2.39963501E+03,-8.11936292E+00,-6.08618123E-01,3.68030667E+03,2.39966146E+02,3.60000000E+03,2.40000000E+02,7.76997226E+06,1.63109194E+09
1.70000000E+01,1.00000000E+00,3.18648139E-02,1.39978658E+08,4.98983538E+02,2.32306424E-07,-0.00000000E+00,-0.00000000E+00,-8.99208061E-34,-6.15870972E-35,7.09573861E+08,4.17669417E+07,7.09672588E-02,4.17728343E-03,-7.09539187E+08,-4.17648159E+07,-1.10721041E+03,-8.70126047E+01,-0.00000000E+00,-0.00000000E+00,1.04298284E-38,6.50414119E-40,-0.00000000E+00,-0.00000000E+00,1.04298284E-38,6.50414119E-40,-3.92022958E+04,-2.39963446E+03,-8.72797006E+00,-6.08595301E-01,3.92027276E+03,2.39966092E+02,3.84000000E+03,2.40000000E+02,7.76997038E+06,1.63109194E+09
1.80000000E+01,1.00000000E+00,3.19382274E-02,1.39978624E+08,4.98961868E+02,1.71609635E-07,-0.00000000E+00,-0.00000000E+00,-9.60793677E-34,-6.15844225E-35,7.51344167E+08,4.17703063E+07,7.51448798E-02,4.17762095E-03,-7.51307368E+08,-4.17681805E+07,-1.19422979E+03,-8.70191830E+01,-0.00000000E+00,-0.00000000E+00,1.10802229E-38,6.50380631E-40,-0.00000000E+00,-0.00000000E+00,1.10802229E-38,6.50380631E-40,-4.16019298E+04,-2.39963392E+03,-9.33655441E+00,-6.08572557E-01,4.16023880E+03,2.39966038E+02,4.08000000E+03,2.40000000E+02,7.76996850E+06,1.63109194E+09
1.90000000E+01,1.00000000E+00,3.20114002E-02,1.39978590E+08,4.98940270E+02,1.26771621E-07,-0.00000000E+00,-0.00000000E+00,-1.02237662E-33,-6.15817567E-35,7.93117836E+08,4.17736684E+07,7.93228380E-02,4.17795823E-03,-7.93078910E+08,-4.17715426E+07,-1.28125573E+03,-8.70257414E+01,-0.00000000E+00,-0.00000000E+00,1.17305840E-38,6.50347356E-40,-0.00000000E+00,-0.00000000E+00,1.17305840E-38,6.50347357E-40,-4.40015631E+04,-2.39963337E+03,-9.94511605E+00,-6.08549889E-01,4.40020478E+03,2.39965984E+02,4.32000000E+03,2.40000000E+02,7.76996662E+06,1.63109194E+09
2.00000000E+01,1.00000000E+00,3.20843395E-02,1.39978557E+08,4.98918741E+02,9.36488284E-08,-0.00000000E+00,-0.00000000E+00,-1.08395691E-33,-6.15790995E-35,8.34894864E+08,4.17770282E+07,8.35011332E-02,4.17829526E-03,-8.34853813E+08,-4.17749024E+07,-1.36828820E+03,-8.70322804E+01,-0.00000000E+00,-0.00000000E+00,1.23809120E-38,6.50314292E-40,-0.00000000E+00,-0.00000000E+00,1.23809120E-38,6.50314293E-40,-4.64011960E+04,-2.39963283E+03,-1.05536551E+01,-6.08527288E-01,4.64017071E+03,2.39965930E+02,4.56000000E+03,2.40000000E+02,7.76996474E+06,1.63109194E+09
2.10000000E+01,1.00000000E+00,3.21570519E-02,1.39978523E+08,4.98897280E+02,6.91803224E-08,-0.00000000E+00,-0.00000000E+00,-1.14553454E-33,-6.15764506E-35,8.76675250E+08,4.17803856E+07,8.76797653E-02,4.17863206E-03,-8.76632073E+08,-4.17782598E+07,-1.45532720E+03,-8.70388006E+01,-0.00000000E+00,-0.00000000E+00,1.30312070E-38,6.50281438E-40,-0.00000000E+00,-0.00000000E+00,1.30312070E-38,6.50281439E-40,-4.88008282E+04,-2.39963229E+03,-1.11621715E+01,-6.08504749E-01,4.88013659E+03,2.39965876E+02,4.80000000E+03,2.40000000E+02,7.76996286E+06,1.63109194E+09
2.20000000E+01,1.00000000E+00,3.22295438E-02,1.39978489E+08,4.98875885E+02,5.11049237E-08,-0.00000000E+00,-0.00000000E+00,-1.20710953E-33,-6.15738098E-35,9.18458990E+08,4.17837406E+07,9.18587339E-02,4.17896862E-03,-9.18413687E+08,-4.17816147E+07,-1.54237269E+03,-8.70453024E+01,-0.00000000E+00,-0.00000000E+00,1.36814693E-38,6.50248791E-40,-0.00000000E+00,-0.00000000E+00,1.36814693E-38,6.50248792E-40,-5.12004600E+04,-2.39963175E+03,-1.17706654E+01,-6.08482279E-01,5.12010241E+03,2.39965822E+02,5.04000000E+03,2.40000000E+02,7.76996098E+06,1.63109194E+09
2.30000000E+01,1.00000000E+00,3.23018211E-02,1.39978455E+08,4.98854553E+02,3.77522497E-08,-0.00000000E+00,-0.00000000E+00,-1.26868188E-33,-6.15711768E-35,9.60246083E+08,4.17870932E+07,9.60380389E-02,4.17930494E-03,-9.60198655E+08,-4.17849674E+07,-1.62942467E+03,-8.70517863E+01,-0.00000000E+00,-0.00000000E+00,1.43316991E-38,6.50216349E-40,-0.00000000E+00,-0.00000000E+00,1.43316991E-38,6.50216350E-40,-5.36000912E+04,-2.39963121E+03,-1.23791369E+01,-6.08459875E-01,5.36006818E+03,2.39965769E+02,5.28000000E+03,2.40000000E+02,7.76995910E+06,1.63109194E+09
2.40000000E+01,1.00000000E+00,3.23738894E-02,1.39978421E+08,4.98833282E+02,2.78883525E-08,-0.00000000E+00,-0.00000000E+00,-1.33025160E-33,-6.15685514E-35,1.00203653E+09,4.17904434E+07,1.00217680E-01,4.17964102E-03,-1.00198697E+09,-4.17883176E+07,-1.71648312E+03,-8.70582527E+01,-0.00000000E+00,-0.00000000E+00,1.49818965E-38,6.50184110E-40,-0.00000000E+00,-0.00000000E+00,1.49818965E-38,6.50184111E-40,-5.59997219E+04,-2.39963067E+03,-1.29875860E+01,-6.08437536E-01,5.60003389E+03,2.39965715E+02,5.52000000E+03,2.40000000E+02,7.76995722E+06,1.63109194E+09
2.50000000E+01,1.00000000E+00,3.24457540E-02,1.39978387E+08,4.98812072E+02,2.06016883E-08,-0.00000000E+00,-0.00000000E+00,-1.39181871E-33,-6.15659335E-35,1.04383032E+09,4.17937913E+07,1.04397657E-01,4.17997687E-03,-1.04377864E+09,-4.17916655E+07,-1.80354801E+03,-8.70647021E+01,-0.00000000E+00,-0.00000000E+00,1.56320618E-38,6.50152072E-40,-0.00000000E+00,-0.00000000E+00,1.56320619E-38,6.50152073E-40,-5.83993520E+04,-2.39963014E+03,-1.35960128E+01,-6.08415261E-01,5.83999955E+03,2.39965662E+02,5.76000000E+03,2.40000000E+02,7.76995535E+06,1.63109194E+09
2.60000000E+01,1.00000000E+00,3.25174196E-02,1.39978354E+08,4.98790921E+02,1.52188801E-08,-0.00000000E+00,-0.00000000E+00,-1.45338319E-33,-6.15633228E-35,1.08562746E+09,4.17971369E+07,1.08577969E-01,4.18031248E-03,-1.08557365E+09,-4.17950110E+07,-1.89061934E+03,-8.70711348E+01,-0.00000000E+00,-0.00000000E+00,1.62821952E-38,6.50120234E-40,-0.00000000E+00,-0.00000000E+00,1.62821953E-38,6.50120235E-40,-6.07989816E+04,-2.39962960E+03,-1.42044174E+01,-6.08393047E-01,6.07996516E+03,2.39965609E+02,6.00000000E+03,2.40000000E+02,7.76995347E+06,1.63109194E+09
2.70000000E+01,1.00000000E+00,3.25888910E-02,1.39978320E+08,4.98769826E+02,1.12424901E-08,-0.00000000E+00,-0.00000000E+00,-1.51494507E-33,-6.15607191E-35,1.12742794E+09,4.18004801E+07,1.12758617E-01,4.18064786E-03,-1.12737200E+09,-4.17983543E+07,-1.97769708E+03,-8.70775512E+01,-0.00000000E+00,-0.00000000E+00,1.69322969E-38,6.50088593E-40,-0.00000000E+00,-0.00000000E+00,1.69322969E-38,6.50088593E-40,-6.31986107E+04,-2.39962907E+03,-1.48127998E+01,-6.08370894E-01,6.31993072E+03,2.39965556E+02,6.24000000E+03,2.40000000E+02,7.76995159E+06,1.63109194E+09
2.80000000E+01,1.00000000E+00,3.26601724E-02,1.39978286E+08,4.98748788E+02,8.30505015E-09,-0.00000000E+00,-0.00000000E+00,-1.57650436E-33,-6.15581224E-35,1.16923176E+09,4.18038210E+07,1.16939600E-01,4.18098301E-03,-1.16917370E+09,-4.18016952E+07,-2.06478122E+03,-8.70839517E+01,-0.00000000E+00,-0.00000000E+00,1.75823671E-38,6.50057147E-40,-0.00000000E+00,-0.00000000E+00,1.75823671E-38,6.50057148E-40,-6.55982392E+04,-2.39962854E+03,-1.54211600E+01,-6.08348798E-01,6.55989622E+03,2.39965503E+02,6.48000000E+03,2.40000000E+02,7.76994972E+06,1.63109194E+09
2.90000000E+01,1.00000000E+00,3.27312682E-02,1.39978252E+08,4.98727804E+02,6.13510414E-09,-0.00000000E+00,-0.00000000E+00,-1.63806104E-33,-6.15555323E-35,1.21103892E+09,4.18071596E+07,1.21120918E-01,4.18131793E-03,-1.21097873E+09,-4.18050337E+07,-2.15187175E+03,-8.70903366E+01,-0.00000000E+00,-0.00000000E+00,1.82324059E-38,6.50025894E-40,-0.00000000E+00,-0.00000000E+00,1.82324059E-38,6.50025895E-40,-6.79978672E+04,-2.39962800E+03,-1.60294982E+01,-6.08326760E-01,6.79986167E+03,2.39965450E+02,6.72000000E+03,2.40000000E+02,7.76994784E+06,1.63109194E+09
3.00000000E+01,1.00000000E+00,3.28021820E-02,1.39978218E+08,4.98706873E+02,4.53212157E-09,-0.00000000E+00,-0.00000000E+00,-1.69961515E-33,-6.15529489E-35,1.25284941E+09,4.18104959E+07,1.25302571E-01,4.18165261E-03,-1.25278710E+09,-4.18083700E+07,-2.23896864E+03,-8.70967061E+01,-0.00000000E+00,-0.00000000E+00,1.88824136E-38,6.49994834E-40,-0.00000000E+00,-0.00000000E+00,1.88824136E-38,6.49994835E-40,-7.03974947E+04,-2.39962747E+03,-1.66378144E+01,-6.08304778E-01,7.03982707E+03,2.39965397E+02,6.96000000E+03,2.40000000E+02,7.76994596E+06,1.63109194E+09
3.10000000E+01,1.00000000E+00,3.28729178E-02,1.39978185E+08,4.98685994E+02,3.34796644E-09,-0.00000000E+00,-0.00000000E+00,-1.76116667E-33,-6.15503719E-35,1.29466324E+09,4.18138299E+07,1.29484558E-01,4.18198707E-03,-1.29459881E+09,-4.18117040E+07,-2.32607189E+03,-8.71030607E+01,-0.00000000E+00,-0.00000000E+00,1.95323903E-38,6.49963963E-40,-0.00000000E+00,-0.00000000E+00,1.95323903E-38,6.49963964E-40,-7.27971216E+04,-2.39962694E+03,-1.72461086E+01,-6.08282850E-01,7.27979241E+03,2.39965345E+02,7.20000000E+03,2.40000000E+02,7.76994409E+06,1.63109194E+09
3.20000000E+01,1.00000000E+00,3.29434788E-02,1.39978151E+08,4.98665167E+02,2.47320761E-09,-0.00000000E+00,-0.00000000E+00,-1.82271562E-33,-6.15478011E-35,1.33648040E+09,4.18171616E+07,1.33666879E-01,4.18232130E-03,-1.33641384E+09,-4.18150357E+07,-2.41318148E+03,-8.71094005E+01,-0.00000000E+00,-0.00000000E+00,2.01823363E-38,6.49933280E-40,-0.00000000E+00,-0.00000000E+00,2.01823363E-38,6.49933281E-40,-7.51967481E+04,-2.39962642E+03,-1.78543809E+01,-6.08260976E-01,7.51975770E+03,2.39965292E+02,7.44000000E+03,2.40000000E+02,7.76994222E+06,1.63109194E+09
3.30000000E+01,1.00000000E+00,3.30138686E-02,1.39978117E+08,4.98644389E+02,1.82700605E-09,-0.00000000E+00,-0.00000000E+00,-1.88426200E-33,-6.15452366E-35,1.37830089E+09,4.18204910E+07,1.37849534E-01,4.18265530E-03,-1.37823221E+09,-4.18183651E+07,-2.50029740E+03,-8.71157258E+01,-0.00000000E+00,-0.00000000E+00,2.08322517E-38,6.49902784E-40,-0.00000000E+00,-0.00000000E+00,2.08322517E-38,6.49902785E-40,-7.75963739E+04,-2.39962589E+03,-1.84626314E+01,-6.08239155E-01,7.75972294E+03,2.39965240E+02,7.68000000E+03,2.40000000E+02,7.76994034E+06,1.63109194E+09
3.40000000E+01,1.00000000E+00,3.30840901E-02,1.39978083E+08,4.98623661E+02,1.34964432E-09,-0.00000000E+00,-0.00000000E+00,-1.94580582E-33,-6.15426781E-35,1.42012471E+09,4.18238182E+07,1.42032523E-01,4.18298907E-03,-1.42005390E+09,-4.18216923E+07,-2.58741962E+03,-8.71220370E+01,-0.00000000E+00,-0.00000000E+00,2.14821367E-38,6.49872471E-40,-0.00000000E+00,-0.00000000E+00,2.14821367E-38,6.49872472E-40,-7.99959993E+04,-2.39962536E+03,-1.90708601E+01,-6.08217384E-01,7.99968813E+03,2.39965187E+02,7.92000000E+03,2.40000000E+02,7.76993847E+06,1.63109194E+09
3.50000000E+01,1.00000000E+00,3.31541465E-02,1.39978050E+08,4.98602980E+02,9.97007928E-10,-0.00000000E+00,-0.00000000E+00,-2.00734708E-33,-6.15401256E-35,1.46195186E+09,4.18271431E+07,1.46215846E-01,4.18332262E-03,-1.46187892E+09,-4.18250172E+07,-2.67454814E+03,-8.71283341E+01,-0.00000000E+00,-0.00000000E+00,2.21319915E-38,6.49842342E-40,-0.00000000E+00,-0.00000000E+00,2.21319915E-38,6.49842343E-40,-8.23956241E+04,-2.39962484E+03,-1.96790670E+01,-6.08195664E-01,8.23965327E+03,2.39965135E+02,8.16000000E+03,2.40000000E+02,7.76993659E+06,1.63109194E+09
3.60000000E+01,1.00000000E+00,3.32240407E-02,1.39978016E+08,4.98582347E+02,7.36508607E-10,-0.00000000E+00,-0.00000000E+00,-2.06888580E-33,-6.15375788E-35,1.50378232E+09,4.18304657E+07,1.50399502E-01,4.18365594E-03,-1.50370726E+09,-4.18283398E+07,-2.76168295E+03,-8.71346176E+01,-0.00000000E+00,-0.00000000E+00,2.27818163E-38,6.49812393E-40,-0.00000000E+00,-0.00000000E+00,2.27818163E-38,6.49812394E-40,-8.47952485E+04,-2.39962431E+03,-2.02872522E+01,-6.08173993E-01,8.47961835E+03,2.39965083E+02,8.40000000E+03,2.40000000E+02,7.76993472E+06,1.63109194E+09
3.70000000E+01,1.00000000E+00,3.32937752E-02,1.39977982E+08,4.98561760E+02,5.44072752E-10,-0.00000000E+00,-0.00000000E+00,-2.13042197E-33,-6.15350378E-35,1.54561611E+09,4.18337862E+07,1.54583491E-01,4.18398904E-03,-1.54553892E+09,-4.18316602E+07,-2.84882402E+03,-8.71408875E+01,-0.00000000E+00,-0.00000000E+00,2.34316112E-38,6.49782624E-40,-0.00000000E+00,-0.00000000E+00,2.34316112E-38,6.49782625E-40,-8.71948722E+04,-2.39962379E+03,-2.08954158E+01,-6.08152370E-01,8.71958338E+03,2.39965031E+02,8.64000000E+03,2.40000000E+02,7.76993285E+06,1.63109194E+09
3.80000000E+01,1.00000000E+00,3.33633528E-02,1.39977948E+08,4.98541219E+02,4.01916709E-10,-0.00000000E+00,-0.00000000E+00,-2.19195560E-33,-6.15325025E-35,1.58745321E+09,4.18371043E+07,1.58767813E-01,4.18432191E-03,-1.58737389E+09,-4.18349784E+07,-2.93597135E+03,-8.71471442E+01,-0.00000000E+00,-0.00000000E+00,2.40813765E-38,6.49753032E-40,-0.00000000E+00,-0.00000000E+00,2.40813765E-38,6.49753033E-40,-8.95944955E+04,-2.39962326E+03,-2.15035578E+01,-6.08130795E-01,8.95954836E+03,2.39964979E+02,8.88000000E+03,2.40000000E+02,7.76993098E+06,1.63109194E+09
3.90000000E+01,1.00000000E+00,3.34327760E-02,1.39977915E+08,4.98520723E+02,2.96903340E-10,-0.00000000E+00,-0.00000000E+00,-2.25348670E-33,-6.15299726E-35,1.62929363E+09,4.18404203E+07,1.62952467E-01,4.18465456E-03,-1.62921219E+09,-4.18382943E+07,-3.02312493E+03,-8.71533877E+01,-0.00000000E+00,-0.00000000E+00,2.47311122E-38,6.49723615E-40,-0.00000000E+00,-0.00000000E+00,2.47311123E-38,6.49723616E-40,-9.19941182E+04,-2.39962274E+03,-2.21116782E+01,-6.08109267E-01,9.19951328E+03,2.39964927E+02,9.12000000E+03,2.40000000E+02,7.76992911E+06,1.63109194E+09
4.00000000E+01,1.00000000E+00,3.35020471E-02,1.39977881E+08,4.98500271E+02,2.19327981E-10,-0.00000000E+00,-0.00000000E+00,-2.31501528E-33,-6.15274483E-35,1.67113737E+09,4.18437341E+07,1.67137454E-01,4.18498700E-03,-1.67105380E+09,-4.18416081E+07,-3.11028473E+03,-8.71596184E+01,-0.00000000E+00,-0.00000000E+00,2.53808187E-38,6.49694373E-40,-0.00000000E+00,-0.00000000E+00,2.53808187E-38,6.49694374E-40,-9.43937405E+04,-2.39962222E+03,-2.27197771E+01,-6.08087785E-01,9.43947816E+03,2.39964875E+02,9.36000000E+03,2.40000000E+02,7.76992723E+06,1.63109194E+09
4.10000000E+01,1.00000000E+00,3.35711684E-02,1.39977847E+08,4.98479862E+02,1.62021607E-10,-0.00000000E+00,-0.00000000E+00,-2.37654133E-33,-6.15249292E-35,1.71298441E+09,4.18470456E+07,1.71322774E-01,4.18531921E-03,-1.71289872E+09,-4.18449196E+07,-3.19745075E+03,-8.71658363E+01,-0.00000000E+00,-0.00000000E+00,2.60304960E-38,6.49665304E-40,-0.00000000E+00,-0.00000000E+00,2.60304961E-38,6.49665305E-40,-9.67933622E+04,-2.39962170E+03,-2.33278546E+01,-6.08066348E-01,9.67944298E+03,2.39964823E+02,9.60000000E+03,2.40000000E+02,7.76992536E+06,1.63109194E+09
4.20000000E+01,1.00000000E+00,3.36401421E-02,1.39977814E+08,4.98459496E+02,1.19688318E-10,-0.00000000E+00,-0.00000000E+00,-2.43806487E-33,-6.15224155E-35,1.75483477E+09,4.18503549E+07,1.75508425E-01,4.18565120E-03,-1.75474695E+09,-4.18482290E+07,-3.28462298E+03,-8.71720417E+01,-0.00000000E+00,-0.00000000E+00,2.66801444E-38,6.49636405E-40,-0.00000000E+00,-0.00000000E+00,2.66801444E-38,6.49636406E-40,-9.91929833E+04,-2.39962118E+03,-2.39359106E+01,-6.08044956E-01,9.91940775E+03,2.39964772E+02,9.84000000E+03,2.40000000E+02,7.76992349E+06,1.63109194E+09
4.30000000E+01,1.00000000E+00,3.37089703E-02,1.39977780E+08,4.98439172E+02,8.84159328E-11,-0.00000000E+00,-0.00000000E+00,-2.49958590E-33,-6.15199069E-35,1.79668843E+09,4.18536621E+07,1.79694408E-01,4.18598297E-03,-1.79659848E+09,-4.18515361E+07,-3.37180140E+03,-8.71782348E+01,-0.00000000E+00,-0.00000000E+00,2.73297639E-38,6.49607675E-40,-0.00000000E+00,-0.00000000E+00,2.73297640E-38,6.49607676E-40,-1.01592604E+05,-2.39962066E+03,-2.45439453E+01,-6.08023607E-01,1.01593725E+04,2.39964720E+02,1.00800000E+04,2.40000000E+02,7.76992162E+06,1.63109194E+09
4.40000000E+01,1.00000000E+00,3.37776550E-02,1.39977746E+08,4.98418889E+02,6.53144447E-11,-0.00000000E+00,-0.00000000E+00,-2.56110442E-33,-6.15174035E-35,1.83854540E+09,4.18569671E+07,1.83880722E-01,4.18631452E-03,-1.83845332E+09,-4.18548411E+07,-3.45898600E+03,-8.71844156E+01,-0.00000000E+00,-0.00000000E+00,2.79793549E-38,6.49579113E-40,-0.00000000E+00,-0.00000000E+00,2.79793549E-38,6.49579114E-40,-1.03992224E+05,-2.39962014E+03,-2.51519587E+01,-6.08002302E-01,1.03993371E+04,2.39964669E+02,1.03200000E+04,2.40000000E+02,7.76991975E+06,1.63109194E+09
4.50000000E+01,1.00000000E+00,3.38461982E-02,1.39977712E+08,4.98398648E+02,4.82489517E-11,-0.00000000E+00,-0.00000000E+00,-2.62262044E-33,-6.15149051E-35,1.88040567E+09,4.18602699E+07,1.88067368E-01,4.18664586E-03,-1.88031147E+09,-4.18581439E+07,-3.54617677E+03,-8.71905845E+01,-0.00000000E+00,-0.00000000E+00,2.86289173E-38,6.49550717E-40,-0.00000000E+00,-0.00000000E+00,2.86289174E-38,6.49550718E-40,-1.06391844E+05,-2.39961963E+03,-2.57599507E+01,-6.07981039E-01,1.06393018E+04,2.39964617E+02,1.05600000E+04,2.40000000E+02,7.76991788E+06,1.63109194E+09
4.60000000E+01,1.00000000E+00,3.39146017E-02,1.39977679E+08,4.98378446E+02,3.56423609E-11,-0.00000000E+00,-0.00000000E+00,-2.68413396E-33,-6.15124117E-35,1.92226924E+09,4.18635706E+07,1.92254345E-01,4.18697698E-03,-1.92217291E+09,-4.18614446E+07,-3.63337369E+03,-8.71967414E+01,-0.00000000E+00,-0.00000000E+00,2.92784515E-38,6.49522486E-40,-0.00000000E+00,-0.00000000E+00,2.92784515E-38,6.49522487E-40,-1.08791463E+05,-2.39961911E+03,-2.63679215E+01,-6.07959818E-01,1.08792663E+04,2.39964566E+02,1.08000000E+04,2.40000000E+02,7.76991602E+06,1.63109194E+09
4.70000000E+01,1.00000000E+00,3.39828674E-02,1.39977645E+08,4.98358285E+02,2.63296437E-11,-0.00000000E+00,-0.00000000E+00,-2.74564500E-33,-6.15099232E-35,1.96413611E+09,4.18668691E+07,1.96441653E-01,4.18730789E-03,-1.96403765E+09,-4.18647430E+07,-3.72057676E+03,-8.72028866E+01,-0.00000000E+00,-0.00000000E+00,2.99279575E-38,6.49494418E-40,-0.00000000E+00,-0.00000000E+00,2.99279576E-38,6.49494419E-40,-1.11191081E+05,-2.39961860E+03,-2.69758712E+01,-6.07938638E-01,1.11192308E+04,2.39964515E+02,1.10400000E+04,2.40000000E+02,7.76991415E+06,1.63109194E+09
4.80000000E+01,1.00000000E+00,3.40509969E-02,1.39977611E+08,4.98338163E+02,1.94501718E-11,-0.00000000E+00,-0.00000000E+00,-2.80715354E-33,-6.15074395E-35,2.00600627E+09,4.18701654E+07,2.00629292E-01,4.18763858E-03,-2.00590569E+09,-4.18680394E+07,-3.80778597E+03,-8.72090203E+01,-0.00000000E+00,-0.00000000E+00,3.05774356E-38,6.49466511E-40,-0.00000000E+00,-0.00000000E+00,3.05774356E-38,6.49466512E-40,-1.13590700E+05,-2.39961808E+03,-2.75837996E+01,-6.07917499E-01,1.13591953E+04,2.39964464E+02,1.12800000E+04,2.40000000E+02,7.76991228E+06,1.63109194E+09
4.90000000E+01,1.00000000E+00,3.41189920E-02,1.39977578E+08,4.98318079E+02,1.43681826E-11,-0.00000000E+00,-0.00000000E+00,-2.86865961E-33,-6.15049606E-35,2.04787973E+09,4.18734596E+07,2.04817261E-01,4.18796906E-03,-2.04777703E+09,-4.18713336E+07,-3.89500129E+03,-8.72151425E+01,-0.00000000E+00,-0.00000000E+00,3.12268858E-38,6.49438763E-40,-0.00000000E+00,-0.00000000E+00,3.12268858E-38,6.49438765E-40,-1.15990317E+05,-2.39961757E+03,-2.81917070E+01,-6.07896401E-01,1.15991597E+04,2.39964412E+02,1.15200000E+04,2.40000000E+02,7.76991041E+06,1.63109194E+09
5.00000000E+01,1.00000000E+00,3.41868542E-02,1.39977544E+08,4.98298034E+02,1.06140267E-11,-0.00000000E+00,-0.00000000E+00,-2.93016320E-33,-6.15024865E-35,2.08975648E+09,4.18767517E+07,2.09005560E-01,4.18829932E-03,-2.08965165E+09,-4.18746257E+07,-3.98222273E+03,-8.72212534E+01,-0.00000000E+00,-0.00000000E+00,3.18763084E-38,6.49411175E-40,-0.00000000E+00,-0.00000000E+00,3.18763084E-38,6.49411176E-40,-1.18389934E+05,-2.39961705E+03,-2.87995932E+01,-6.07875342E-01,1.18391241E+04,2.39964361E+02,1.17600000E+04,2.40000000E+02,7.76990855E+06,1.63109194E+09
