Time [d],dt_flow [d],dt_tran [d],Global Water Mass in Liquid Phas [kg],Global Vaq [mol],Global Vim [mol],Top Water Mass [kg],Top Water Mass [kg/d],Top Vaq [mol],Top Vaq [mol/d],Right Water Mass [kg],Right Water Mass [kg/d],Right Vaq [mol],Right Vaq [mol/d],Left Water Mass [kg],Left Water Mass [kg/d],Left Vaq [mol],Left Vaq [mol/d],North Water Mass [kg],North Water Mass [kg/d],North Vaq [mol],North Vaq [mol/d],South Water Mass [kg],South Water Mass [kg/d],South Vaq [mol],South Vaq [mol/d],ExtractWell Water Mass [kg],ExtractWell Water Mass [kg/d],ExtractWell Vaq [mol],ExtractWell Vaq [mol/d],InjectWell Water Mass [kg],InjectWell Water Mass [kg/d],InjectWell Vaq [mol],InjectWell Vaq [mol/d],Region Region__all Water Mass [kg],Region Region__all Total Mass [kg]
1.00000000E+00,4.89000000E-01,1.05000000E-01,1.39977912E+08,1.04754672E-02,2.97108677E-05,-0.00000000E+00,-0.00000000E+00,2.68181929E-40,4.35028045E-40,5.55870213E+06,5.55770010E+06,5.55957097E-04,5.55856879E-04,-5.56126215E+06,-5.56158420E+06,-4.68442054E-04,-4.13164482E-04,-0.00000000E+00,-0.00000000E+00,2.66518958E-40,4.32332914E-40,-0.00000000E+00,-0.00000000E+00,2.66518958E-40,4.32332913E-40,-8.08070090E+02,-1.22620651E+03,-6.49142794E-08,-9.10935836E-08,3.36696070E+03,5.10919680E+03,3.36749000E-07,5.11000000E-07,7.76992896E+06,1.63109144E+09
2.00000000E+00,4.88000000E-01,4.00000000E-02,1.39977911E+08,8.51370747E+03,2.19851824E-05,-0.00000000E+00,-0.00000000E+00,-6.00644205E-34,-1.05083302E-33,1.11135869E+07,5.55488843E+06,1.11153240E-03,5.55575671E-04,-1.11237468E+07,-5.56248834E+06,-8.20254958E-04,-3.05779428E-04,-0.00000000E+00,-0.00000000E+00,8.78529914E-40,7.44849487E-40,-0.00000000E+00,-0.00000000E+00,8.78529913E-40,7.44849486E-40,-3.20769142E+03,-2.39962133E+03,-4.17382363E-03,-2.04056534E-02,1.33653888E+04,9.99842813E+03,1.00000000E+04,1.00000000E+04,7.76992890E+06,1.63109996E+09
3.00000000E+00,1.00000000E+00,4.00000000E-02,1.39977910E+08,1.48049784E+04,1.62759057E-05,-0.00000000E+00,-0.00000000E+00,-2.09926659E-33,-1.82735561E-33,1.66684894E+07,5.55490254E+06,1.66710949E-03,5.55577084E-04,-1.66862492E+07,-5.56250241E+06,-1.08024532E-03,-2.26373065E-04,-0.00000000E+00,-0.00000000E+00,1.75185185E-39,9.66305865E-40,-0.00000000E+00,-0.00000000E+00,1.75185185E-39,9.66305865E-40,-5.60731273E+03,-2.39962131E+03,-3.88147985E-01,-1.06897864E+00,2.33638169E+04,9.99842806E+03,2.00000000E+04,1.00000000E+04,7.76992884E+06,1.63110625E+09
4.00000000E+00,1.00000000E+00,4.00000000E-02,1.39977909E+08,1.94593534E+04,1.20492567E-05,-0.00000000E+00,-0.00000000E+00,-4.25796176E-33,-2.40183846E-33,2.22234055E+07,5.55491608E+06,2.22268793E-03,5.55578441E-04,-2.22487651E+07,-5.56251590E+06,-1.27274242E-03,-1.67681670E-04,-0.00000000E+00,-0.00000000E+00,2.80924168E-39,1.12327129E-39,-0.00000000E+00,-0.00000000E+00,2.80924168E-39,1.12327129E-39,-8.00693402E+03,-2.39962129E+03,-4.31806911E+00,-7.37172611E+00,3.33622449E+04,9.99842801E+03,3.00000000E+04,1.00000000E+04,7.76992878E+06,1.63111090E+09
5.00000000E+00,1.00000000E+00,4.00000000E-02,1.39977908E+08,2.28960854E+04,8.92021550E-06,-0.00000000E+00,-0.00000000E+00,-6.90454479E-33,-2.82602938E-33,2.77783346E+07,5.55492905E+06,2.77826767E-03,5.55579740E-04,-2.78112940E+07,-5.56252883E+06,-1.41783215E-03,-1.32912512E-04,-0.00000000E+00,-0.00000000E+00,3.99696291E-39,1.23430572E-39,-0.00000000E+00,-0.00000000E+00,3.99696291E-39,1.23430572E-39,-1.04065553E+04,-2.39962127E+03,-1.86124194E+01,-2.07090795E+01,4.33606729E+04,9.99842795E+03,4.00000000E+04,1.00000000E+04,7.76992873E+06,1.63111434E+09
6.00000000E+00,1.00000000E+00,4.00000000E-02,1.39977907E+08,2.54275854E+04,6.60374718E-06,-0.00000000E+00,-0.00000000E+00,-9.91090473E-33,-3.13848881E-33,3.33332760E+07,5.55494144E+06,3.33384865E-03,5.55580983E-04,-3.33738351E+07,-5.56254118E+06,-1.62099684E-03,-3.68100269E-04,-0.00000000E+00,-0.00000000E+00,5.27677482E-39,1.31267868E-39,-0.00000000E+00,-0.00000000E+00,5.27677482E-39,1.31267868E-39,-1.28061765E+04,-2.39962126E+03,-4.78708295E+01,-3.59824725E+01,5.33591008E+04,9.99842791E+03,5.00000000E+04,1.00000000E+04,7.76992868E+06,1.63111687E+09
7.00000000E+00,1.00000000E+00,4.00000000E-02,1.39977906E+08,2.72901954E+04,4.88883668E-06,-0.00000000E+00,-0.00000000E+00,-1.31820781E-32,-3.36838811E-33,3.88882293E+07,5.55495327E+06,3.88943082E-03,5.55582167E-04,-3.89363881E+07,-5.56255296E+06,-3.37306164E-03,-4.09186327E-03,-0.00000000E+00,-0.00000000E+00,6.62150826E-39,1.36786540E-39,-0.00000000E+00,-0.00000000E+00,6.62150826E-39,1.36786540E-39,-1.52057978E+04,-2.39962124E+03,-9.07367091E+01,-4.77111070E+01,6.33575286E+04,9.99842787E+03,6.00000000E+04,1.00000000E+04,7.76992863E+06,1.63111873E+09
8.00000000E+00,1.00000000E+00,4.00000000E-02,1.39977905E+08,2.86615688E+04,3.61926698E-06,-0.00000000E+00,-0.00000000E+00,-1.66481385E-32,-3.53765476E-33,4.44431938E+07,5.55496453E+06,4.44501411E-03,5.55583296E-04,-4.44989523E+07,-5.56256418E+06,-1.94531312E-02,-3.34901143E-02,-0.00000000E+00,-0.00000000E+00,8.01189429E-39,1.40662259E-39,-0.00000000E+00,-0.00000000E+00,8.01189429E-39,1.40662259E-39,-1.76054190E+04,-2.39962123E+03,-1.42577165E+02,-5.45248307E+01,7.33559565E+04,9.99842783E+03,7.00000000E+04,1.00000000E+04,7.76992858E+06,1.63112010E+09
9.00000000E+00,1.00000000E+00,4.00000000E-02,1.39977904E+08,2.96728319E+04,2.67938864E-06,-0.00000000E+00,-0.00000000E+00,-2.02578013E-32,-3.66247352E-33,4.99981691E+07,5.55497526E+06,5.00059849E-03,5.55584372E-04,-5.00615272E+07,-5.56257487E+06,-1.17442250E-01,-1.80949088E-01,-0.00000000E+00,-0.00000000E+00,9.43429334E-39,1.43376143E-39,-0.00000000E+00,-0.00000000E+00,9.43429333E-39,1.43376143E-39,-2.00050402E+04,-2.39962122E+03,-1.99101718E+02,-5.77493071E+01,8.33543843E+04,9.99842779E+03,8.00000000E+04,1.00000000E+04,7.76992854E+06,1.63112112E+09
1.00000000E+01,1.00000000E+00,4.00000000E-02,1.39977904E+08,3.04118331E+04,1.99067569E-06,-0.00000000E+00,-0.00000000E+00,-2.39765058E-32,-3.75368739E-33,5.55531546E+07,5.55498549E+06,5.55618388E-03,5.55585397E-04,-5.56241122E+07,-5.56258507E+06,-5.79276964E-01,-7.35412571E-01,-0.00000000E+00,-0.00000000E+00,1.08796766E-38,1.45247775E-39,-0.00000000E+00,-0.00000000E+00,1.08796766E-38,1.45247775E-39,-2.24046614E+04,-2.39962121E+03,-2.57700790E+02,-5.90245794E+01,9.33528120E+04,9.99842775E+03,9.00000000E+04,1.00000000E+04,7.76992849E+06,1.63112185E+09
1.10000000E+01,1.00000000E+00,1.04000000E-01,1.39977903E+08,3.09590052E+04,1.47933258E-06,-0.00000000E+00,-0.00000000E+00,-2.77720100E-32,-3.82122405E-33,6.11081498E+07,5.55499527E+06,6.11177026E-03,5.55586377E-04,-6.11867070E+07,-5.56259481E+06,-2.08379349E+00,-2.18379802E+00,-0.00000000E+00,-0.00000000E+00,1.23403073E-38,1.46554650E-39,-0.00000000E+00,-0.00000000E+00,1.23403073E-38,1.46554650E-39,-2.48042826E+04,-2.39962120E+03,-3.17045297E+02,-5.94979029E+01,1.03351240E+05,9.99842771E+03,1.00000000E+05,1.00000000E+04,7.76992845E+06,1.63112240E+09
1.20000000E+01,1.00000000E+00,2.32000000E-01,1.39977902E+08,3.13620565E+04,1.10061254E-06,-0.00000000E+00,-0.00000000E+00,-3.16247055E-32,-3.87097210E-33,6.66631545E+07,5.55500465E+06,6.66735758E-03,5.55587318E-04,-6.67493112E+07,-5.56260416E+06,-5.92433033E+00,-5.12902816E+00,-0.00000000E+00,-0.00000000E+00,1.38116288E-38,1.47460923E-39,-0.00000000E+00,-0.00000000E+00,1.38116288E-38,1.47460923E-39,-2.72039038E+04,-2.39962119E+03,-3.76654713E+02,-5.96587595E+01,1.13349667E+05,9.99842767E+03,1.10000000E+05,1.00000000E+04,7.76992841E+06,1.63112280E+09
1.30000000E+01,1.00000000E+00,2.32000000E-01,1.39977901E+08,3.16584074E+04,8.18847628E-07,-0.00000000E+00,-0.00000000E+00,-3.55188426E-32,-3.90755028E-33,7.22181682E+07,5.55501369E+06,7.22294580E-03,5.55588225E-04,-7.23119244E+07,-5.56261318E+06,-1.38322971E+01,-9.94294556E+00,-0.00000000E+00,-0.00000000E+00,1.52902497E-38,1.48090098E-39,-0.00000000E+00,-0.00000000E+00,1.52902497E-38,1.48090098E-39,-2.96035250E+04,-2.39962118E+03,-4.36349949E+02,-5.97110501E+01,1.23348095E+05,9.99842763E+03,1.20000000E+05,1.00000000E+04,7.76992838E+06,1.63112310E+09
1.40000000E+01,1.00000000E+00,2.32000000E-01,1.39977901E+08,3.18738503E+04,6.09216617E-07,-0.00000000E+00,-0.00000000E+00,-3.94432629E-32,-3.93414208E-33,7.77731906E+07,5.55502246E+06,7.77853491E-03,5.55589104E-04,-7.78745463E+07,-5.56262193E+06,-2.76852536E+01,-1.65757220E+01,-0.00000000E+00,-0.00000000E+00,1.67739233E-38,1.48524662E-39,-0.00000000E+00,-0.00000000E+00,1.67739233E-38,1.48524662E-39,-3.20031462E+04,-2.39962117E+03,-4.96072294E+02,-5.97271573E+01,1.33346523E+05,9.99842760E+03,1.30000000E+05,1.00000000E+04,7.76992834E+06,1.63112332E+09
1.50000000E+01,1.00000000E+00,2.32000000E-01,1.39977900E+08,3.20278412E+04,4.53252686E-07,-0.00000000E+00,-0.00000000E+00,-4.33894926E-32,-3.95314896E-33,8.33282216E+07,5.55503100E+06,8.33412487E-03,5.55589961E-04,-8.34371768E+07,-5.56263045E+06,-4.90146132E+01,-2.45007423E+01,-0.00000000E+00,-0.00000000E+00,1.82610751E-38,1.48823038E-39,-0.00000000E+00,-0.00000000E+00,1.82610751E-38,1.48823038E-39,-3.44027673E+04,-2.39962116E+03,-5.55802798E+02,-5.97319091E+01,1.43344950E+05,9.99842756E+03,1.40000000E+05,1.00000000E+04,7.76992830E+06,1.63112347E+09
1.60000000E+01,1.00000000E+00,2.32000000E-01,1.39977900E+08,3.21354625E+04,3.37216667E-07,-0.00000000E+00,-0.00000000E+00,-4.73511154E-32,-3.96643250E-33,8.88832610E+07,5.55503937E+06,8.88971567E-03,5.55590801E-04,-8.89998156E+07,-5.56263881E+06,-7.86210425E+01,-3.28888210E+01,-0.00000000E+00,-0.00000000E+00,1.97506059E-38,1.49026507E-39,-0.00000000E+00,-0.00000000E+00,1.97506059E-38,1.49026507E-39,-3.68023885E+04,-2.39962115E+03,-6.15535670E+02,-5.97332730E+01,1.53343378E+05,9.99842752E+03,1.50000000E+05,1.00000000E+04,7.76992827E+06,1.63112358E+09
1.70000000E+01,1.00000000E+00,2.32000000E-01,1.39977899E+08,3.22086583E+04,2.50886722E-07,-0.00000000E+00,-0.00000000E+00,-5.13233319E-32,-3.97546696E-33,9.44383086E+07,5.55504761E+06,9.44530730E-03,5.55591627E-04,-9.45624626E+07,-5.56264704E+06,-1.16438384E+02,-4.08848260E+01,-0.00000000E+00,-0.00000000E+00,2.12417516E-38,1.49164160E-39,-0.00000000E+00,-0.00000000E+00,2.12417516E-38,1.49164160E-39,-3.92020096E+04,-2.39962114E+03,-6.75269222E+02,-5.97336688E+01,1.63341805E+05,9.99842748E+03,1.60000000E+05,1.00000000E+04,7.76992824E+06,1.63112365E+09
1.80000000E+01,1.00000000E+00,2.32000000E-01,1.39977898E+08,3.22569323E+04,1.86657877E-07,-0.00000000E+00,-0.00000000E+00,-5.53026284E-32,-3.98142535E-33,9.99933644E+07,5.55505575E+06,1.00008997E-02,5.55592444E-04,-1.00125118E+08,-5.56265517E+06,-1.61657677E+02,-4.78409421E+01,-0.00000000E+00,-0.00000000E+00,2.27339842E-38,1.49256438E-39,-0.00000000E+00,-0.00000000E+00,2.27339842E-38,1.49256438E-39,-4.16016307E+04,-2.39962113E+03,-7.35002982E+02,-5.97337982E+01,1.73340233E+05,9.99842744E+03,1.70000000E+05,1.00000000E+04,7.76992820E+06,1.63112370E+09
1.90000000E+01,1.00000000E+00,2.32000000E-01,1.39977898E+08,3.22877339E+04,1.38872089E-07,-0.00000000E+00,-0.00000000E+00,-5.92865072E-32,-3.98522714E-33,1.05548428E+08,5.55506382E+06,1.05564930E-02,5.55593253E-04,-1.05687781E+08,-5.56266323E+06,-2.13010315E+02,-5.34232093E+01,-0.00000000E+00,-0.00000000E+00,2.42269413E-38,1.49317653E-39,-0.00000000E+00,-0.00000000E+00,2.42269413E-38,1.49317653E-39,-4.40012519E+04,-2.39962112E+03,-7.94736821E+02,-5.97338568E+01,1.83338660E+05,9.99842741E+03,1.80000000E+05,1.00000000E+04,7.76992817E+06,1.63112373E+09
2.00000000E+01,1.00000000E+00,2.32000000E-01,1.39977897E+08,3.23067247E+04,1.03319814E-07,-0.00000000E+00,-0.00000000E+00,-6.32732534E-32,-3.98757115E-33,1.11103500E+08,5.55507184E+06,1.11120871E-02,5.55594058E-04,-1.11250452E+08,-5.56267125E+06,-2.69078529E+02,-5.75925372E+01,-0.00000000E+00,-0.00000000E+00,2.57203756E-38,1.49357782E-39,-0.00000000E+00,-0.00000000E+00,2.57203756E-38,1.49357782E-39,-4.64008730E+04,-2.39962111E+03,-8.54470705E+02,-5.97338970E+01,1.93337087E+05,9.99842737E+03,1.90000000E+05,1.00000000E+04,7.76992813E+06,1.63112375E+09
2.10000000E+01,1.00000000E+00,2.32000000E-01,1.39977897E+08,3.23180354E+04,7.68691820E-08,-0.00000000E+00,-0.00000000E+00,-6.72617330E-32,-3.98896722E-33,1.16658580E+08,5.55507983E+06,1.16676819E-02,5.55594858E-04,-1.16813131E+08,-5.56267923E+06,-3.28537386E+02,-6.05124773E+01,-0.00000000E+00,-0.00000000E+00,2.72141204E-38,1.49383741E-39,-0.00000000E+00,-0.00000000E+00,2.72141204E-38,1.49383741E-39,-4.88004941E+04,-2.39962110E+03,-9.14204626E+02,-5.97339329E+01,2.03335515E+05,9.99842733E+03,2.00000000E+05,1.00000000E+04,7.76992810E+06,1.63112376E+09
2.20000000E+01,1.00000000E+00,2.32000000E-01,1.39977896E+08,3.23245452E+04,5.71901064E-08,-0.00000000E+00,-0.00000000E+00,-7.12512252E-32,-3.98977071E-33,1.22213668E+08,5.55508778E+06,1.22232776E-02,5.55595657E-04,-1.22375819E+08,-5.56268719E+06,-3.90291551E+02,-6.24421685E+01,-0.00000000E+00,-0.00000000E+00,2.87080645E-38,1.49400290E-39,-0.00000000E+00,-0.00000000E+00,2.87080645E-38,1.49400290E-39,-5.12001152E+04,-2.39962109E+03,-9.73938582E+02,-5.97339677E+01,2.13333942E+05,9.99842729E+03,2.10000000E+05,1.00000000E+04,7.76992807E+06,1.63112377E+09
2.30000000E+01,1.00000000E+00,2.32000000E-01,1.39977895E+08,3.23281686E+04,4.25490189E-08,-0.00000000E+00,-0.00000000E+00,-7.52412892E-32,-3.99021794E-33,1.27768763E+08,5.55509572E+06,1.27788740E-02,5.55596453E-04,-1.27938514E+08,-5.56269512E+06,-4.53517011E+02,-6.36521376E+01,-0.00000000E+00,-0.00000000E+00,3.02021345E-38,1.49410671E-39,-0.00000000E+00,-0.00000000E+00,3.02021345E-38,1.49410671E-39,-5.35997363E+04,-2.39962108E+03,-1.03367257E+03,-5.97340025E+01,2.23332369E+05,9.99842725E+03,2.20000000E+05,1.00000000E+04,7.76992804E+06,1.63112377E+09
2.40000000E+01,1.00000000E+00,2.32000000E-01,1.39977895E+08,3.23301210E+04,3.16561573E-08,-0.00000000E+00,-0.00000000E+00,-7.92316658E-32,-3.99045893E-33,1.33323867E+08,5.55510365E+06,1.33344713E-02,5.55597248E-04,-1.33501217E+08,-5.56270305E+06,-5.17639930E+02,-6.43753928E+01,-0.00000000E+00,-0.00000000E+00,3.16962826E-38,1.49417073E-39,-0.00000000E+00,-0.00000000E+00,3.16962826E-38,1.49417073E-39,-5.59993573E+04,-2.39962108E+03,-1.09340660E+03,-5.97340373E+01,2.33330796E+05,9.99842722E+03,2.30000000E+05,1.00000000E+04,7.76992800E+06,1.63112377E+09
2.50000000E+01,1.00000000E+00,2.32000000E-01,1.39977894E+08,3.23311407E+04,2.35519484E-08,-0.00000000E+00,-0.00000000E+00,-8.32222079E-32,-3.99058479E-33,1.38878979E+08,5.55511156E+06,1.38900693E-02,5.55598042E-04,-1.39063928E+08,-5.56271096E+06,-5.82286064E+02,-6.47892557E+01,-0.00000000E+00,-0.00000000E+00,3.31904785E-38,1.49420948E-39,-0.00000000E+00,-0.00000000E+00,3.31904785E-38,1.49420948E-39,-5.83989784E+04,-2.39962107E+03,-1.15314066E+03,-5.97340722E+01,2.43329224E+05,9.99842718E+03,2.40000000E+05,1.00000000E+04,7.76992797E+06,1.63112377E+09
2.60000000E+01,1.00000000E+00,2.32000000E-01,1.39977894E+08,3.23316574E+04,1.75224765E-08,-0.00000000E+00,-0.00000000E+00,-8.72128350E-32,-3.99064856E-33,1.44434098E+08,5.55511947E+06,1.44456681E-02,5.55598835E-04,-1.44626647E+08,-5.56271887E+06,-6.47224873E+02,-6.50168232E+01,-0.00000000E+00,-0.00000000E+00,3.46847029E-38,1.49423247E-39,-0.00000000E+00,-0.00000000E+00,3.46847029E-38,1.49423247E-39,-6.07985995E+04,-2.39962106E+03,-1.21287475E+03,-5.97341072E+01,2.53327651E+05,9.99842714E+03,2.50000000E+05,1.00000000E+04,7.76992794E+06,1.63112377E+09
2.70000000E+01,1.00000000E+00,2.32000000E-01,1.39977893E+08,3.23319116E+04,1.30365938E-08,-0.00000000E+00,-0.00000000E+00,-9.12035044E-32,-3.99067993E-33,1.49989225E+08,5.55512737E+06,1.50012678E-02,5.55599628E-04,-1.50189373E+08,-5.56272677E+06,-7.12321335E+02,-6.51374931E+01,-0.00000000E+00,-0.00000000E+00,3.61789441E-38,1.49424581E-39,-0.00000000E+00,-0.00000000E+00,3.61789441E-38,1.49424581E-39,-6.31982205E+04,-2.39962105E+03,-1.27260889E+03,-5.97341422E+01,2.63326078E+05,9.99842710E+03,2.60000000E+05,1.00000000E+04,7.76992790E+06,1.63112377E+09
2.80000000E+01,1.00000000E+00,2.32000000E-01,1.39977892E+08,3.23320330E+04,9.69912995E-09,-0.00000000E+00,-0.00000000E+00,-9.51941943E-32,-3.99069491E-33,1.55544361E+08,5.55513526E+06,1.55568682E-02,5.55600419E-04,-1.55752108E+08,-5.56273466E+06,-7.77499864E+02,-6.51994239E+01,-0.00000000E+00,-0.00000000E+00,3.76731948E-38,1.49425336E-39,-0.00000000E+00,-0.00000000E+00,3.76731948E-38,1.49425336E-39,-6.55978415E+04,-2.39962104E+03,-1.33234305E+03,-5.97341773E+01,2.73324505E+05,9.99842706E+03,2.70000000E+05,1.00000000E+04,7.76992787E+06,1.63112377E+09
2.90000000E+01,1.00000000E+00,2.32000000E-01,1.39977892E+08,3.23320890E+04,7.21608140E-09,-0.00000000E+00,-0.00000000E+00,-9.91848939E-32,-3.99070183E-33,1.61099504E+08,5.55514315E+06,1.61124694E-02,5.55601211E-04,-1.61314851E+08,-5.56274254E+06,-8.42719839E+02,-6.52303198E+01,-0.00000000E+00,-0.00000000E+00,3.91674509E-38,1.49425749E-39,-0.00000000E+00,-0.00000000E+00,3.91674509E-38,1.49425749E-39,-6.79974626E+04,-2.39962103E+03,-1.39207725E+03,-5.97342123E+01,2.83322932E+05,9.99842703E+03,2.80000000E+05,1.00000000E+04,7.76992784E+06,1.63112377E+09
3.00000000E+01,1.00000000E+00,2.32000000E-01,1.39977891E+08,3.23321139E+04,5.36871153E-09,-0.00000000E+00,-0.00000000E+00,-1.03175598E-31,-3.99070490E-33,1.66654655E+08,5.55515103E+06,1.66680714E-02,5.55602001E-04,-1.66877601E+08,-5.56275042E+06,-9.07960225E+02,-6.52453948E+01,-0.00000000E+00,-0.00000000E+00,4.06617098E-38,1.49425966E-39,-0.00000000E+00,-0.00000000E+00,4.06617098E-38,1.49425966E-39,-7.03970836E+04,-2.39962102E+03,-1.45181149E+03,-5.97342474E+01,2.93321359E+05,9.99842699E+03,2.90000000E+05,1.00000000E+04,7.76992781E+06,1.63112377E+09
3.10000000E+01,1.00000000E+00,2.32000000E-01,1.39977891E+08,3.23321242E+04,3.99428192E-09,-0.00000000E+00,-0.00000000E+00,-1.07166304E-31,-3.99070617E-33,1.72209814E+08,5.55515890E+06,1.72236742E-02,5.55602791E-04,-1.72440359E+08,-5.56275830E+06,-9.73210496E+02,-6.52526650E+01,-0.00000000E+00,-0.00000000E+00,4.21559702E-38,1.49426071E-39,-0.00000000E+00,-0.00000000E+00,4.21559702E-38,1.49426071E-39,-7.27967046E+04,-2.39962101E+03,-1.51154576E+03,-5.97342825E+01,3.03319786E+05,9.99842695E+03,3.00000000E+05,1.00000000E+04,7.76992777E+06,1.63112377E+09
3.20000000E+01,1.00000000E+00,2.32000000E-01,1.39977890E+08,3.23321279E+04,2.97171639E-09,-0.00000000E+00,-0.00000000E+00,-1.11157010E-31,-3.99070663E-33,1.77764981E+08,5.55516677E+06,1.77792778E-02,5.55603580E-04,-1.78003126E+08,-5.56276617E+06,-1.03846554E+03,-6.52561996E+01,-0.00000000E+00,-0.00000000E+00,4.36502312E-38,1.49426115E-39,-0.00000000E+00,-0.00000000E+00,4.36502312E-38,1.49426115E-39,-7.51963256E+04,-2.39962100E+03,-1.57128006E+03,-5.97343176E+01,3.13318213E+05,9.99842691E+03,3.10000000E+05,1.00000000E+04,7.76992774E+06,1.63112377E+09
3.30000000E+01,1.00000000E+00,2.32000000E-01,1.39977889E+08,3.23321287E+04,2.21093516E-09,-0.00000000E+00,-0.00000000E+00,-1.15147717E-31,-3.99070673E-33,1.83320155E+08,5.55517463E+06,1.83348821E-02,5.55604369E-04,-1.83565900E+08,-5.56277403E+06,-1.10372296E+03,-6.52579956E+01,-0.00000000E+00,-0.00000000E+00,4.51444924E-38,1.49426126E-39,-0.00000000E+00,-0.00000000E+00,4.51444924E-38,1.49426126E-39,-7.75959466E+04,-2.39962099E+03,-1.63101440E+03,-5.97343527E+01,3.23316640E+05,9.99842688E+03,3.20000000E+05,1.00000000E+04,7.76992771E+06,1.63112377E+09
3.40000000E+01,1.00000000E+00,2.32000000E-01,1.39977889E+08,3.23321282E+04,1.64491951E-09,-0.00000000E+00,-0.00000000E+00,-1.19138423E-31,-3.99070667E-33,1.88875338E+08,5.55518249E+06,1.88904873E-02,5.55605157E-04,-1.89128681E+08,-5.56278189E+06,-1.16898165E+03,-6.52590031E+01,-0.00000000E+00,-0.00000000E+00,4.66387536E-38,1.49426118E-39,-0.00000000E+00,-0.00000000E+00,4.66387536E-38,1.49426118E-39,-7.99955676E+04,-2.39962098E+03,-1.69074878E+03,-5.97343878E+01,3.33315067E+05,9.99842684E+03,3.30000000E+05,1.00000000E+04,7.76992767E+06,1.63112377E+09
3.50000000E+01,1.00000000E+00,2.32000000E-01,1.39977888E+08,3.23321271E+04,1.22380802E-09,-0.00000000E+00,-0.00000000E+00,-1.23129130E-31,-3.99070654E-33,1.94430528E+08,5.55519035E+06,1.94460932E-02,5.55605945E-04,-1.94691471E+08,-5.56278974E+06,-1.23424110E+03,-6.52596615E+01,-0.00000000E+00,-0.00000000E+00,4.81330147E-38,1.49426102E-39,-0.00000000E+00,-0.00000000E+00,4.81330147E-38,1.49426102E-39,-8.23951886E+04,-2.39962097E+03,-1.75048319E+03,-5.97344228E+01,3.43313493E+05,9.99842680E+03,3.40000000E+05,1.00000000E+04,7.76992764E+06,1.63112377E+09
3.60000000E+01,1.00000000E+00,2.32000000E-01,1.39977888E+08,3.23321259E+04,9.10504176E-10,-0.00000000E+00,-0.00000000E+00,-1.27119836E-31,-3.99070638E-33,1.99985726E+08,5.55519819E+06,2.00017000E-02,5.55606732E-04,-2.00254269E+08,-5.56279759E+06,-1.29950112E+03,-6.52601688E+01,-0.00000000E+00,-0.00000000E+00,4.96272756E-38,1.49426080E-39,-0.00000000E+00,-0.00000000E+00,4.96272756E-38,1.49426080E-39,-8.47948095E+04,-2.39962096E+03,-1.81021764E+03,-5.97344579E+01,3.53311920E+05,9.99842676E+03,3.50000000E+05,1.00000000E+04,7.76992761E+06,1.63112377E+09
3.70000000E+01,1.00000000E+00,2.32000000E-01,1.39977887E+08,3.23321245E+04,6.77408415E-10,-0.00000000E+00,-0.00000000E+00,-1.31110543E-31,-3.99070621E-33,2.05540932E+08,5.55520603E+06,2.05573075E-02,5.55607519E-04,-2.05817074E+08,-5.56280543E+06,-1.36476160E+03,-6.52606121E+01,-0.00000000E+00,-0.00000000E+00,5.11215362E-38,1.49426057E-39,-0.00000000E+00,-0.00000000E+00,5.11215362E-38,1.49426057E-39,-8.71944305E+04,-2.39962095E+03,-1.86995212E+03,-5.97344930E+01,3.63310347E+05,9.99842672E+03,3.60000000E+05,1.00000000E+04,7.76992758E+06,1.63112377E+09
3.80000000E+01,1.00000000E+00,2.32000000E-01,1.39977886E+08,3.23321231E+04,5.03986882E-10,-0.00000000E+00,-0.00000000E+00,-1.35101249E-31,-3.99070604E-33,2.11096146E+08,5.55521387E+06,2.11129158E-02,5.55608305E-04,-2.11379887E+08,-5.56281326E+06,-1.43002250E+03,-6.52610287E+01,-0.00000000E+00,-0.00000000E+00,5.26157967E-38,1.49426032E-39,-0.00000000E+00,-0.00000000E+00,5.26157967E-38,1.49426032E-39,-8.95940514E+04,-2.39962095E+03,-1.92968664E+03,-5.97345280E+01,3.73308774E+05,9.99842669E+03,3.70000000E+05,1.00000000E+04,7.76992754E+06,1.63112377E+09
3.90000000E+01,1.00000000E+00,2.32000000E-01,1.39977886E+08,3.23321217E+04,3.74962537E-10,-0.00000000E+00,-0.00000000E+00,-1.39091955E-31,-3.99070586E-33,2.16651368E+08,5.55522170E+06,2.16685249E-02,5.55609090E-04,-2.16942709E+08,-5.56282109E+06,-1.49528381E+03,-6.52614344E+01,-0.00000000E+00,-0.00000000E+00,5.41100568E-38,1.49426007E-39,-0.00000000E+00,-0.00000000E+00,5.41100568E-38,1.49426007E-39,-9.19936724E+04,-2.39962094E+03,-1.98942119E+03,-5.97345631E+01,3.83307200E+05,9.99842665E+03,3.80000000E+05,1.00000000E+04,7.76992751E+06,1.63112377E+09
4.00000000E+01,1.00000000E+00,2.32000000E-01,1.39977885E+08,3.23321203E+04,2.78969371E-10,-0.00000000E+00,-0.00000000E+00,-1.43082661E-31,-3.99070569E-33,2.22206597E+08,5.55522953E+06,2.22241348E-02,5.55609875E-04,-2.22505537E+08,-5.56282892E+06,-1.56054553E+03,-6.52618357E+01,-0.00000000E+00,-0.00000000E+00,5.56043167E-38,1.49425982E-39,-0.00000000E+00,-0.00000000E+00,5.56043167E-38,1.49425982E-39,-9.43932933E+04,-2.39962093E+03,-2.04915577E+03,-5.97345981E+01,3.93305627E+05,9.99842661E+03,3.90000000E+05,1.00000000E+04,7.76992748E+06,1.63112377E+09
4.10000000E+01,1.00000000E+00,2.32000000E-01,1.39977885E+08,3.23321189E+04,2.07551162E-10,-0.00000000E+00,-0.00000000E+00,-1.47073366E-31,-3.99070551E-33,2.27761835E+08,5.55523735E+06,2.27797454E-02,5.55610660E-04,-2.28068374E+08,-5.56283674E+06,-1.62580764E+03,-6.52622353E+01,-0.00000000E+00,-0.00000000E+00,5.70985764E-38,1.49425956E-39,-0.00000000E+00,-0.00000000E+00,5.70985764E-38,1.49425956E-39,-9.67929142E+04,-2.39962092E+03,-2.10889040E+03,-5.97346331E+01,4.03304053E+05,9.99842657E+03,4.00000000E+05,1.00000000E+04,7.76992745E+06,1.63112377E+09
4.20000000E+01,1.00000000E+00,2.32000000E-01,1.39977884E+08,3.23321174E+04,1.54416539E-10,-0.00000000E+00,-0.00000000E+00,-1.51064072E-31,-3.99070534E-33,2.33317080E+08,5.55524516E+06,2.33353569E-02,5.55611444E-04,-2.33631219E+08,-5.56284455E+06,-1.69107016E+03,-6.52626340E+01,-0.00000000E+00,-0.00000000E+00,5.85928358E-38,1.49425931E-39,-0.00000000E+00,-0.00000000E+00,5.85928358E-38,1.49425931E-39,-9.91925351E+04,-2.39962091E+03,-2.16862505E+03,-5.97346681E+01,4.13302480E+05,9.99842654E+03,4.10000000E+05,1.00000000E+04,7.76992741E+06,1.63112377E+09
4.30000000E+01,1.00000000E+00,2.32000000E-01,1.39977884E+08,3.23321160E+04,1.14884770E-10,-0.00000000E+00,-0.00000000E+00,-1.55054777E-31,-3.99070516E-33,2.38872333E+08,5.55525297E+06,2.38909691E-02,5.55612227E-04,-2.39194071E+08,-5.56285236E+06,-1.75633307E+03,-6.52630325E+01,-0.00000000E+00,-0.00000000E+00,6.00870949E-38,1.49425906E-39,-0.00000000E+00,-0.00000000E+00,6.00870949E-38,1.49425906E-39,-1.01592156E+05,-2.39962090E+03,-2.22835974E+03,-5.97347031E+01,4.23300906E+05,9.99842650E+03,4.20000000E+05,1.00000000E+04,7.76992738E+06,1.63112377E+09
4.40000000E+01,1.00000000E+00,2.32000000E-01,1.39977883E+08,3.23321146E+04,8.54734248E-11,-0.00000000E+00,-0.00000000E+00,-1.59045482E-31,-3.99070499E-33,2.44427594E+08,5.55526077E+06,2.44465821E-02,5.55613010E-04,-2.44756931E+08,-5.56286016E+06,-1.82159638E+03,-6.52634307E+01,-0.00000000E+00,-0.00000000E+00,6.15813538E-38,1.49425881E-39,-0.00000000E+00,-0.00000000E+00,6.15813538E-38,1.49425881E-39,-1.03991777E+05,-2.39962089E+03,-2.28809447E+03,-5.97347381E+01,4.33299333E+05,9.99842646E+03,4.30000000E+05,1.00000000E+04,7.76992735E+06,1.63112377E+09
4.50000000E+01,1.00000000E+00,2.32000000E-01,1.39977882E+08,3.23321132E+04,6.35915999E-11,-0.00000000E+00,-0.00000000E+00,-1.63036187E-31,-3.99070481E-33,2.49982862E+08,5.55526857E+06,2.50021959E-02,5.55613792E-04,-2.50319799E+08,-5.56286796E+06,-1.88686009E+03,-6.52638288E+01,-0.00000000E+00,-0.00000000E+00,6.30756125E-38,1.49425857E-39,-0.00000000E+00,-0.00000000E+00,6.30756125E-38,1.49425857E-39,-1.06391398E+05,-2.39962088E+03,-2.34782923E+03,-5.97347731E+01,4.43297759E+05,9.99842642E+03,4.40000000E+05,1.00000000E+04,7.76992732E+06,1.63112377E+09
4.60000000E+01,1.00000000E+00,2.32000000E-01,1.39977882E+08,3.23321118E+04,4.73116830E-11,-0.00000000E+00,-0.00000000E+00,-1.67026891E-31,-3.99070464E-33,2.55538138E+08,5.55527637E+06,2.55578105E-02,5.55614574E-04,-2.55882675E+08,-5.56287576E+06,-1.95212420E+03,-6.52642268E+01,-0.00000000E+00,-0.00000000E+00,6.45698709E-38,1.49425832E-39,-0.00000000E+00,-0.00000000E+00,6.45698709E-38,1.49425832E-39,-1.08791019E+05,-2.39962087E+03,-2.40756403E+03,-5.97348081E+01,4.53296186E+05,9.99842639E+03,4.50000000E+05,1.00000000E+04,7.76992728E+06,1.63112377E+09
4.70000000E+01,1.00000000E+00,2.32000000E-01,1.39977881E+08,3.23321103E+04,3.51995444E-11,-0.00000000E+00,-0.00000000E+00,-1.71017596E-31,-3.99070446E-33,2.61093423E+08,5.55528415E+06,2.61134258E-02,5.55615355E-04,-2.61445559E+08,-5.56288354E+06,-2.01738870E+03,-6.52646247E+01,-0.00000000E+00,-0.00000000E+00,6.60641291E-38,1.49425808E-39,-0.00000000E+00,-0.00000000E+00,6.60641291E-38,1.49425808E-39,-1.11190640E+05,-2.39962086E+03,-2.46729886E+03,-5.97348430E+01,4.63294612E+05,9.99842635E+03,4.60000000E+05,1.00000000E+04,7.76992725E+06,1.63112377E+09
4.80000000E+01,1.00000000E+00,2.32000000E-01,1.39977881E+08,3.23321089E+04,2.61882024E-11,-0.00000000E+00,-0.00000000E+00,-1.75008300E-31,-3.99070429E-33,2.66648715E+08,5.55529194E+06,2.66690420E-02,5.55616136E-04,-2.67008450E+08,-5.56289133E+06,-2.08265361E+03,-6.52650225E+01,-0.00000000E+00,-0.00000000E+00,6.75583870E-38,1.49425783E-39,-0.00000000E+00,-0.00000000E+00,6.75583870E-38,1.49425783E-39,-1.13590260E+05,-2.39962085E+03,-2.52703373E+03,-5.97348780E+01,4.73293038E+05,9.99842631E+03,4.70000000E+05,1.00000000E+04,7.76992722E+06,1.63112377E+09
4.90000000E+01,1.00000000E+00,2.32000000E-01,1.39977880E+08,3.23321075E+04,1.94838301E-11,-0.00000000E+00,-0.00000000E+00,-1.78999004E-31,-3.99070411E-33,2.72204014E+08,5.55529972E+06,2.72246589E-02,5.55616916E-04,-2.72571349E+08,-5.56289910E+06,-2.14791891E+03,-6.52654202E+01,-0.00000000E+00,-0.00000000E+00,6.90526447E-38,1.49425759E-39,-0.00000000E+00,-0.00000000E+00,6.90526447E-38,1.49425759E-39,-1.15989881E+05,-2.39962084E+03,-2.58676863E+03,-5.97349129E+01,4.83291465E+05,9.99842627E+03,4.80000000E+05,1.00000000E+04,7.76992719E+06,1.63112377E+09
5.00000000E+01,1.00000000E+00,2.32000000E-01,1.39977879E+08,3.23321061E+04,1.44958264E-11,-0.00000000E+00,-0.00000000E+00,-1.82989708E-31,-3.99070394E-33,2.77759322E+08,5.55530749E+06,2.77802766E-02,5.55617696E-04,-2.78134256E+08,-5.56290688E+06,-2.21318461E+03,-6.52658178E+01,-0.00000000E+00,-0.00000000E+00,7.05469021E-38,1.49425735E-39,-0.00000000E+00,-0.00000000E+00,7.05469021E-38,1.49425735E-39,-1.18389502E+05,-2.39962083E+03,-2.64650356E+03,-5.97349479E+01,4.93289891E+05,9.99842624E+03,4.90000000E+05,1.00000000E+04,7.76992715E+06,1.63112377E+09
