Time [d],dt_flow [d],dt_tran [d],Global Water Mass in Liquid Phas [kg],Global Vaq [mol],Global Vim [mol],Top Water Mass [kg],Top Water Mass [kg/d],Top Vaq [mol],Top Vaq [mol/d],Right Water Mass [kg],Right Water Mass [kg/d],Right Vaq [mol],Right Vaq [mol/d],Left Water Mass [kg],Left Water Mass [kg/d],Left Vaq [mol],Left Vaq [mol/d],North Water Mass [kg],North Water Mass [kg/d],North Vaq [mol],North Vaq [mol/d],South Water Mass [kg],South Water Mass [kg/d],South Vaq [mol],South Vaq [mol/d],ExtractWell Water Mass [kg],ExtractWell Water Mass [kg/d],ExtractWell Vaq [mol],ExtractWell Vaq [mol/d],InjectWell Water Mass [kg],InjectWell Water Mass [kg/d],InjectWell Vaq [mol],InjectWell Vaq [mol/d],Region Region__all Water Mass [kg],Region Region__all Total Mass [kg]
1.00000000E+00,4.89000000E-01,3.27074497E-02,1.39979211E+08,1.08779177E-02,2.95435626E-05,-0.00000000E+00,-0.00000000E+00,2.23384132E-40,3.85354156E-40,4.16764385E+07,4.16612704E+07,4.16821531E-03,4.16669862E-03,-4.17093562E+07,-4.17111870E+07,-3.57042713E-03,-3.08121341E-03,-0.00000000E+00,-0.00000000E+00,2.21998293E-40,3.82965444E-40,-0.00000000E+00,-0.00000000E+00,2.21998293E-40,3.82965444E-40,-8.08077626E+02,-1.22621789E+03,-6.61065301E-08,-9.07884062E-08,3.36702720E+04,5.10929767E+04,3.36749000E-06,5.11000000E-06,7.77000109E+06,1.63109144E+09
2.00000000E+00,4.88000000E-01,3.42364290E-02,1.39979171E+08,8.55986571E+04,2.18195362E-05,-0.00000000E+00,-0.00000000E+00,-5.81900141E-33,-1.05653182E-32,8.32933106E+07,4.16178173E+07,8.33047421E-03,4.16235368E-03,-8.34238553E+07,-4.17154420E+07,-2.16134457E-02,-1.53473984E-01,-0.00000000E+00,-0.00000000E+00,7.15265318E-40,5.68647846E-40,-0.00000000E+00,-0.00000000E+00,7.15265318E-40,5.68647847E-40,-3.20772097E+03,-2.39964330E+03,-2.21599913E+00,-1.30789919E+01,1.33656531E+05,9.99862598E+04,1.00000000E+05,1.00000000E+05,7.76999884E+06,1.63117704E+09
3.00000000E+00,1.00000000E+00,3.07144743E-02,1.39979137E+08,1.48584782E+05,1.61185955E-05,-0.00000000E+00,-0.00000000E+00,-2.06920447E-32,-1.83396056E-32,1.24914490E+08,4.16211799E+07,1.24931651E-02,4.16269092E-03,-1.25142655E+08,-4.17188002E+07,-1.19584686E+02,-5.85734277E+02,-0.00000000E+00,-0.00000000E+00,1.32654013E-39,6.36095029E-40,-0.00000000E+00,-0.00000000E+00,1.32654013E-39,6.36095029E-40,-5.60736425E+03,-2.39964328E+03,-9.31825644E+01,-1.69634204E+02,2.33642792E+05,9.99862603E+04,2.00000000E+05,1.00000000E+05,7.76999697E+06,1.63124003E+09
4.00000000E+00,1.00000000E+00,3.07150726E-02,1.39979105E+08,1.90372749E+05,1.19071788E-05,-0.00000000E+00,-0.00000000E+00,-4.20132943E-32,-2.34974347E-32,1.66538858E+08,4.16243672E+07,1.66561757E-02,4.16301061E-03,-1.66864641E+08,-4.17219857E+07,-5.36638049E+03,-1.25259321E+04,-0.00000000E+00,-0.00000000E+00,1.97197692E-39,6.49639040E-40,-0.00000000E+00,-0.00000000E+00,1.97197692E-39,6.49639040E-40,-8.00700753E+03,-2.39964328E+03,-2.98987178E+02,-2.19139869E+02,3.33629052E+05,9.99862604E+04,3.00000000E+05,1.00000000E+05,7.76999520E+06,1.63128182E+09
5.00000000E+00,1.00000000E+00,3.07149256E-02,1.39979074E+08,2.05797194E+05,8.79610818E-06,-0.00000000E+00,-0.00000000E+00,-6.67512739E-32,-2.54012519E-32,2.08166328E+08,4.16274703E+07,2.08194976E-02,4.16332188E-03,-2.08589729E+08,-4.17250880E+07,-2.85073110E+04,-3.08889902E+04,-0.00000000E+00,-0.00000000E+00,2.62248922E-39,6.50806157E-40,-0.00000000E+00,-0.00000000E+00,2.62248922E-39,6.50806157E-40,-1.04066508E+04,-2.39964328E+03,-5.19479572E+02,-2.20810769E+02,4.33615312E+05,9.99862604E+04,4.00000000E+05,1.00000000E+05,7.76999347E+06,1.63129724E+09
6.00000000E+00,1.00000000E+00,3.07148623E-02,1.39979044E+08,2.07924700E+05,6.49788840E-06,-0.00000000E+00,-0.00000000E+00,-9.23423149E-32,-2.56638470E-32,2.49796848E+08,4.16305205E+07,2.49831255E-02,4.16362784E-03,-2.50317867E+08,-4.17281376E+07,-6.28339501E+04,-3.58481393E+04,-0.00000000E+00,-0.00000000E+00,3.27331096E-39,6.50816935E-40,-0.00000000E+00,-0.00000000E+00,3.27331096E-39,6.50816935E-40,-1.28062941E+04,-2.39964328E+03,-7.40302956E+02,-2.20825673E+02,5.33601573E+05,9.99862604E+04,5.00000000E+05,1.00000000E+05,7.76999177E+06,1.63129937E+09
7.00000000E+00,1.00000000E+00,3.07148766E-02,1.39979013E+08,2.08037171E+05,4.80014033E-06,-0.00000000E+00,-0.00000000E+00,-1.18016863E-31,-2.56777290E-32,2.91430377E+08,4.16335290E+07,2.91470551E-02,4.16392962E-03,-2.92049013E+08,-4.17311458E+07,-9.89689855E+04,-3.62271771E+04,-0.00000000E+00,-0.00000000E+00,3.92410743E-39,6.50781697E-40,-0.00000000E+00,-0.00000000E+00,3.92410743E-39,6.50781697E-40,-1.52059374E+04,-2.39964328E+03,-9.61128618E+02,-2.20825602E+02,6.33587833E+05,9.99862604E+04,6.00000000E+05,1.00000000E+05,7.76999010E+06,1.63129948E+09
8.00000000E+00,1.00000000E+00,3.07578194E-02,1.39978984E+08,2.08039859E+05,3.54597423E-06,-0.00000000E+00,-0.00000000E+00,-1.43694859E-31,-2.56780609E-32,3.33066879E+08,4.16365015E+07,3.33112829E-02,4.16422779E-03,-3.33783131E+08,-4.17341179E+07,-1.35205270E+05,-3.62386580E+04,-0.00000000E+00,-0.00000000E+00,4.57486810E-39,6.50745828E-40,-0.00000000E+00,-0.00000000E+00,4.57486810E-39,6.50745828E-40,-1.76055807E+04,-2.39964328E+03,-1.18195417E+03,-2.20825496E+02,7.33574094E+05,9.99862604E+04,7.00000000E+05,1.00000000E+05,7.76998844E+06,1.63129948E+09
9.00000000E+00,1.00000000E+00,3.08337395E-02,1.39978954E+08,2.08039878E+05,2.61949238E-06,-0.00000000E+00,-0.00000000E+00,-1.69372923E-31,-2.56780633E-32,3.74706320E+08,4.16394414E+07,3.74758056E-02,4.16452269E-03,-3.75520188E+08,-4.17370575E+07,-1.71444056E+05,-3.62388288E+04,-0.00000000E+00,-0.00000000E+00,5.22559305E-39,6.50710207E-40,-0.00000000E+00,-0.00000000E+00,5.22559305E-39,6.50710207E-40,-2.00052239E+04,-2.39964328E+03,-1.40277962E+03,-2.20825404E+02,8.33560354E+05,9.99862604E+04,8.00000000E+05,1.00000000E+05,7.76998681E+06,1.63129948E+09
1.00000000E+01,1.00000000E+00,3.09121243E-02,1.39978925E+08,2.08039869E+05,1.93507865E-06,-0.00000000E+00,-0.00000000E+00,-1.95050985E-31,-2.56780621E-32,4.16348672E+08,4.16423515E+07,4.16406202E-02,4.16481460E-03,-4.17260155E+08,-4.17399673E+07,-2.07682874E+05,-3.62388282E+04,-0.00000000E+00,-0.00000000E+00,5.87628251E-39,6.50674833E-40,-0.00000000E+00,-0.00000000E+00,5.87628251E-39,6.50674833E-40,-2.24048672E+04,-2.39964328E+03,-1.62360499E+03,-2.20825324E+02,9.33546615E+05,9.99862604E+04,9.00000000E+05,1.00000000E+05,7.76998519E+06,1.63129948E+09
1.10000000E+01,1.00000000E+00,3.09902692E-02,1.39978896E+08,2.08039862E+05,1.42948638E-06,-0.00000000E+00,-0.00000000E+00,-2.20729047E-31,-2.56780613E-32,4.57993906E+08,4.16452340E+07,4.58057239E-02,4.16510376E-03,-4.59003005E+08,-4.17428496E+07,-2.43921691E+05,-3.62388267E+04,-0.00000000E+00,-0.00000000E+00,6.52693674E-39,6.50639699E-40,-0.00000000E+00,-0.00000000E+00,6.52693674E-39,6.50639699E-40,-2.48045105E+04,-2.39964328E+03,-1.84443028E+03,-2.20825254E+02,1.03353287E+06,9.99862604E+04,1.00000000E+06,1.00000000E+05,7.76998358E+06,1.63129948E+09
1.20000000E+01,1.00000000E+00,3.10689549E-02,1.39978867E+08,2.08039858E+05,1.05599374E-06,-0.00000000E+00,-0.00000000E+00,-2.46407108E-31,-2.56780608E-32,4.99641997E+08,4.16480909E+07,4.99711143E-02,4.16539034E-03,-5.00748711E+08,-4.17457062E+07,-2.80160507E+05,-3.62388256E+04,-0.00000000E+00,-0.00000000E+00,7.17755598E-39,6.50604801E-40,-0.00000000E+00,-0.00000000E+00,7.17755598E-39,6.50604801E-40,-2.72041538E+04,-2.39964328E+03,-2.06525551E+03,-2.20825191E+02,1.13351914E+06,9.99862604E+04,1.10000000E+06,1.00000000E+05,7.76998199E+06,1.63129948E+09
1.30000000E+01,1.00000000E+00,3.11477030E-02,1.39978839E+08,2.08039856E+05,7.80086182E-07,-0.00000000E+00,-0.00000000E+00,-2.72085169E-31,-2.56780604E-32,5.41292921E+08,4.16509238E+07,5.41367888E-02,4.16567451E-03,-5.42497250E+08,-4.17485389E+07,-3.16399323E+05,-3.62388247E+04,-0.00000000E+00,-0.00000000E+00,7.82814046E-39,6.50570136E-40,-0.00000000E+00,-0.00000000E+00,7.82814046E-39,6.50570136E-40,-2.96037971E+04,-2.39964328E+03,-2.28608068E+03,-2.20825135E+02,1.23350540E+06,9.99862604E+04,1.20000000E+06,1.00000000E+05,7.76998041E+06,1.63129948E+09
1.40000000E+01,1.00000000E+00,3.12263428E-02,1.39978811E+08,2.08039854E+05,5.76266995E-07,-0.00000000E+00,-0.00000000E+00,-2.97763230E-31,-2.56780602E-32,5.82946655E+08,4.16537342E+07,5.83027452E-02,4.16595642E-03,-5.84248599E+08,-4.17513491E+07,-3.52638139E+05,-3.62388240E+04,-0.00000000E+00,-0.00000000E+00,8.47869040E-39,6.50535701E-40,-0.00000000E+00,-0.00000000E+00,8.47869040E-39,6.50535700E-40,-3.20034404E+04,-2.39964328E+03,-2.50690579E+03,-2.20825084E+02,1.33349166E+06,9.99862604E+04,1.30000000E+06,1.00000000E+05,7.76997884E+06,1.63129948E+09
1.50000000E+01,1.00000000E+00,3.13049049E-02,1.39978782E+08,2.08039853E+05,4.25701154E-07,-0.00000000E+00,-0.00000000E+00,-3.23441290E-31,-2.56780601E-32,6.24603178E+08,4.16565232E+07,6.24689814E-02,4.16623620E-03,-6.26002737E+08,-4.17541379E+07,-3.88876955E+05,-3.62388234E+04,-0.00000000E+00,-0.00000000E+00,9.12920604E-39,6.50501492E-40,-0.00000000E+00,-0.00000000E+00,9.12920604E-39,6.50501491E-40,-3.44030836E+04,-2.39964328E+03,-2.72773085E+03,-2.20825037E+02,1.43347792E+06,9.99862604E+04,1.40000000E+06,1.00000000E+05,7.76997728E+06,1.63129948E+09
1.60000000E+01,1.00000000E+00,3.13837773E-02,1.39978755E+08,2.08039852E+05,3.14474785E-07,-0.00000000E+00,-0.00000000E+00,-3.49119350E-31,-2.56780600E-32,6.66262470E+08,4.16592921E+07,6.66354953E-02,4.16651394E-03,-6.67759644E+08,-4.17569065E+07,-4.25115770E+05,-3.62388229E+04,-0.00000000E+00,-0.00000000E+00,9.77968761E-39,6.50467506E-40,-0.00000000E+00,-0.00000000E+00,9.77968761E-39,6.50467506E-40,-3.68027269E+04,-2.39964328E+03,-2.94855587E+03,-2.20824992E+02,1.53346418E+06,9.99862604E+04,1.50000000E+06,1.00000000E+05,7.76997573E+06,1.63129948E+09
1.70000000E+01,1.00000000E+00,3.14626229E-02,1.39978727E+08,2.08039852E+05,2.32309383E-07,-0.00000000E+00,-0.00000000E+00,-3.74797411E-31,-2.56780600E-32,7.07924512E+08,4.16620416E+07,7.08022851E-02,4.16678976E-03,-7.09519299E+08,-4.17596559E+07,-4.61354585E+05,-3.62388225E+04,-0.00000000E+00,-0.00000000E+00,1.04301353E-38,6.50433742E-40,-0.00000000E+00,-0.00000000E+00,1.04301353E-38,6.50433741E-40,-3.92023702E+04,-2.39964328E+03,-3.16938084E+03,-2.20824949E+02,1.63345044E+06,9.99862604E+04,1.60000000E+06,1.00000000E+05,7.76997420E+06,1.63129948E+09
1.80000000E+01,1.00000000E+00,3.15414134E-02,1.39978699E+08,2.08039852E+05,1.71611977E-07,-0.00000000E+00,-0.00000000E+00,-4.00475471E-31,-2.56780600E-32,7.49589285E+08,4.16647729E+07,7.49693488E-02,4.16706374E-03,-7.51281686E+08,-4.17623870E+07,-4.97593401E+05,-3.62388220E+04,-0.00000000E+00,-0.00000000E+00,1.10805494E-38,6.50400195E-40,-0.00000000E+00,-0.00000000E+00,1.10805494E-38,6.50400195E-40,-4.16020135E+04,-2.39964328E+03,-3.39020578E+03,-2.20824909E+02,1.73343670E+06,9.99862604E+04,1.70000000E+06,1.00000000E+05,7.76997267E+06,1.63129948E+09
1.90000000E+01,1.00000000E+00,3.16201421E-02,1.39978672E+08,2.08039852E+05,1.26773464E-07,-0.00000000E+00,-0.00000000E+00,-4.26153531E-31,-2.56780599E-32,7.91256771E+08,4.16674866E+07,7.91366848E-02,4.16733596E-03,-7.93046787E+08,-4.17651006E+07,-5.33832216E+05,-3.62388217E+04,-0.00000000E+00,-0.00000000E+00,1.17309300E-38,6.50366865E-40,-0.00000000E+00,-0.00000000E+00,1.17309300E-38,6.50366864E-40,-4.40016568E+04,-2.39964328E+03,-3.61103067E+03,-2.20824871E+02,1.83342296E+06,9.99862604E+04,1.80000000E+06,1.00000000E+05,7.76997115E+06,1.63129948E+09
2.00000000E+01,1.00000000E+00,3.16988119E-02,1.39978645E+08,2.08039852E+05,9.36502721E-08,-0.00000000E+00,-0.00000000E+00,-4.51831591E-31,-2.56780599E-32,8.32926955E+08,4.16701835E+07,8.33042913E-02,4.16760650E-03,-8.34814584E+08,-4.17677973E+07,-5.70071032E+05,-3.62388213E+04,-0.00000000E+00,-0.00000000E+00,1.23812775E-38,6.50333748E-40,-0.00000000E+00,-0.00000000E+00,1.23812775E-38,6.50333747E-40,-4.64013001E+04,-2.39964328E+03,-3.83185552E+03,-2.20824836E+02,1.93340922E+06,9.99862604E+04,1.90000000E+06,1.00000000E+05,7.76996964E+06,1.63129948E+09
2.10000000E+01,1.00000000E+00,3.17776496E-02,1.39978618E+08,2.08039852E+05,6.91814485E-08,-0.00000000E+00,-0.00000000E+00,-4.77509651E-31,-2.56780600E-32,8.74599819E+08,4.16728642E+07,8.74721667E-02,4.16787541E-03,-8.76585062E+08,-4.17704778E+07,-6.06309847E+05,-3.62388210E+04,-0.00000000E+00,-0.00000000E+00,1.30315919E-38,6.50300841E-40,-0.00000000E+00,-0.00000000E+00,1.30315919E-38,6.50300841E-40,-4.88009433E+04,-2.39964328E+03,-4.05268035E+03,-2.20824803E+02,2.03339548E+06,9.99862604E+04,2.00000000E+06,1.00000000E+05,7.76996814E+06,1.63129948E+09
2.20000000E+01,1.00000000E+00,3.18564670E-02,1.39978591E+08,2.08039852E+05,5.11057987E-08,-0.00000000E+00,-0.00000000E+00,-5.03187711E-31,-2.56780600E-32,9.16275348E+08,4.16755293E+07,9.16403095E-02,4.16814276E-03,-9.18358205E+08,-4.17731428E+07,-6.42548662E+05,-3.62388207E+04,-0.00000000E+00,-0.00000000E+00,1.36818736E-38,6.50268144E-40,-0.00000000E+00,-0.00000000E+00,1.36818736E-38,6.50268143E-40,-5.12005866E+04,-2.39964328E+03,-4.27350514E+03,-2.20824772E+02,2.13338174E+06,9.99862604E+04,2.10000000E+06,1.00000000E+05,7.76996665E+06,1.63129948E+09
2.30000000E+01,1.00000000E+00,3.19352501E-02,1.39978564E+08,2.08039852E+05,3.77529272E-08,-0.00000000E+00,-0.00000000E+00,-5.28865771E-31,-2.56780600E-32,9.57953528E+08,4.16781794E+07,9.58087181E-02,4.16840860E-03,-9.60133998E+08,-4.17757928E+07,-6.78787477E+05,-3.62388204E+04,-0.00000000E+00,-0.00000000E+00,1.43321227E-38,6.50235653E-40,-0.00000000E+00,-0.00000000E+00,1.43321227E-38,6.50235652E-40,-5.36002299E+04,-2.39964328E+03,-4.49432990E+03,-2.20824742E+02,2.23336800E+06,9.99862604E+04,2.20000000E+06,1.00000000E+05,7.76996516E+06,1.63129948E+09
2.40000000E+01,1.00000000E+00,3.20139971E-02,1.39978538E+08,2.08039852E+05,2.78888756E-08,-0.00000000E+00,-0.00000000E+00,-5.54543831E-31,-2.56780600E-32,9.99634343E+08,4.16808150E+07,9.99773911E-02,4.16867299E-03,-1.00191243E+09,-4.17784282E+07,-7.15026292E+05,-3.62388201E+04,-0.00000000E+00,-0.00000000E+00,1.49823394E-38,6.50203366E-40,-0.00000000E+00,-0.00000000E+00,1.49823394E-38,6.50203365E-40,-5.59998732E+04,-2.39964328E+03,-4.71515463E+03,-2.20824714E+02,2.33335426E+06,9.99862604E+04,2.30000000E+06,1.00000000E+05,7.76996369E+06,1.63129948E+09
2.50000000E+01,1.00000000E+00,3.20927061E-02,1.39978511E+08,2.08039853E+05,2.06020910E-08,-0.00000000E+00,-0.00000000E+00,-5.80221891E-31,-2.56780601E-32,1.04131778E+09,4.16834366E+07,1.04146327E-01,4.16893597E-03,-1.04369348E+09,-4.17810497E+07,-7.51265107E+05,-3.62388199E+04,-0.00000000E+00,-0.00000000E+00,1.56325240E-38,6.50171281E-40,-0.00000000E+00,-0.00000000E+00,1.56325240E-38,6.50171280E-40,-5.83995165E+04,-2.39964328E+03,-4.93597933E+03,-2.20824687E+02,2.43334052E+06,9.99862604E+04,2.40000000E+06,1.00000000E+05,7.76996222E+06,1.63129948E+09
2.60000000E+01,1.00000000E+00,3.21713747E-02,1.39978485E+08,2.08039853E+05,1.52191893E-08,-0.00000000E+00,-0.00000000E+00,-6.05899952E-31,-2.56780601E-32,1.08300382E+09,4.16860445E+07,1.08315525E-01,4.16919759E-03,-1.08547713E+09,-4.17836575E+07,-7.87503922E+05,-3.62388196E+04,-0.00000000E+00,-0.00000000E+00,1.62826766E-38,6.50139395E-40,-0.00000000E+00,-0.00000000E+00,1.62826765E-38,6.50139395E-40,-6.07991597E+04,-2.39964328E+03,-5.15680401E+03,-2.20824662E+02,2.53332678E+06,9.99862604E+04,2.50000000E+06,1.00000000E+05,7.76996075E+06,1.63129948E+09
2.70000000E+01,1.00000000E+00,3.22500383E-02,1.39978459E+08,2.08039853E+05,1.12427269E-08,-0.00000000E+00,-0.00000000E+00,-6.31578012E-31,-2.56780601E-32,1.12469246E+09,4.16886393E+07,1.12484982E-01,4.16945788E-03,-1.12726339E+09,-4.17862521E+07,-8.23742737E+05,-3.62388194E+04,-0.00000000E+00,-0.00000000E+00,1.69327974E-38,6.50107708E-40,-0.00000000E+00,-0.00000000E+00,1.69327974E-38,6.50107708E-40,-6.31988030E+04,-2.39964328E+03,-5.37762866E+03,-2.20824638E+02,2.63331304E+06,9.99862604E+04,2.60000000E+06,1.00000000E+05,7.76995930E+06,1.63129948E+09
2.80000000E+01,1.00000000E+00,3.23287530E-02,1.39978432E+08,2.08039853E+05,8.30523125E-09,-0.00000000E+00,-0.00000000E+00,-6.57256072E-31,-2.56780602E-32,1.16638368E+09,4.16912212E+07,1.16654699E-01,4.16971689E-03,-1.16905222E+09,-4.17888339E+07,-8.59981552E+05,-3.62388191E+04,-0.00000000E+00,-0.00000000E+00,1.75828866E-38,6.50076217E-40,-0.00000000E+00,-0.00000000E+00,1.75828866E-38,6.50076216E-40,-6.55984463E+04,-2.39964328E+03,-5.59845329E+03,-2.20824614E+02,2.73329930E+06,9.99862604E+04,2.70000000E+06,1.00000000E+05,7.76995785E+06,1.63129948E+09
2.90000000E+01,1.00000000E+00,3.24074448E-02,1.39978406E+08,2.08039854E+05,6.13524231E-09,-0.00000000E+00,-0.00000000E+00,-6.82934132E-31,-2.56780602E-32,1.20807747E+09,4.16937906E+07,1.20824674E-01,4.16997464E-03,-1.21084362E+09,-4.17914032E+07,-8.96220367E+05,-3.62388189E+04,-0.00000000E+00,-0.00000000E+00,1.82329445E-38,6.50044919E-40,-0.00000000E+00,-0.00000000E+00,1.82329445E-38,6.50044919E-40,-6.79980896E+04,-2.39964328E+03,-5.81927789E+03,-2.20824592E+02,2.83328556E+06,9.99862604E+04,2.80000000E+06,1.00000000E+05,7.76995640E+06,1.63129948E+09
3.00000000E+01,1.00000000E+00,3.24861085E-02,1.39978380E+08,2.08039854E+05,4.53222679E-09,-0.00000000E+00,-0.00000000E+00,-7.08612193E-31,-2.56780603E-32,1.24977382E+09,4.16963479E+07,1.24994905E-01,4.17023118E-03,-1.25263758E+09,-4.17939604E+07,-9.32459181E+05,-3.62388187E+04,-0.00000000E+00,-0.00000000E+00,1.88829712E-38,6.50013814E-40,-0.00000000E+00,-0.00000000E+00,1.88829711E-38,6.50013813E-40,-7.03977329E+04,-2.39964328E+03,-6.04010247E+03,-2.20824571E+02,2.93327182E+06,9.99862604E+04,2.90000000E+06,1.00000000E+05,7.76995497E+06,1.63129948E+09
3.10000000E+01,1.00000000E+00,3.25647437E-02,1.39978355E+08,2.08039854E+05,3.34804643E-09,-0.00000000E+00,-0.00000000E+00,-7.34290253E-31,-2.56780603E-32,1.29147272E+09,4.16988934E+07,1.29165392E-01,4.17048653E-03,-1.29443409E+09,-4.17965058E+07,-9.68697996E+05,-3.62388185E+04,-0.00000000E+00,-0.00000000E+00,1.95329668E-38,6.49982898E-40,-0.00000000E+00,-0.00000000E+00,1.95329668E-38,6.49982897E-40,-7.27973762E+04,-2.39964328E+03,-6.26092704E+03,-2.20824550E+02,3.03325808E+06,9.99862604E+04,3.00000000E+06,1.00000000E+05,7.76995353E+06,1.63129948E+09
3.20000000E+01,1.00000000E+00,3.26433499E-02,1.39978329E+08,2.08039855E+05,2.47326833E-09,-0.00000000E+00,-0.00000000E+00,-7.59968314E-31,-2.56780603E-32,1.33317414E+09,4.17014273E+07,1.33336132E-01,4.17074073E-03,-1.33623313E+09,-4.17990396E+07,-1.00493681E+06,-3.62388183E+04,-0.00000000E+00,-0.00000000E+00,2.01829317E-38,6.49952170E-40,-0.00000000E+00,-0.00000000E+00,2.01829317E-38,6.49952170E-40,-7.51970194E+04,-2.39964328E+03,-6.48175158E+03,-2.20824531E+02,3.13324434E+06,9.99862604E+04,3.10000000E+06,1.00000000E+05,7.76995211E+06,1.63129948E+09
3.30000000E+01,1.00000000E+00,3.27219264E-02,1.39978303E+08,2.08039855E+05,1.82705207E-09,-0.00000000E+00,-0.00000000E+00,-7.85646374E-31,-2.56780604E-32,1.37487809E+09,4.17039500E+07,1.37507126E-01,4.17099379E-03,-1.37803469E+09,-4.18015622E+07,-1.04117563E+06,-3.62388181E+04,-0.00000000E+00,-0.00000000E+00,2.08328660E-38,6.49921628E-40,-0.00000000E+00,-0.00000000E+00,2.08328660E-38,6.49921628E-40,-7.75966627E+04,-2.39964328E+03,-6.70257610E+03,-2.20824512E+02,3.23323060E+06,9.99862604E+04,3.20000000E+06,1.00000000E+05,7.76995069E+06,1.63129948E+09
3.40000000E+01,1.00000000E+00,3.28004726E-02,1.39978278E+08,2.08039855E+05,1.34967915E-09,-0.00000000E+00,-0.00000000E+00,-8.11324435E-31,-2.56780604E-32,1.41658456E+09,4.17064617E+07,1.41678372E-01,4.17124576E-03,-1.41983876E+09,-4.18040738E+07,-1.07741444E+06,-3.62388179E+04,-0.00000000E+00,-0.00000000E+00,2.14827698E-38,6.49891271E-40,-0.00000000E+00,-0.00000000E+00,2.14827698E-38,6.49891270E-40,-7.99963060E+04,-2.39964328E+03,-6.92340061E+03,-2.20824493E+02,3.33321686E+06,9.99862604E+04,3.30000000E+06,1.00000000E+05,7.76994927E+06,1.63129948E+09
3.50000000E+01,1.00000000E+00,3.28789879E-02,1.39978253E+08,2.08039856E+05,9.97034249E-10,-0.00000000E+00,-0.00000000E+00,-8.37002495E-31,-2.56780605E-32,1.45829352E+09,4.17089626E+07,1.45849869E-01,4.17149664E-03,-1.46164534E+09,-4.18065746E+07,-1.11365325E+06,-3.62388178E+04,-0.00000000E+00,-0.00000000E+00,2.21326434E-38,6.49861096E-40,-0.00000000E+00,-0.00000000E+00,2.21326434E-38,6.49861095E-40,-8.23959493E+04,-2.39964328E+03,-7.14422509E+03,-2.20824476E+02,3.43320313E+06,9.99862604E+04,3.40000000E+06,1.00000000E+05,7.76994787E+06,1.63129948E+09
3.60000000E+01,1.00000000E+00,3.29575132E-02,1.39978227E+08,2.08039856E+05,7.36528475E-10,-0.00000000E+00,-0.00000000E+00,-8.62680556E-31,-2.56780605E-32,1.50000497E+09,4.17114530E+07,1.50021615E-01,4.17174647E-03,-1.50345440E+09,-4.18090649E+07,-1.14989207E+06,-3.62388176E+04,-0.00000000E+00,-0.00000000E+00,2.27824869E-38,6.49831101E-40,-0.00000000E+00,-0.00000000E+00,2.27824869E-38,6.49831101E-40,-8.47955926E+04,-2.39964328E+03,-7.36504956E+03,-2.20824459E+02,3.53318939E+06,9.99862604E+04,3.50000000E+06,1.00000000E+05,7.76994646E+06,1.63129948E+09
3.70000000E+01,1.00000000E+00,3.30360355E-02,1.39978202E+08,2.08039856E+05,5.44087731E-10,-0.00000000E+00,-0.00000000E+00,-8.88358616E-31,-2.56780605E-32,1.54171890E+09,4.17139332E+07,1.54193610E-01,4.17199527E-03,-1.54526595E+09,-4.18115450E+07,-1.18613088E+06,-3.62388174E+04,-0.00000000E+00,-0.00000000E+00,2.34323005E-38,6.49801285E-40,-0.00000000E+00,-0.00000000E+00,2.34323005E-38,6.49801285E-40,-8.71952359E+04,-2.39964328E+03,-7.58587401E+03,-2.20824442E+02,3.63317565E+06,9.99862604E+04,3.60000000E+06,1.00000000E+05,7.76994506E+06,1.63129948E+09
3.80000000E+01,1.00000000E+00,3.31145332E-02,1.39978177E+08,2.08039857E+05,4.01927989E-10,-0.00000000E+00,-0.00000000E+00,-9.14036677E-31,-2.56780606E-32,1.58343531E+09,4.17164032E+07,1.58365853E-01,4.17224306E-03,-1.58707996E+09,-4.18140149E+07,-1.22236970E+06,-3.62388172E+04,-0.00000000E+00,-0.00000000E+00,2.40820844E-38,6.49771647E-40,-0.00000000E+00,-0.00000000E+00,2.40820844E-38,6.49771647E-40,-8.95948791E+04,-2.39964328E+03,-7.80669845E+03,-2.20824426E+02,3.73316191E+06,9.99862604E+04,3.70000000E+06,1.00000000E+05,7.76994367E+06,1.63129948E+09
3.90000000E+01,1.00000000E+00,3.31930050E-02,1.39978152E+08,2.08039857E+05,2.96911825E-10,-0.00000000E+00,-0.00000000E+00,-9.39714738E-31,-2.56780606E-32,1.62515417E+09,4.17188634E+07,1.62538343E-01,4.17248986E-03,-1.62889644E+09,-4.18164750E+07,-1.25860851E+06,-3.62388171E+04,-0.00000000E+00,-0.00000000E+00,2.47318388E-38,6.49742184E-40,-0.00000000E+00,-0.00000000E+00,2.47318388E-38,6.49742183E-40,-9.19945224E+04,-2.39964328E+03,-8.02752287E+03,-2.20824410E+02,3.83314817E+06,9.99862604E+04,3.80000000E+06,1.00000000E+05,7.76994228E+06,1.63129948E+09
4.00000000E+01,1.00000000E+00,3.32714508E-02,1.39978127E+08,2.08039857E+05,2.19334356E-10,-0.00000000E+00,-0.00000000E+00,-9.65392798E-31,-2.56780607E-32,1.66687548E+09,4.17213138E+07,1.66711079E-01,4.17273568E-03,-1.67071536E+09,-4.18189254E+07,-1.29484732E+06,-3.62388169E+04,-0.00000000E+00,-0.00000000E+00,2.53815638E-38,6.49712894E-40,-0.00000000E+00,-0.00000000E+00,2.53815638E-38,6.49712893E-40,-9.43941657E+04,-2.39964328E+03,-8.24834727E+03,-2.20824395E+02,3.93313443E+06,9.99862604E+04,3.90000000E+06,1.00000000E+05,7.76994090E+06,1.63129948E+09
4.10000000E+01,1.00000000E+00,3.33498704E-02,1.39978102E+08,2.08039858E+05,1.62026393E-10,-0.00000000E+00,-0.00000000E+00,-9.91070859E-31,-2.56780607E-32,1.70859924E+09,4.17237548E+07,1.70884060E-01,4.17298055E-03,-1.71253673E+09,-4.18213662E+07,-1.33108614E+06,-3.62388168E+04,-0.00000000E+00,-0.00000000E+00,2.60312596E-38,6.49683776E-40,-0.00000000E+00,-0.00000000E+00,2.60312596E-38,6.49683775E-40,-9.67938090E+04,-2.39964328E+03,-8.46917166E+03,-2.20824381E+02,4.03312069E+06,9.99862604E+04,4.00000000E+06,1.00000000E+05,7.76993952E+06,1.63129948E+09
4.20000000E+01,1.00000000E+00,3.34282638E-02,1.39978077E+08,2.08039858E+05,1.19691907E-10,-0.00000000E+00,-0.00000000E+00,-1.01674892E-30,-2.56780608E-32,1.75032543E+09,4.17261864E+07,1.75057284E-01,4.17322449E-03,-1.75436053E+09,-4.18237978E+07,-1.36732495E+06,-3.62388166E+04,-0.00000000E+00,-0.00000000E+00,2.66809264E-38,6.49654828E-40,-0.00000000E+00,-0.00000000E+00,2.66809264E-38,6.49654828E-40,-9.91934523E+04,-2.39964328E+03,-8.68999604E+03,-2.20824367E+02,4.13310695E+06,9.99862604E+04,4.10000000E+06,1.00000000E+05,7.76993815E+06,1.63129948E+09
4.30000000E+01,1.00000000E+00,3.35066306E-02,1.39978053E+08,2.08039858E+05,8.84186219E-11,-0.00000000E+00,-0.00000000E+00,-1.04242698E-30,-2.56780608E-32,1.79205403E+09,4.17286089E+07,1.79230752E-01,4.17346751E-03,-1.79618675E+09,-4.18262202E+07,-1.40356377E+06,-3.62388165E+04,-0.00000000E+00,-0.00000000E+00,2.73305644E-38,6.49626049E-40,-0.00000000E+00,-0.00000000E+00,2.73305643E-38,6.49626049E-40,-1.01593096E+05,-2.39964328E+03,-8.91082040E+03,-2.20824353E+02,4.23309321E+06,9.99862604E+04,4.20000000E+06,1.00000000E+05,7.76993678E+06,1.63129948E+09
4.40000000E+01,1.00000000E+00,3.35849709E-02,1.39978028E+08,2.08039859E+05,6.53164576E-11,-0.00000000E+00,-0.00000000E+00,-1.06810504E-30,-2.56780608E-32,1.83378506E+09,4.17310224E+07,1.83404461E-01,4.17370963E-03,-1.83801538E+09,-4.18286336E+07,-1.43980258E+06,-3.62388163E+04,-0.00000000E+00,-0.00000000E+00,2.79801736E-38,6.49597437E-40,-0.00000000E+00,-0.00000000E+00,2.79801736E-38,6.49597436E-40,-1.03992739E+05,-2.39964328E+03,-9.13164475E+03,-2.20824339E+02,4.33307947E+06,9.99862604E+04,4.30000000E+06,1.00000000E+05,7.76993541E+06,1.63129948E+09
4.50000000E+01,1.00000000E+00,3.36632844E-02,1.39978004E+08,2.08039859E+05,4.82504572E-11,-0.00000000E+00,-0.00000000E+00,-1.09378310E-30,-2.56780609E-32,1.87551848E+09,4.17334270E+07,1.87578412E-01,4.17395086E-03,-1.87984642E+09,-4.18310381E+07,-1.47604139E+06,-3.62388162E+04,-0.00000000E+00,-0.00000000E+00,2.86297544E-38,6.49568990E-40,-0.00000000E+00,-0.00000000E+00,2.86297544E-38,6.49568989E-40,-1.06392382E+05,-2.39964328E+03,-9.35246908E+03,-2.20824326E+02,4.43306573E+06,9.99862604E+04,4.40000000E+06,1.00000000E+05,7.76993405E+06,1.63129948E+09
4.60000000E+01,1.00000000E+00,3.37415708E-02,1.39977979E+08,2.08039859E+05,3.56434859E-11,-0.00000000E+00,-0.00000000E+00,-1.11946116E-30,-2.56780609E-32,1.91725431E+09,4.17358229E+07,1.91752603E-01,4.17419121E-03,-1.92167985E+09,-4.18334340E+07,-1.51228021E+06,-3.62388161E+04,-0.00000000E+00,-0.00000000E+00,2.92793068E-38,6.49540707E-40,-0.00000000E+00,-0.00000000E+00,2.92793068E-38,6.49540706E-40,-1.08792025E+05,-2.39964328E+03,-9.57329340E+03,-2.20824313E+02,4.53305199E+06,9.99862604E+04,4.50000000E+06,1.00000000E+05,7.76993270E+06,1.63129948E+09
4.70000000E+01,1.00000000E+00,3.38198631E-02,1.39977955E+08,2.08039860E+05,2.63304838E-11,-0.00000000E+00,-0.00000000E+00,-1.14513922E-30,-2.56780610E-32,1.95899252E+09,4.17382103E+07,1.95927034E-01,4.17443071E-03,-1.96351568E+09,-4.18358213E+07,-1.54851902E+06,-3.62388159E+04,-0.00000000E+00,-0.00000000E+00,2.99288310E-38,6.49512585E-40,-0.00000000E+00,-0.00000000E+00,2.99288310E-38,6.49512585E-40,-1.11191669E+05,-2.39964328E+03,-9.79411771E+03,-2.20824301E+02,4.63303825E+06,9.99862604E+04,4.60000000E+06,1.00000000E+05,7.76993134E+06,1.63129948E+09
4.80000000E+01,1.00000000E+00,3.38981330E-02,1.39977931E+08,2.08039860E+05,1.94507985E-11,-0.00000000E+00,-0.00000000E+00,-1.17081729E-30,-2.56780610E-32,2.00073311E+09,4.17405893E+07,2.00101703E-01,4.17466937E-03,-2.00535388E+09,-4.18382002E+07,-1.58475783E+06,-3.62388158E+04,-0.00000000E+00,-0.00000000E+00,3.05783272E-38,6.49484625E-40,-0.00000000E+00,-0.00000000E+00,3.05783272E-38,6.49484624E-40,-1.13591312E+05,-2.39964328E+03,-1.00149420E+04,-2.20824289E+02,4.73302451E+06,9.99862604E+04,4.70000000E+06,1.00000000E+05,7.76993000E+06,1.63129948E+09
4.90000000E+01,1.00000000E+00,3.39763779E-02,1.39977906E+08,2.08039860E+05,1.43686498E-11,-0.00000000E+00,-0.00000000E+00,-1.19649535E-30,-2.56780610E-32,2.04247607E+09,4.17429599E+07,2.04276611E-01,4.17490719E-03,-2.04719445E+09,-4.18405708E+07,-1.62099665E+06,-3.62388157E+04,-0.00000000E+00,-0.00000000E+00,3.12277955E-38,6.49456823E-40,-0.00000000E+00,-0.00000000E+00,3.12277955E-38,6.49456823E-40,-1.15990955E+05,-2.39964328E+03,-1.02357663E+04,-2.20824277E+02,4.83301077E+06,9.99862604E+04,4.80000000E+06,1.00000000E+05,7.76992865E+06,1.63129948E+09
5.00000000E+01,1.00000000E+00,3.40545977E-02,1.39977882E+08,2.08039861E+05,1.06143747E-11,-0.00000000E+00,-0.00000000E+00,-1.22217341E-30,-2.56780611E-32,2.08422139E+09,4.17453225E+07,2.08451755E-01,4.17514420E-03,-2.08903738E+09,-4.18429332E+07,-1.65723546E+06,-3.62388156E+04,-0.00000000E+00,-0.00000000E+00,3.18772361E-38,6.49429179E-40,-0.00000000E+00,-0.00000000E+00,3.18772361E-38,6.49429179E-40,-1.18390599E+05,-2.39964328E+03,-1.04565906E+04,-2.20824265E+02,4.93299703E+06,9.99862604E+04,4.90000000E+06,1.00000000E+05,7.76992731E+06,1.63129948E+09
