Time [d],dt_flow [d],dt_tran [d],Global Water Mass in Liquid Phas [kg],Global Vaq [mol],Global Vim [mol],Top Water Mass [kg],Top Water Mass [kg/d],Top Vaq [mol],Top Vaq [mol/d],Right Water Mass [kg],Right Water Mass [kg/d],Right Vaq [mol],Right Vaq [mol/d],Left Water Mass [kg],Left Water Mass [kg/d],Left Vaq [mol],Left Vaq [mol/d],North Water Mass [kg],North Water Mass [kg/d],North Vaq [mol],North Vaq [mol/d],South Water Mass [kg],South Water Mass [kg/d],South Vaq [mol],South Vaq [mol/d],ExtractWell Water Mass [kg],ExtractWell Water Mass [kg/d],ExtractWell Vaq [mol],ExtractWell Vaq [mol/d],InjectWell Water Mass [kg],InjectWell Water Mass [kg/d],InjectWell Vaq [mol],InjectWell Vaq [mol/d],Region Region__all Water Mass [kg],Region Region__all Total Mass [kg]
1.00000000E+00,4.89000000E-01,1.05829345E-02,1.39983493E+08,1.23820069E-02,2.94907196E-05,-0.00000000E+00,-0.00000000E+00,1.79110276E-09,2.44387212E-09,1.73988703E+08,1.74078451E+08,1.74000729E-02,1.74090730E-02,-1.73988695E+08,-1.74077958E+08,-1.51042503E-02,-1.36734386E-02,-0.00000000E+00,-0.00000000E+00,7.68037349E-11,1.04793728E-10,-0.00000000E+00,-0.00000000E+00,7.68037349E-11,1.04793728E-10,-8.08102802E+02,-1.22625537E+03,-7.20019172E-08,-1.08277489E-07,8.08117980E+01,1.22627842E+02,8.08197600E-09,1.22640000E-08,7.77023874E+06,1.23820069E-02
2.00000000E+00,4.88000000E-01,1.02859094E-02,1.39982897E+08,1.25184187E+02,2.17426172E-05,-0.00000000E+00,-0.00000000E+00,-1.35298366E-04,-1.89098951E-04,3.48251314E+08,1.74323576E+08,3.48276187E-02,1.74336613E-02,-3.48249742E+08,-1.74322011E+08,-8.74231893E+01,-2.01133999E+02,-0.00000000E+00,-0.00000000E+00,1.81742794E-10,1.04896892E-10,-0.00000000E+00,-0.00000000E+00,1.81742794E-10,1.04896891E-10,-3.20781213E+03,-2.39970677E+03,-7.74002810E-02,-9.37381467E-02,3.20787242E+02,2.39975189E+02,2.40000000E+02,2.40000000E+02,7.77020567E+06,1.25184187E+02
3.00000000E+00,1.00000000E+00,5.03568927E-03,1.39982300E+08,1.25044157E+02,1.60303242E-05,-0.00000000E+00,-0.00000000E+00,-3.24278974E-04,-1.88919105E-04,5.22818260E+08,1.74566946E+08,5.22856933E-02,1.74580746E-02,-5.22815122E+08,-1.74565380E+08,-2.89281155E+02,-2.01733071E+02,-0.00000000E+00,-0.00000000E+00,2.86532513E-10,1.04751810E-10,-0.00000000E+00,-0.00000000E+00,2.86532512E-10,1.04751810E-10,-5.60750865E+03,-2.39969653E+03,-1.71036412E-01,-9.36139309E-02,5.60761405E+02,2.39974164E+02,4.80000000E+02,2.40000000E+02,7.77017252E+06,1.25044157E+02
4.00000000E+00,1.00000000E+00,6.44515894E-03,1.39981699E+08,1.24884836E+02,1.18187717E-05,-0.00000000E+00,-0.00000000E+00,-5.13054200E-04,-1.88715898E-04,6.97628137E+08,1.74809877E+08,6.97681379E-02,1.74824447E-02,-6.97623437E+08,-1.74808315E+08,-4.91207231E+02,-2.01781857E+02,-0.00000000E+00,-0.00000000E+00,3.91187400E-10,1.04618885E-10,-0.00000000E+00,-0.00000000E+00,3.91187408E-10,1.04618896E-10,-8.00719487E+03,-2.39968621E+03,-2.64548750E-01,-9.34902611E-02,8.00734538E+02,2.39973132E+02,7.20000000E+02,2.40000000E+02,7.77013917E+06,1.24884836E+02
5.00000000E+00,1.00000000E+00,7.85378072E-03,1.39981095E+08,1.24726141E+02,8.71368827E-06,-0.00000000E+00,-0.00000000E+00,-7.01632598E-04,-1.88521790E-04,8.72680525E+08,1.75052388E+08,8.72749114E-02,1.75067734E-02,-8.72674267E+08,-1.75050830E+08,-6.93181374E+02,-2.01830452E+02,-0.00000000E+00,-0.00000000E+00,4.95709932E-10,1.04486799E-10,-0.00000000E+00,-0.00000000E+00,4.95709950E-10,1.04486809E-10,-1.04068707E+04,-2.39967584E+03,-3.57937795E-01,-9.33670883E-02,1.04070663E+03,2.39972094E+02,9.60000000E+02,2.40000000E+02,7.77010562E+06,1.24726141E+02
6.00000000E+00,1.00000000E+00,9.26158629E-03,1.39980487E+08,1.24568057E+02,6.42438277E-06,-0.00000000E+00,-0.00000000E+00,-8.90022849E-04,-1.88336176E-04,1.04797502E+09,1.75294496E+08,1.04805974E-01,1.75310625E-02,-1.04796721E+09,-1.75292941E+08,-8.95203409E+02,-2.01878861E+02,-0.00000000E+00,-0.00000000E+00,6.00100931E-10,1.04355532E-10,-0.00000000E+00,-0.00000000E+00,6.00100961E-10,1.04355545E-10,-1.28065361E+04,-2.39966540E+03,-4.51204036E-01,-9.32444022E-02,1.28067768E+03,2.39971050E+02,1.20000000E+03,2.40000000E+02,7.77007188E+06,1.24568057E+02
7.00000000E+00,1.00000000E+00,1.06686016E-02,1.39979875E+08,1.24410569E+02,4.73653329E-06,-0.00000000E+00,-0.00000000E+00,-1.07823306E-03,-1.88158501E-04,1.22351124E+09,1.75536222E+08,1.22361288E-01,1.75553140E-02,-1.22350188E+09,-1.75534671E+08,-1.09727317E+03,-2.01927089E+02,-0.00000000E+00,-0.00000000E+00,7.04361209E-10,1.04225070E-10,-0.00000000E+00,-0.00000000E+00,7.04361249E-10,1.04225080E-10,-1.52061910E+04,-2.39965489E+03,-5.44347949E-01,-9.31221900E-02,1.52064768E+03,2.39969999E+02,1.44000000E+03,2.40000000E+02,7.77003794E+06,1.24410569E+02
8.00000000E+00,1.00000000E+00,1.20748502E-02,1.39979260E+08,1.24253655E+02,3.49212400E-06,-0.00000000E+00,-0.00000000E+00,-1.26627081E-03,-1.87988247E-04,1.39928884E+09,1.75777595E+08,1.39940819E-01,1.75795309E-02,-1.39927793E+09,-1.75776047E+08,-1.29939049E+03,-2.01975141E+02,-0.00000000E+00,-0.00000000E+00,8.08491551E-10,1.04095388E-10,-0.00000000E+00,-0.00000000E+00,8.08491603E-10,1.04095400E-10,-1.76058353E+04,-2.39964432E+03,-6.37369996E-01,-9.30004356E-02,1.76061662E+03,2.39968942E+02,1.68000000E+03,2.40000000E+02,7.77000380E+06,1.24253655E+02
9.00000000E+00,1.00000000E+00,1.34803543E-02,1.39978641E+08,1.24097292E+02,2.57465284E-06,-0.00000000E+00,-0.00000000E+00,-1.45414319E-03,-1.87824937E-04,1.57530749E+09,1.76018649E+08,1.57544535E-01,1.76037166E-02,-1.57529503E+09,-1.76017105E+08,-1.50155524E+03,-2.02023025E+02,-0.00000000E+00,-0.00000000E+00,9.12492724E-10,1.03966466E-10,-0.00000000E+00,-0.00000000E+00,9.12492788E-10,1.03966478E-10,-2.00054690E+04,-2.39963368E+03,-7.30270619E-01,-9.28791199E-02,2.00058450E+03,2.39967878E+02,1.92000000E+03,2.40000000E+02,7.76996945E+06,1.24097292E+02
1.00000000E+01,1.00000000E+00,1.39067381E-03,1.39978019E+08,1.23941451E+02,1.89822190E-06,-0.00000000E+00,-0.00000000E+00,-1.64185682E-03,-1.87668122E-04,1.75156691E+09,1.76259426E+08,1.75172410E-01,1.76278751E-02,-1.75155292E+09,-1.76257885E+08,-1.70376727E+03,-2.02070747E+02,-0.00000000E+00,-0.00000000E+00,1.01636547E-09,1.03838277E-10,-0.00000000E+00,-0.00000000E+00,1.01636554E-09,1.03838288E-10,-2.24050920E+04,-2.39962298E+03,-8.23050238E-01,-9.27582209E-02,2.24055131E+03,2.39966807E+02,2.16000000E+03,2.40000000E+02,7.76993490E+06,1.23941451E+02
1.10000000E+01,1.00000000E+00,2.81398243E-03,1.39977393E+08,1.23786099E+02,1.39950556E-06,-0.00000000E+00,-0.00000000E+00,-1.82941792E-03,-1.87517383E-04,1.92806689E+09,1.76499972E+08,1.92824422E-01,1.76520113E-02,-1.92805135E+09,-1.76498435E+08,-1.90602647E+03,-2.02118320E+02,-0.00000000E+00,-0.00000000E+00,1.12011050E-09,1.03710792E-10,-0.00000000E+00,-0.00000000E+00,1.12011059E-09,1.03710803E-10,-2.48047042E+04,-2.39961220E+03,-9.15709250E-01,-9.26377136E-02,2.48051704E+03,2.39965729E+02,2.40000000E+03,2.40000000E+02,7.76990013E+06,1.23786099E+02
1.20000000E+01,1.00000000E+00,4.23659339E-03,1.39976762E+08,1.23631202E+02,1.03181469E-06,-0.00000000E+00,-0.00000000E+00,-2.01683227E-03,-1.87372326E-04,2.10480723E+09,1.76740340E+08,2.10500552E-01,1.76761305E-02,-2.10479016E+09,-1.76738807E+08,-2.10833272E+03,-2.02165755E+02,-0.00000000E+00,-0.00000000E+00,1.22372850E-09,1.03583980E-10,-0.00000000E+00,-0.00000000E+00,1.22372859E-09,1.03583991E-10,-2.72043055E+04,-2.39960135E+03,-1.00824802E+00,-9.25175702E-02,2.72048168E+03,2.39964644E+02,2.64000000E+03,2.40000000E+02,7.76986514E+06,1.23631202E+02
1.30000000E+01,1.00000000E+00,5.65852249E-03,1.39976128E+08,1.23476721E+02,7.60726071E-07,-0.00000000E+00,-0.00000000E+00,-2.20410531E-03,-1.87232579E-04,2.28178781E+09,1.76980589E+08,2.28200791E-01,1.77002385E-02,-2.28176922E+09,-1.76979060E+08,-2.31068594E+03,-2.02213064E+02,-0.00000000E+00,-0.00000000E+00,1.32722011E-09,1.03457808E-10,-0.00000000E+00,-0.00000000E+00,1.32722022E-09,1.03457818E-10,-2.96038959E+04,-2.39959043E+03,-1.10066690E+00,-9.23977604E-02,2.96044523E+03,2.39963551E+02,2.88000000E+03,2.40000000E+02,7.76982992E+06,1.23476721E+02
1.40000000E+01,1.00000000E+00,7.07978391E-03,1.39975489E+08,1.23322612E+02,5.60860027E-07,-0.00000000E+00,-0.00000000E+00,-2.39124210E-03,-1.87097793E-04,2.45900860E+09,1.77220783E+08,2.45925133E-01,1.77243418E-02,-2.45898848E+09,-1.77219259E+08,-2.51308606E+03,-2.02260259E+02,-0.00000000E+00,-0.00000000E+00,1.43058595E-09,1.03332238E-10,-0.00000000E+00,-0.00000000E+00,1.43058607E-09,1.03332250E-10,-3.20034754E+04,-2.39957943E+03,-1.19296618E+00,-9.22782513E-02,3.20040768E+03,2.39962451E+02,3.12000000E+03,2.40000000E+02,7.76979446E+06,1.23322612E+02
1.50000000E+01,1.00000000E+00,8.50038999E-03,1.39974846E+08,1.23168831E+02,4.13504610E-07,-0.00000000E+00,-0.00000000E+00,-2.57824736E-03,-1.86967633E-04,2.63646959E+09,1.77460992E+08,2.63673580E-01,1.77484474E-02,-2.63644795E+09,-1.77459472E+08,-2.71553300E+03,-2.02307355E+02,-0.00000000E+00,-0.00000000E+00,1.53382660E-09,1.03207234E-10,-0.00000000E+00,-0.00000000E+00,1.53382673E-09,1.03207247E-10,-3.44030437E+04,-2.39956835E+03,-1.28514615E+00,-9.21590078E-02,3.44036902E+03,2.39961342E+02,3.36000000E+03,2.40000000E+02,7.76975876E+06,1.23168831E+02
1.60000000E+01,1.00000000E+00,9.92035184E-03,1.39974198E+08,1.23015330E+02,3.04863888E-07,-0.00000000E+00,-0.00000000E+00,-2.76512550E-03,-1.86841784E-04,2.81417088E+09,1.77701289E+08,2.81446143E-01,1.77725626E-02,-2.81414772E+09,-1.77699774E+08,-2.91802673E+03,-2.02354366E+02,-0.00000000E+00,-0.00000000E+00,1.63694258E-09,1.03082757E-10,-0.00000000E+00,-0.00000000E+00,1.63694273E-09,1.03082770E-10,-3.68026009E+04,-2.39955718E+03,-1.37720703E+00,-9.20399929E-02,3.68032925E+03,2.39960225E+02,3.60000000E+03,2.40000000E+02,7.76972280E+06,1.23015330E+02
1.70000000E+01,1.00000000E+00,1.13396788E-02,1.39973545E+08,1.22862059E+02,2.24766434E-07,-0.00000000E+00,-0.00000000E+00,-2.95188062E-03,-1.86719941E-04,2.99211263E+09,1.77941754E+08,2.99242838E-01,1.77966953E-02,-2.99208797E+09,-1.77940243E+08,-3.12056723E+03,-2.02401307E+02,-0.00000000E+00,-0.00000000E+00,1.73993441E-09,1.02958766E-10,-0.00000000E+00,-0.00000000E+00,1.73993457E-09,1.02958778E-10,-3.92021468E+04,-2.39954593E+03,-1.46914902E+00,-9.19211673E-02,3.92028835E+03,2.39959100E+02,3.84000000E+03,2.40000000E+02,7.76968656E+06,1.22862059E+02
1.80000000E+01,1.00000000E+00,1.27583789E-02,1.39972887E+08,1.22708966E+02,1.65713105E-07,-0.00000000E+00,-0.00000000E+00,-3.13851651E-03,-1.86601813E-04,3.17029510E+09,1.78182467E+08,3.17063692E-01,1.78208539E-02,-3.17026893E+09,-1.78180961E+08,-3.32315449E+03,-2.02448195E+02,-0.00000000E+00,-0.00000000E+00,1.84280253E-09,1.02835218E-10,-0.00000000E+00,-0.00000000E+00,1.84280270E-09,1.02835228E-10,-4.16016814E+04,-2.39953458E+03,-1.56097227E+00,-9.18024906E-02,4.16024631E+03,2.39957965E+02,4.08000000E+03,2.40000000E+02,7.76965005E+06,1.22708966E+02
1.90000000E+01,1.00000000E+00,1.41764589E-02,1.39972224E+08,1.22555995E+02,1.22174975E-07,-0.00000000E+00,-0.00000000E+00,-3.32503670E-03,-1.86487122E-04,3.34871861E+09,1.78423516E+08,3.34908739E-01,1.78450469E-02,-3.34869094E+09,-1.78422015E+08,-3.52578851E+03,-2.02495046E+02,-0.00000000E+00,-0.00000000E+00,1.94554736E-09,1.02712068E-10,-0.00000000E+00,-0.00000000E+00,1.94554754E-09,1.02712079E-10,-4.40012046E+04,-2.39952314E+03,-1.65267691E+00,-9.16839205E-02,4.40020313E+03,2.39956820E+02,4.32000000E+03,2.40000000E+02,7.76961324E+06,1.22555995E+02
2.00000000E+01,1.00000000E+00,2.29139730E-03,1.39971556E+08,1.22403092E+02,9.00754676E-08,-0.00000000E+00,-0.00000000E+00,-3.51144443E-03,-1.86375593E-04,3.52738360E+09,1.78664988E+08,3.52778022E-01,1.78692832E-02,-3.52735444E+09,-1.78663493E+08,-3.72846934E+03,-2.02541872E+02,-0.00000000E+00,-0.00000000E+00,2.04816925E-09,1.02589271E-10,-0.00000000E+00,-0.00000000E+00,2.04816944E-09,1.02589285E-10,-4.64007162E+04,-2.39951160E+03,-1.74426301E+00,-9.15654140E-02,4.64015880E+03,2.39955666E+02,4.56000000E+03,2.40000000E+02,7.76957613E+06,1.22403092E+02
2.10000000E+01,1.00000000E+00,3.72701319E-03,1.39970881E+08,1.22250199E+02,6.64094978E-08,-0.00000000E+00,-0.00000000E+00,-3.69774267E-03,-1.86266963E-04,3.70629058E+09,1.78906976E+08,3.70671594E-01,1.78935721E-02,-3.70625992E+09,-1.78905487E+08,-3.93119701E+03,-2.02588698E+02,-0.00000000E+00,-0.00000000E+00,2.15066855E-09,1.02466789E-10,-0.00000000E+00,-0.00000000E+00,2.15066875E-09,1.02466798E-10,-4.88002161E+04,-2.39949996E+03,-1.83573058E+00,-9.14469270E-02,4.88011330E+03,2.39954501E+02,4.80000000E+03,2.40000000E+02,7.76953869E+06,1.22250199E+02
2.20000000E+01,1.00000000E+00,5.16155667E-03,1.39970200E+08,1.22097259E+02,4.89613469E-08,-0.00000000E+00,-0.00000000E+00,-3.88393410E-03,-1.86160897E-04,3.88544015E+09,1.79149571E+08,3.88589517E-01,1.79179227E-02,-3.88540801E+09,-1.79148088E+08,-4.13397160E+03,-2.02635539E+02,-0.00000000E+00,-0.00000000E+00,2.25304551E-09,1.02344572E-10,-0.00000000E+00,-0.00000000E+00,2.25304572E-09,1.02344579E-10,-5.11997043E+04,-2.39948820E+03,-1.92707961E+00,-9.13284147E-02,5.12006662E+03,2.39953325E+02,5.04000000E+03,2.40000000E+02,7.76950091E+06,1.22097259E+02
2.30000000E+01,1.00000000E+00,6.59503181E-03,1.39969514E+08,1.21944226E+02,3.60974141E-08,-0.00000000E+00,-0.00000000E+00,-4.07001743E-03,-1.86052029E-04,4.06483300E+09,1.79392846E+08,4.06531859E-01,1.79423425E-02,-4.06479938E+09,-1.79391370E+08,-4.33679318E+03,-2.02682410E+02,-0.00000000E+00,-0.00000000E+00,2.35530038E-09,1.02222571E-10,-0.00000000E+00,-0.00000000E+00,2.35530060E-09,1.02222580E-10,-5.35991807E+04,-2.39947633E+03,-2.01831005E+00,-9.12098411E-02,5.36001876E+03,2.39952137E+02,5.28000000E+03,2.40000000E+02,7.76946278E+06,1.21944226E+02
2.40000000E+01,1.00000000E+00,8.02744191E-03,1.39968820E+08,1.21791054E+02,2.66132850E-08,-0.00000000E+00,-0.00000000E+00,-4.25598988E-03,-1.85940351E-04,4.24446987E+09,1.79636874E+08,4.24498698E-01,1.79668385E-02,-4.24443478E+09,-1.79635404E+08,-4.53966183E+03,-2.02729324E+02,-0.00000000E+00,-0.00000000E+00,2.45743335E-09,1.02100762E-10,-0.00000000E+00,-0.00000000E+00,2.45743357E-09,1.02100768E-10,-5.59986450E+04,-2.39946435E+03,-2.10942181E+00,-9.10911714E-02,5.59996970E+03,2.39950938E+02,5.52000000E+03,2.40000000E+02,7.76942429E+06,1.21791054E+02
2.50000000E+01,1.00000000E+00,9.45879324E-03,1.39968120E+08,1.21637700E+02,1.96209766E-08,-0.00000000E+00,-0.00000000E+00,-4.44184831E-03,-1.85825429E-04,4.42435159E+09,1.79881725E+08,4.42490116E-01,1.79914181E-02,-4.42431505E+09,-1.79880262E+08,-4.74257764E+03,-2.02776294E+02,-0.00000000E+00,-0.00000000E+00,2.55944458E-09,1.01979097E-10,-0.00000000E+00,-0.00000000E+00,2.55944481E-09,1.01979109E-10,-5.83980972E+04,-2.39945224E+03,-2.20041477E+00,-9.09723715E-02,5.83991943E+03,2.39949727E+02,5.76000000E+03,2.40000000E+02,7.76938543E+06,1.21637700E+02
2.60000000E+01,1.00000000E+00,1.08890901E-02,1.39967413E+08,1.21484122E+02,1.44658042E-08,-0.00000000E+00,-0.00000000E+00,-4.62758918E-03,-1.85706837E-04,4.60447906E+09,1.80127469E+08,4.60506204E-01,1.80160881E-02,-4.60444106E+09,-1.80126013E+08,-4.94554072E+03,-2.02823334E+02,-0.00000000E+00,-0.00000000E+00,2.66133420E-09,1.01857557E-10,-0.00000000E+00,-0.00000000E+00,2.66133444E-09,1.01857564E-10,-6.07975373E+04,-2.39944001E+03,-2.29128876E+00,-9.08534097E-02,6.07986793E+03,2.39948503E+02,6.00000000E+03,2.40000000E+02,7.76934618E+06,1.21484122E+02
2.70000000E+01,1.00000000E+00,1.23183389E-02,1.39966699E+08,1.21330283E+02,1.06650882E-08,-0.00000000E+00,-0.00000000E+00,-4.81320851E-03,-1.85584146E-04,4.78485323E+09,1.80374168E+08,4.78547059E-01,1.80408548E-02,-4.78481378E+09,-1.80372719E+08,-5.14855120E+03,-2.02870454E+02,-0.00000000E+00,-0.00000000E+00,2.76310230E-09,1.01736104E-10,-0.00000000E+00,-0.00000000E+00,2.76310255E-09,1.01736111E-10,-6.31969649E+04,-2.39942766E+03,-2.38204360E+00,-9.07342561E-02,6.31981520E+03,2.39947267E+02,6.24000000E+03,2.40000000E+02,7.76930654E+06,1.21330283E+02
2.80000000E+01,1.00000000E+00,1.37465438E-02,1.39965977E+08,1.21176146E+02,7.86296451E-09,-0.00000000E+00,-0.00000000E+00,-4.99870192E-03,-1.85456967E-04,4.96547511E+09,1.80621883E+08,4.96612783E-01,1.80657243E-02,-4.96543422E+09,-1.80620441E+08,-5.35160918E+03,-2.02917667E+02,-0.00000000E+00,-0.00000000E+00,2.86474896E-09,1.01614710E-10,-0.00000000E+00,-0.00000000E+00,2.86474921E-09,1.01614717E-10,-6.55963801E+04,-2.39941517E+03,-2.47267907E+00,-9.06148830E-02,6.55976122E+03,2.39946017E+02,6.48000000E+03,2.40000000E+02,7.76926649E+06,1.21176146E+02
2.90000000E+01,1.00000000E+00,2.04294553E-03,1.39965248E+08,1.21021679E+02,5.79705169E-09,-0.00000000E+00,-0.00000000E+00,-5.18406467E-03,-1.85324943E-04,5.14634578E+09,1.80870669E+08,5.14703485E-01,1.80907022E-02,-5.14630345E+09,-1.80869235E+08,-5.55471481E+03,-2.02964977E+02,-0.00000000E+00,-0.00000000E+00,2.96627421E-09,1.01493349E-10,-0.00000000E+00,-0.00000000E+00,2.96627447E-09,1.01493357E-10,-6.79957826E+04,-2.39940254E+03,-2.56319495E+00,-9.04952656E-02,6.79970597E+03,2.39944754E+02,6.72000000E+03,2.40000000E+02,7.76922602E+06,1.21021679E+02
3.00000000E+01,1.00000000E+00,3.48808985E-03,1.39964511E+08,1.20866853E+02,4.27393022E-09,-0.00000000E+00,-0.00000000E+00,-5.36929167E-03,-1.85187748E-04,5.32746636E+09,1.81120577E+08,5.32819279E-01,1.81157936E-02,-5.32742261E+09,-1.81119151E+08,-5.75786822E+03,-2.03012398E+02,-0.00000000E+00,-0.00000000E+00,3.06767807E-09,1.01371998E-10,-0.00000000E+00,-0.00000000E+00,3.06767834E-09,1.01372008E-10,-7.03951724E+04,-2.39938978E+03,-2.65359095E+00,-9.03753814E-02,7.03964945E+03,2.39943477E+02,6.96000000E+03,2.40000000E+02,7.76918512E+06,1.20866853E+02
3.10000000E+01,1.00000000E+00,4.93218837E-03,1.39963767E+08,1.20711643E+02,3.15099101E-09,-0.00000000E+00,-0.00000000E+00,-5.55437755E-03,-1.85045090E-04,5.50883801E+09,1.81371651E+08,5.50960282E-01,1.81410029E-02,-5.50879284E+09,-1.81370233E+08,-5.96106954E+03,-2.03059939E+02,-0.00000000E+00,-0.00000000E+00,3.16896053E-09,1.01250637E-10,-0.00000000E+00,-0.00000000E+00,3.16896082E-09,1.01250649E-10,-7.27945493E+04,-2.39937688E+03,-2.74386680E+00,-9.02552111E-02,7.27959163E+03,2.39942186E+02,7.20000000E+03,2.40000000E+02,7.76914379E+06,1.20711643E+02
3.20000000E+01,1.00000000E+00,6.37524319E-03,1.39963014E+08,1.20556029E+02,2.32309232E-09,-0.00000000E+00,-0.00000000E+00,-5.73931664E-03,-1.84896708E-04,5.69046194E+09,1.81623930E+08,5.69126616E-01,1.81663340E-02,-5.69041536E+09,-1.81622520E+08,-6.16431893E+03,-2.03107603E+02,-0.00000000E+00,-0.00000000E+00,3.27012158E-09,1.01129249E-10,-0.00000000E+00,-0.00000000E+00,3.27012187E-09,1.01129261E-10,-7.51939131E+04,-2.39936383E+03,-2.83402221E+00,-9.01347386E-02,7.51953251E+03,2.39940880E+02,7.44000000E+03,2.40000000E+02,7.76910201E+06,1.20556029E+02
3.30000000E+01,1.00000000E+00,7.81725836E-03,1.39962254E+08,1.20399993E+02,1.71271628E-09,-0.00000000E+00,-0.00000000E+00,-5.92410305E-03,-1.84742376E-04,5.87233938E+09,1.81877445E+08,5.87318406E-01,1.81917902E-02,-5.87229140E+09,-1.81876043E+08,-6.36761653E+03,-2.03155398E+02,-0.00000000E+00,-0.00000000E+00,3.37116117E-09,1.01007816E-10,-0.00000000E+00,-0.00000000E+00,3.37116148E-09,1.01007831E-10,-7.75932638E+04,-2.39935064E+03,-2.92405685E+00,-9.00139508E-02,7.75947207E+03,2.39939560E+02,7.68000000E+03,2.40000000E+02,7.76905979E+06,1.20399993E+02
3.40000000E+01,1.00000000E+00,9.26046238E-03,1.39961485E+08,1.20243523E+02,1.26271146E-09,-0.00000000E+00,-0.00000000E+00,-6.10873071E-03,-1.84581902E-04,6.05447161E+09,1.82132223E+08,6.05535780E-01,1.82173740E-02,-6.05442223E+09,-1.82130830E+08,-6.57096247E+03,-2.03203325E+02,-0.00000000E+00,-0.00000000E+00,3.47207924E-09,1.00886329E-10,-0.00000000E+00,-0.00000000E+00,3.47207957E-09,1.00886343E-10,-7.99926011E+04,-2.39933730E+03,-3.01397040E+00,-8.98928382E-02,7.99941030E+03,2.39938225E+02,7.92000000E+03,2.40000000E+02,7.76901710E+06,1.20243523E+02
3.50000000E+01,1.00000000E+00,1.07043858E-02,1.39960707E+08,1.20086611E+02,9.30942041E-10,-0.00000000E+00,-0.00000000E+00,-6.29319334E-03,-1.84415130E-04,6.23685989E+09,1.82388283E+08,6.23778867E-01,1.82430873E-02,-6.23680913E+09,-1.82386898E+08,-6.77435691E+03,-2.03251389E+02,-0.00000000E+00,-0.00000000E+00,3.57287575E-09,1.00764776E-10,-0.00000000E+00,-0.00000000E+00,3.57287609E-09,1.00764791E-10,-8.23919249E+04,-2.39932381E+03,-3.10376254E+00,-8.97713947E-02,8.23934717E+03,2.39936875E+02,8.16000000E+03,2.40000000E+02,7.76897395E+06,1.20086611E+02
3.60000000E+01,1.00000000E+00,1.21497954E-02,1.39959921E+08,1.19929254E+02,6.86342783E-10,-0.00000000E+00,-0.00000000E+00,-6.47748456E-03,-1.84241939E-04,6.41950553E+09,1.82645635E+08,6.42047798E-01,1.82689313E-02,-6.41945339E+09,-1.82644258E+08,-6.97779999E+03,-2.03299590E+02,-0.00000000E+00,-0.00000000E+00,3.67355061E-09,1.00643152E-10,-0.00000000E+00,-0.00000000E+00,3.67355096E-09,1.00643167E-10,-8.47912350E+04,-2.39931016E+03,-3.19343293E+00,-8.96496176E-02,8.47928268E+03,2.39935510E+02,8.40000000E+03,2.40000000E+02,7.76893033E+06,1.19929254E+02
3.70000000E+01,1.00000000E+00,1.35950473E-02,1.39959127E+08,1.19771452E+02,5.06010457E-10,-0.00000000E+00,-0.00000000E+00,-6.66159789E-03,-1.84062250E-04,6.60240981E+09,1.82904284E+08,6.60342705E-01,1.82949065E-02,-6.60235630E+09,-1.82902916E+08,-7.18129184E+03,-2.03347927E+02,-0.00000000E+00,-0.00000000E+00,3.77410376E-09,1.00521455E-10,-0.00000000E+00,-0.00000000E+00,3.77410412E-09,1.00521469E-10,-8.71905314E+04,-2.39929637E+03,-3.28298123E+00,-8.95275079E-02,8.71921681E+03,2.39934129E+02,8.64000000E+03,2.40000000E+02,7.76888624E+06,1.19771452E+02
3.80000000E+01,1.00000000E+00,2.08168670E-03,1.39958324E+08,1.19613210E+02,3.73058469E-10,-0.00000000E+00,-0.00000000E+00,-6.84552678E-03,-1.83876020E-04,6.78557404E+09,1.83164229E+08,6.78663718E-01,1.83210127E-02,-6.78551917E+09,-1.83162870E+08,-7.38483258E+03,-2.03396396E+02,-0.00000000E+00,-0.00000000E+00,3.87453511E-09,1.00399684E-10,-0.00000000E+00,-0.00000000E+00,3.87453549E-09,1.00399694E-10,-8.95898138E+04,-2.39928242E+03,-3.37240713E+00,-8.94050697E-02,8.95914954E+03,2.39932733E+02,8.88000000E+03,2.40000000E+02,7.76884168E+06,1.19613210E+02
3.90000000E+01,1.00000000E+00,3.54665099E-03,1.39957513E+08,1.19454540E+02,2.75038643E-10,-0.00000000E+00,-0.00000000E+00,-7.02926470E-03,-1.83683248E-04,6.96899950E+09,1.83425459E+08,6.97010967E-01,1.83472489E-02,-6.96894328E+09,-1.83424109E+08,-7.58842235E+03,-2.03444997E+02,-0.00000000E+00,-0.00000000E+00,3.97484461E-09,1.00277839E-10,-0.00000000E+00,-0.00000000E+00,3.97484500E-09,1.00277852E-10,-9.19890821E+04,-2.39926832E+03,-3.46171029E+00,-8.92823107E-02,9.19908087E+03,2.39931322E+02,9.12000000E+03,2.40000000E+02,7.76879664E+06,1.19454540E+02
4.00000000E+01,1.00000000E+00,5.01139183E-03,1.39956693E+08,1.19295453E+02,2.02772950E-10,-0.00000000E+00,-0.00000000E+00,-7.21280513E-03,-1.83483977E-04,7.15268746E+09,1.83687959E+08,7.15384580E-01,1.83736135E-02,-7.15262990E+09,-1.83686617E+08,-7.79206126E+03,-2.03493727E+02,-0.00000000E+00,-0.00000000E+00,4.07503217E-09,1.00155928E-10,-0.00000000E+00,-0.00000000E+00,4.07503258E-09,1.00155944E-10,-9.43883362E+04,-2.39925406E+03,-3.55089040E+00,-8.91592415E-02,9.43901076E+03,2.39929895E+02,9.36000000E+03,2.40000000E+02,7.76875113E+06,1.19295453E+02
4.10000000E+01,1.00000000E+00,6.47652669E-03,1.39955865E+08,1.19135969E+02,1.49494735E-10,-0.00000000E+00,-0.00000000E+00,-7.39614162E-03,-1.83278287E-04,7.33663916E+09,1.83951707E+08,7.33784684E-01,1.84001043E-02,-7.33658027E+09,-1.83950373E+08,-7.99574941E+03,-2.03542579E+02,-0.00000000E+00,-0.00000000E+00,4.17509775E-09,1.00033961E-10,-0.00000000E+00,-0.00000000E+00,4.17509817E-09,1.00033977E-10,-9.67875758E+04,-2.39923965E+03,-3.63994716E+00,-8.90358760E-02,9.67893921E+03,2.39928453E+02,9.60000000E+03,2.40000000E+02,7.76870515E+06,1.19135969E+02
4.20000000E+01,1.00000000E+00,7.94077749E-03,1.39955028E+08,1.18976108E+02,1.10215187E-10,-0.00000000E+00,-0.00000000E+00,-7.57926783E-03,-1.83066302E-04,7.52085584E+09,1.84216673E+08,7.52211403E-01,1.84267185E-02,-7.52079562E+09,-1.84215348E+08,-8.19948690E+03,-2.03591547E+02,-0.00000000E+00,-0.00000000E+00,4.27504128E-09,9.99119498E-11,-0.00000000E+00,-0.00000000E+00,4.27504172E-09,9.99119606E-11,-9.91868009E+04,-2.39922509E+03,-3.72888030E+00,-8.89122307E-02,9.91886621E+03,2.39926996E+02,9.84000000E+03,2.40000000E+02,7.76865869E+06,1.18976108E+02
4.30000000E+01,1.00000000E+00,9.40404942E-03,1.39954182E+08,1.18815895E+02,8.12562430E-11,-0.00000000E+00,-0.00000000E+00,-7.76217757E-03,-1.82848187E-04,7.70533866E+09,1.84482825E+08,7.70664856E-01,1.84534527E-02,-7.70527713E+09,-1.84481509E+08,-8.40327382E+03,-2.03640623E+02,-0.00000000E+00,-0.00000000E+00,4.37486274E-09,9.97899012E-11,-0.00000000E+00,-0.00000000E+00,4.37486319E-09,9.97899142E-11,-1.01586011E+05,-2.39921037E+03,-3.81768955E+00,-8.87883244E-02,1.01587917E+04,2.39925523E+02,1.00800000E+04,2.40000000E+02,7.76861177E+06,1.18815895E+02
4.40000000E+01,1.00000000E+00,1.08681111E-02,1.39953329E+08,1.18655357E+02,5.99062142E-11,-0.00000000E+00,-0.00000000E+00,-7.94486487E-03,-1.82624145E-04,7.89008878E+09,1.84750122E+08,7.89145159E-01,1.84803029E-02,-7.89002594E+09,-1.84748815E+08,-8.60711023E+03,-2.03689799E+02,-0.00000000E+00,-0.00000000E+00,4.47456211E-09,9.96678388E-11,-0.00000000E+00,-0.00000000E+00,4.47456257E-09,9.96678473E-11,-1.03985207E+05,-2.39919551E+03,-3.90637466E+00,-8.86641786E-02,1.03987158E+04,2.39924036E+02,1.03200000E+04,2.40000000E+02,7.76856438E+06,1.18655357E+02
4.50000000E+01,1.00000000E+00,1.23313550E-02,1.39952467E+08,1.18494523E+02,4.41658851E-11,-0.00000000E+00,-0.00000000E+00,-8.12732395E-03,-1.82394416E-04,8.07510731E+09,1.85018523E+08,8.07652423E-01,1.85072649E-02,-8.07504317E+09,-1.85017224E+08,-8.81099621E+03,-2.03739065E+02,-0.00000000E+00,-0.00000000E+00,4.57413937E-09,9.95457721E-11,-0.00000000E+00,-0.00000000E+00,4.57413984E-09,9.95457826E-11,-1.06384387E+05,-2.39918049E+03,-3.99493541E+00,-8.85398161E-02,1.06386383E+04,2.39922533E+02,1.05600000E+04,2.40000000E+02,7.76851654E+06,1.18494523E+02
4.60000000E+01,1.00000000E+00,1.37935778E-02,1.39951597E+08,1.18333426E+02,3.25613210E-11,-0.00000000E+00,-0.00000000E+00,-8.30954932E-03,-1.82159274E-04,8.26039529E+09,1.85287980E+08,8.26186757E-01,1.85343339E-02,-8.26032986E+09,-1.85286688E+08,-9.01493180E+03,-2.03788413E+02,-0.00000000E+00,-0.00000000E+00,4.67359454E-09,9.94237240E-11,-0.00000000E+00,-0.00000000E+00,4.67359502E-09,9.94237349E-11,-1.08783553E+05,-2.39916533E+03,-4.08337161E+00,-8.84152617E-02,1.08785593E+04,2.39921016E+02,1.08000000E+04,2.40000000E+02,7.76846824E+06,1.18333426E+02
4.70000000E+01,1.00000000E+00,2.46602575E-03,1.39950719E+08,1.18172099E+02,2.40057857E-11,-0.00000000E+00,-0.00000000E+00,-8.49153578E-03,-1.81919021E-04,8.44595373E+09,1.85558442E+08,8.44748262E-01,1.85615049E-02,-8.44588701E+09,-1.85557159E+08,-9.21891706E+03,-2.03837828E+02,-0.00000000E+00,-0.00000000E+00,4.77292766E-09,9.93017153E-11,-0.00000000E+00,-0.00000000E+00,4.77292815E-09,9.93017233E-11,-1.11182703E+05,-2.39915002E+03,-4.17168308E+00,-8.82905409E-02,1.11184788E+04,2.39919484E+02,1.10400000E+04,2.40000000E+02,7.76841950E+06,1.18172099E+02
4.80000000E+01,1.00000000E+00,3.94486778E-03,1.39949833E+08,1.18010575E+02,1.76982066E-11,-0.00000000E+00,-0.00000000E+00,-8.67327845E-03,-1.81673986E-04,8.63178359E+09,1.85829858E+08,8.63337035E-01,1.85887726E-02,-8.63171560E+09,-1.85828583E+08,-9.42295199E+03,-2.03887305E+02,-0.00000000E+00,-0.00000000E+00,4.87213877E-09,9.91797651E-11,-0.00000000E+00,-0.00000000E+00,4.87213927E-09,9.91797726E-11,-1.13581837E+05,-2.39913457E+03,-4.25986969E+00,-8.81656804E-02,1.13583967E+04,2.39917937E+02,1.12800000E+04,2.40000000E+02,7.76837032E+06,1.18010575E+02
4.90000000E+01,1.00000000E+00,5.42445215E-03,1.39948939E+08,1.17848890E+02,1.30479450E-11,-0.00000000E+00,-0.00000000E+00,-8.85477279E-03,-1.81424520E-04,8.81788576E+09,1.86102174E+08,8.81953166E-01,1.86161318E-02,-8.81781650E+09,-1.86100906E+08,-9.62703663E+03,-2.03936832E+02,-0.00000000E+00,-0.00000000E+00,4.97122796E-09,9.90578950E-11,-0.00000000E+00,-0.00000000E+00,4.97122846E-09,9.90579020E-11,-1.15980956E+05,-2.39911897E+03,-4.34793131E+00,-8.80407070E-02,1.15983131E+04,2.39916377E+02,1.15200000E+04,2.40000000E+02,7.76832071E+06,1.17848890E+02
5.00000000E+01,1.00000000E+00,6.90323372E-03,1.39948037E+08,1.17687078E+02,9.61954609E-12,-0.00000000E+00,-0.00000000E+00,-9.03601463E-03,-1.81170992E-04,9.00426109E+09,1.86375334E+08,9.00596743E-01,1.86435768E-02,-9.00419058E+09,-1.86374074E+08,-9.83117098E+03,-2.03986398E+02,-0.00000000E+00,-0.00000000E+00,5.07019531E-09,9.89361298E-11,-0.00000000E+00,-0.00000000E+00,5.07019582E-09,9.89361340E-11,-1.18380059E+05,-2.39910324E+03,-4.43586786E+00,-8.79156477E-02,1.18382279E+04,2.39914802E+02,1.17600000E+04,2.40000000E+02,7.76827067E+06,1.17687078E+02
