Time [d],dt_flow [d],dt_tran [d],Global Water Mass in Liquid Phas [kg],Global Vaq [mol],Global Vim [mol],Top Water Mass [kg],Top Water Mass [kg/d],Top Vaq [mol],Top Vaq [mol/d],Right Water Mass [kg],Right Water Mass [kg/d],Right Vaq [mol],Right Vaq [mol/d],Left Water Mass [kg],Left Water Mass [kg/d],Left Vaq [mol],Left Vaq [mol/d],North Water Mass [kg],North Water Mass [kg/d],North Vaq [mol],North Vaq [mol/d],South Water Mass [kg],South Water Mass [kg/d],South Vaq [mol],South Vaq [mol/d],ExtractWell Water Mass [kg],ExtractWell Water Mass [kg/d],ExtractWell Vaq [mol],ExtractWell Vaq [mol/d],InjectWell Water Mass [kg],InjectWell Water Mass [kg/d],InjectWell Vaq [mol],InjectWell Vaq [mol/d],Region Region__all Water Mass [kg],Region Region__all Total Mass [kg]
1.00000000E+00,4.89000000E-01,9.00000000E-03,1.39977735E+08,5.67845806E-03,5.64074959E-03,-0.00000000E+00,-0.00000000E+00,6.16740150E-40,1.02711603E-39,8.11345161E+05,8.11532629E+05,8.11474037E-05,8.11661535E-05,-8.10617934E+05,-8.10429080E+05,-5.20904054E-05,-3.27559302E-05,-0.00000000E+00,-0.00000000E+00,6.12909582E-40,1.02073678E-39,-0.00000000E+00,-0.00000000E+00,6.12909582E-40,1.02073678E-39,-8.08069069E+02,-1.22620496E+03,-4.49610088E-08,-4.95691086E-08,8.08069075E+01,1.22620497E+02,8.08197600E-09,1.22640000E-08,7.76991915E+06,1.63109144E+09
2.00000000E+00,4.88000000E-01,8.00000000E-03,1.39977735E+08,1.54155110E+02,5.71810031E+01,-0.00000000E+00,-0.00000000E+00,-1.13419731E-35,-1.90254170E-35,1.62340387E+06,8.12058719E+05,1.62366173E-04,8.12187709E-05,-1.62051702E+06,-8.09899088E+05,-7.31788282E-05,-1.31749123E-05,-0.00000000E+00,-0.00000000E+00,1.87874620E-39,1.43207160E-39,-0.00000000E+00,-0.00000000E+00,1.87874620E-39,1.43207160E-39,-3.20768739E+03,-2.39961832E+03,-6.03751432E-01,-1.37242666E+00,3.20768741E+02,2.39961833E+02,2.40000000E+02,2.40000000E+02,7.76991915E+06,1.63109160E+09
3.00000000E+00,1.00000000E+00,4.00000000E-02,1.39977735E+08,2.15043121E+02,1.75889245E+02,-0.00000000E+00,-0.00000000E+00,-3.48934674E-35,-2.65407372E-35,2.43546264E+06,8.12058767E+05,2.43584949E-04,8.12187757E-05,-2.43041616E+06,-8.09899136E+05,-8.16403613E-05,-5.32680738E-06,-0.00000000E+00,-0.00000000E+00,3.40945355E-39,1.59618481E-39,-0.00000000E+00,-0.00000000E+00,3.40945355E-39,1.59618481E-39,-5.60730570E+03,-2.39961832E+03,-2.72512275E+00,-2.67455787E+00,5.60730574E+02,2.39961833E+02,4.80000000E+02,2.40000000E+02,7.76991914E+06,1.63109166E+09
4.00000000E+00,1.00000000E+00,4.00000000E-02,1.39977735E+08,2.39098488E+02,3.18680192E+02,-0.00000000E+00,-0.00000000E+00,-6.32232765E-35,-2.95098568E-35,3.24752145E+06,8.12058815E+05,3.24803729E-04,8.12187805E-05,-3.24031534E+06,-8.09899183E+05,-8.50614813E-05,-2.15370518E-06,-0.00000000E+00,-0.00000000E+00,5.04529474E-39,1.66216605E-39,-0.00000000E+00,-0.00000000E+00,5.04529474E-39,1.66216605E-39,-8.00692402E+03,-2.39961832E+03,-5.77249728E+00,-3.29898541E+00,8.00692408E+02,2.39961833E+02,7.20000000E+02,2.40000000E+02,7.76991914E+06,1.63109168E+09
5.00000000E+00,1.00000000E+00,4.00000000E-02,1.39977735E+08,2.48583034E+02,4.70973798E+02,-0.00000000E+00,-0.00000000E+00,-9.34385338E-35,-3.06805207E-35,4.05958031E+06,8.12058863E+05,4.06022515E-04,8.12187852E-05,-4.05021457E+06,-8.09899231E+05,-8.64446896E-05,-8.70774116E-07,-0.00000000E+00,-0.00000000E+00,6.72340408E-39,1.68869277E-39,-0.00000000E+00,-0.00000000E+00,6.72340408E-39,1.68869277E-39,-1.04065423E+04,-2.39961831E+03,-9.22249549E+00,-3.54810055E+00,1.04065424E+03,2.39961833E+02,9.60000000E+02,2.40000000E+02,7.76991914E+06,1.63109169E+09
6.00000000E+00,1.00000000E+00,7.20000000E-02,1.39977735E+08,2.52323551E+02,6.27016800E+02,-0.00000000E+00,-0.00000000E+00,-1.24397719E-34,-3.11422075E-35,4.87163922E+06,8.12058910E+05,4.87241305E-04,8.12187900E-05,-4.86011385E+06,-8.09899278E+05,-8.70035489E-05,-3.52429953E-07,-0.00000000E+00,-0.00000000E+00,8.41851446E-39,1.69934959E-39,-0.00000000E+00,-0.00000000E+00,8.41851446E-39,1.69934959E-39,-1.28061606E+04,-2.39961831E+03,-1.28262771E+01,-3.63902836E+00,1.28061607E+03,2.39961833E+02,1.20000000E+03,2.40000000E+02,7.76991914E+06,1.63109169E+09
7.00000000E+00,1.00000000E+00,4.00000000E-02,1.39977735E+08,2.53785699E+02,7.84550972E+02,-0.00000000E+00,-0.00000000E+00,-1.55652771E-34,-3.13226783E-35,5.68369818E+06,8.12058957E+05,5.68460099E-04,8.12187947E-05,-5.67001317E+06,-8.09899325E+05,-8.72268108E-05,-1.45353562E-07,-0.00000000E+00,-0.00000000E+00,1.01205063E-38,1.70358256E-39,-0.00000000E+00,-0.00000000E+00,1.01205063E-38,1.70358256E-39,-1.52057790E+04,-2.39961831E+03,-1.64851349E+01,-3.67016518E+00,1.52057791E+03,2.39961833E+02,1.44000000E+03,2.40000000E+02,7.76991914E+06,1.63109170E+09
8.00000000E+00,1.00000000E+00,4.00000000E-02,1.39977735E+08,2.54378077E+02,9.42656317E+02,-0.00000000E+00,-0.00000000E+00,-1.87021151E-34,-3.13957947E-35,6.49575718E+06,8.12059004E+05,6.49678899E-04,8.12187994E-05,-6.47991254E+06,-8.09899372E+05,-8.73188913E-05,-5.99485739E-08,-0.00000000E+00,-0.00000000E+00,1.18251726E-38,1.70531878E-39,-0.00000000E+00,-0.00000000E+00,1.18251726E-38,1.70531878E-39,-1.76053973E+04,-2.39961831E+03,-2.01621613E+01,-3.68090622E+00,1.76053974E+03,2.39961833E+02,1.68000000E+03,2.40000000E+02,7.76991914E+06,1.63109170E+09
9.00000000E+00,1.00000000E+00,4.00000000E-02,1.39977735E+08,2.54618762E+02,1.10099338E+03,-0.00000000E+00,-0.00000000E+00,-2.18435508E-34,-3.14255020E-35,7.30781623E+06,8.12059050E+05,7.30897703E-04,8.12188040E-05,-7.28981196E+06,-8.09899418E+05,-8.73568684E-05,-2.47247709E-08,-0.00000000E+00,-0.00000000E+00,1.35309359E-38,1.70603090E-39,-0.00000000E+00,-0.00000000E+00,1.35309359E-38,1.70603090E-39,-2.00050156E+04,-2.39961831E+03,-2.38453884E+01,-3.68453144E+00,2.00050157E+03,2.39961833E+02,1.92000000E+03,2.40000000E+02,7.76991914E+06,1.63109170E+09
1.00000000E+01,1.00000000E+00,4.00000000E-02,1.39977735E+08,2.54715806E+02,1.25942539E+03,-0.00000000E+00,-0.00000000E+00,-2.49868702E-34,-3.14374801E-35,8.11987533E+06,8.12059097E+05,8.12116511E-04,8.12188087E-05,-8.09971143E+06,-8.09899464E+05,-8.73723711E-05,-1.03459475E-08,-0.00000000E+00,-0.00000000E+00,1.52371523E-38,1.70631998E-39,-0.00000000E+00,-0.00000000E+00,1.52371523E-38,1.70631998E-39,-2.24046339E+04,-2.39961831E+03,-2.75307030E+01,-3.68572169E+00,2.24046341E+03,2.39961833E+02,2.16000000E+03,2.40000000E+02,7.76991913E+06,1.63109170E+09
1.10000000E+01,1.00000000E+00,1.04000000E-01,1.39977735E+08,2.54755543E+02,1.41789538E+03,-0.00000000E+00,-0.00000000E+00,-2.81309433E-34,-3.14423847E-35,8.93193447E+06,8.12059142E+05,8.93335325E-04,8.12188133E-05,-8.90961094E+06,-8.09899510E+05,-8.73787805E-05,-4.40106527E-09,-0.00000000E+00,-0.00000000E+00,1.69435511E-38,1.70643885E-39,-0.00000000E+00,-0.00000000E+00,1.69435511E-38,1.70643885E-39,-2.48042522E+04,-2.39961831E+03,-3.12166919E+01,-3.68611546E+00,2.48042524E+03,2.39961833E+02,2.40000000E+03,2.40000000E+02,7.76991913E+06,1.63109170E+09
1.20000000E+01,1.00000000E+00,2.32000000E-01,1.39977735E+08,2.54772203E+02,1.57638071E+03,-0.00000000E+00,-0.00000000E+00,-3.12753205E-34,-3.14444411E-35,9.74399366E+06,8.12059188E+05,9.74554143E-04,8.12188178E-05,-9.71951049E+06,-8.09899555E+05,-8.73814880E-05,-1.88983919E-09,-0.00000000E+00,-0.00000000E+00,1.86500236E-38,1.70648879E-39,-0.00000000E+00,-0.00000000E+00,1.86500236E-38,1.70648879E-39,-2.72038705E+04,-2.39961831E+03,-3.49028994E+01,-3.68624865E+00,2.72038707E+03,2.39961833E+02,2.64000000E+03,2.40000000E+02,7.76991913E+06,1.63109170E+09
1.30000000E+01,1.00000000E+00,2.32000000E-01,1.39977735E+08,2.54779314E+02,1.73487238E+03,-0.00000000E+00,-0.00000000E+00,-3.44198239E-34,-3.14453188E-35,1.05560529E+07,8.12059233E+05,1.05577296E-03,8.12188224E-05,-1.05294101E+07,-8.09899600E+05,-8.73826507E-05,-8.11573104E-10,-0.00000000E+00,-0.00000000E+00,2.03565268E-38,1.70651013E-39,-0.00000000E+00,-0.00000000E+00,2.03565268E-38,1.70651013E-39,-2.96034888E+04,-2.39961831E+03,-3.85891797E+01,-3.68629444E+00,2.96034891E+03,2.39961833E+02,2.88000000E+03,2.40000000E+02,7.76991913E+06,1.63109170E+09
1.40000000E+01,1.00000000E+00,2.32000000E-01,1.39977735E+08,2.54782355E+02,1.89336678E+03,-0.00000000E+00,-0.00000000E+00,-3.75643811E-34,-3.14456940E-35,1.13681122E+07,8.12059279E+05,1.13699179E-03,8.12188269E-05,-1.13393097E+07,-8.09899645E+05,-8.73831500E-05,-3.48515976E-10,-0.00000000E+00,-0.00000000E+00,2.20630431E-38,1.70651924E-39,-0.00000000E+00,-0.00000000E+00,2.20630431E-38,1.70651924E-39,-3.20031071E+04,-2.39961831E+03,-4.22754850E+01,-3.68631014E+00,3.20031074E+03,2.39961833E+02,3.12000000E+03,2.40000000E+02,7.76991913E+06,1.63109170E+09
1.50000000E+01,1.00000000E+00,2.32000000E-01,1.39977735E+08,2.54783606E+02,2.05186236E+03,-0.00000000E+00,-0.00000000E+00,-4.07089620E-34,-3.14458486E-35,1.21801715E+07,8.12059323E+05,1.21821062E-03,8.12188314E-05,-1.21492094E+07,-8.09899690E+05,-8.73833563E-05,-1.57158127E-10,-0.00000000E+00,-0.00000000E+00,2.37695651E-38,1.70652299E-39,-0.00000000E+00,-0.00000000E+00,2.37695651E-38,1.70652299E-39,-3.44027255E+04,-2.39961831E+03,-4.59617991E+01,-3.68631531E+00,3.44027257E+03,2.39961833E+02,3.36000000E+03,2.40000000E+02,7.76991913E+06,1.63109170E+09
1.60000000E+01,1.00000000E+00,2.32000000E-01,1.39977735E+08,2.54784168E+02,2.21035841E+03,-0.00000000E+00,-0.00000000E+00,-4.38535520E-34,-3.14459179E-35,1.29922309E+07,8.12059368E+05,1.29942946E-03,8.12188358E-05,-1.29591092E+07,-8.09899734E+05,-8.73834494E-05,-7.09453321E-11,-0.00000000E+00,-0.00000000E+00,2.54760893E-38,1.70652467E-39,-0.00000000E+00,-0.00000000E+00,2.54760893E-38,1.70652467E-39,-3.68023438E+04,-2.39961831E+03,-4.96481159E+01,-3.68631725E+00,3.68023440E+03,2.39961833E+02,3.60000000E+03,2.40000000E+02,7.76991913E+06,1.63109170E+09
1.70000000E+01,1.00000000E+00,2.32000000E-01,1.39977735E+08,2.54784423E+02,2.36885466E+03,-0.00000000E+00,-0.00000000E+00,-4.69981461E-34,-3.14459493E-35,1.38042903E+07,8.12059412E+05,1.38064830E-03,8.12188403E-05,-1.37690089E+07,-8.09899778E+05,-8.73834914E-05,-3.19925835E-11,-0.00000000E+00,-0.00000000E+00,2.71826146E-38,1.70652543E-39,-0.00000000E+00,-0.00000000E+00,2.71826146E-38,1.70652543E-39,-3.92019621E+04,-2.39961831E+03,-5.33344337E+01,-3.68631802E+00,3.92019624E+03,2.39961833E+02,3.84000000E+03,2.40000000E+02,7.76991913E+06,1.63109170E+09
1.80000000E+01,1.00000000E+00,2.32000000E-01,1.39977735E+08,2.54784536E+02,2.52735101E+03,-0.00000000E+00,-0.00000000E+00,-5.01427421E-34,-3.14459633E-35,1.46163497E+07,8.12059456E+05,1.46186714E-03,8.12188447E-05,-1.45789088E+07,-8.09899822E+05,-8.73835104E-05,-1.44899386E-11,-0.00000000E+00,-0.00000000E+00,2.88891402E-38,1.70652576E-39,-0.00000000E+00,-0.00000000E+00,2.88891402E-38,1.70652576E-39,-4.16015804E+04,-2.39961831E+03,-5.70207520E+01,-3.68631835E+00,4.16015807E+03,2.39961833E+02,4.08000000E+03,2.40000000E+02,7.76991912E+06,1.63109170E+09
1.90000000E+01,1.00000000E+00,2.32000000E-01,1.39977735E+08,2.54784588E+02,2.68584739E+03,-0.00000000E+00,-0.00000000E+00,-5.32873389E-34,-3.14459697E-35,1.54284092E+07,8.12059500E+05,1.54308599E-03,8.12188491E-05,-1.53888086E+07,-8.09899866E+05,-8.73835190E-05,-6.57606456E-12,-0.00000000E+00,-0.00000000E+00,3.05956661E-38,1.70652592E-39,-0.00000000E+00,-0.00000000E+00,3.05956661E-38,1.70652592E-39,-4.40011987E+04,-2.39961831E+03,-6.07070705E+01,-3.68631853E+00,4.40011990E+03,2.39961833E+02,4.32000000E+03,2.40000000E+02,7.76991912E+06,1.63109170E+09
2.00000000E+01,1.00000000E+00,1.00000000E+00,1.39977735E+08,2.54784607E+02,2.84434380E+03,-0.00000000E+00,-0.00000000E+00,-5.64319361E-34,-3.14459720E-35,1.62404688E+07,8.12059543E+05,1.62430485E-03,8.12188534E-05,-1.61987085E+07,-8.09899909E+05,-8.73835246E-05,-5.57573588E-12,-0.00000000E+00,-0.00000000E+00,3.23021921E-38,1.70652597E-39,-0.00000000E+00,-0.00000000E+00,3.23021921E-38,1.70652597E-39,-4.64008170E+04,-2.39961831E+03,-6.43933891E+01,-3.68631863E+00,4.64008174E+03,2.39961833E+02,4.56000000E+03,2.40000000E+02,7.76991912E+06,1.63109170E+09
2.10000000E+01,1.00000000E+00,1.00000000E+00,1.39977735E+08,2.54784616E+02,3.00284022E+03,-0.00000000E+00,-0.00000000E+00,-5.95765334E-34,-3.14459732E-35,1.70525284E+07,8.12059586E+05,1.70552370E-03,8.12188577E-05,-1.70086085E+07,-8.09899952E+05,-8.73835286E-05,-4.00652243E-12,-0.00000000E+00,-0.00000000E+00,3.40087181E-38,1.70652600E-39,-0.00000000E+00,-0.00000000E+00,3.40087181E-38,1.70652600E-39,-4.88004353E+04,-2.39961831E+03,-6.80797078E+01,-3.68631873E+00,4.88004357E+03,2.39961833E+02,4.80000000E+03,2.40000000E+02,7.76991912E+06,1.63109170E+09
2.20000000E+01,1.00000000E+00,1.00000000E+00,1.39977735E+08,2.54784621E+02,3.16133664E+03,-0.00000000E+00,-0.00000000E+00,-6.27211308E-34,-3.14459738E-35,1.78645880E+07,8.12059629E+05,1.78674257E-03,8.12188620E-05,-1.78185085E+07,-8.09899995E+05,-8.73835297E-05,-1.07905631E-12,-0.00000000E+00,-0.00000000E+00,3.57152441E-38,1.70652602E-39,-0.00000000E+00,-0.00000000E+00,3.57152441E-38,1.70652602E-39,-5.12000536E+04,-2.39961831E+03,-7.17660266E+01,-3.68631882E+00,5.12000540E+03,2.39961833E+02,5.04000000E+03,2.40000000E+02,7.76991912E+06,1.63109170E+09
2.30000000E+01,1.00000000E+00,1.00000000E+00,1.39977735E+08,2.54784626E+02,3.31983306E+03,-0.00000000E+00,-0.00000000E+00,-6.58657282E-34,-3.14459744E-35,1.86766477E+07,8.12059672E+05,1.86796143E-03,8.12188663E-05,-1.86284085E+07,-8.09900037E+05,-8.73835305E-05,-8.57382257E-13,-0.00000000E+00,-0.00000000E+00,3.74217701E-38,1.70652603E-39,-0.00000000E+00,-0.00000000E+00,3.74217701E-38,1.70652603E-39,-5.35996719E+04,-2.39961831E+03,-7.54523456E+01,-3.68631891E+00,5.35996723E+03,2.39961833E+02,5.28000000E+03,2.40000000E+02,7.76991912E+06,1.63109170E+09
2.40000000E+01,1.00000000E+00,1.00000000E+00,1.39977735E+08,2.54784627E+02,3.47832948E+03,-0.00000000E+00,-0.00000000E+00,-6.90103257E-34,-3.14459745E-35,1.94887074E+07,8.12059714E+05,1.94918030E-03,8.12188705E-05,-1.94383086E+07,-8.09900080E+05,-8.73835315E-05,-9.33399815E-13,-0.00000000E+00,-0.00000000E+00,3.91282962E-38,1.70652603E-39,-0.00000000E+00,-0.00000000E+00,3.91282962E-38,1.70652603E-39,-5.59992902E+04,-2.39961831E+03,-7.91386646E+01,-3.68631901E+00,5.59992907E+03,2.39961832E+02,5.52000000E+03,2.40000000E+02,7.76991912E+06,1.63109170E+09
2.50000000E+01,1.00000000E+00,1.00000000E+00,1.39977735E+08,2.54784627E+02,3.63682590E+03,-0.00000000E+00,-0.00000000E+00,-7.21549231E-34,-3.14459745E-35,2.03007671E+07,8.12059756E+05,2.03039918E-03,8.12188747E-05,-2.02482087E+07,-8.09900121E+05,-8.73835329E-05,-1.37339041E-12,-0.00000000E+00,-0.00000000E+00,4.08348222E-38,1.70652603E-39,-0.00000000E+00,-0.00000000E+00,4.08348222E-38,1.70652603E-39,-5.83989085E+04,-2.39961831E+03,-8.28249837E+01,-3.68631910E+00,5.83989090E+03,2.39961832E+02,5.76000000E+03,2.40000000E+02,7.76991912E+06,1.63109170E+09
2.60000000E+01,1.00000000E+00,1.00000000E+00,1.39977735E+08,2.54784627E+02,3.79532232E+03,-0.00000000E+00,-0.00000000E+00,-7.52995206E-34,-3.14459745E-35,2.11128269E+07,8.12059798E+05,2.11161806E-03,8.12188789E-05,-2.10581089E+07,-8.09900163E+05,-8.73835330E-05,-1.34260265E-13,-0.00000000E+00,-0.00000000E+00,4.25413482E-38,1.70652603E-39,-0.00000000E+00,-0.00000000E+00,4.25413482E-38,1.70652603E-39,-6.07985268E+04,-2.39961831E+03,-8.65113029E+01,-3.68631919E+00,6.07985273E+03,2.39961832E+02,6.00000000E+03,2.40000000E+02,7.76991911E+06,1.63109170E+09
2.70000000E+01,1.00000000E+00,1.00000000E+00,1.39977735E+08,2.54784628E+02,3.95381874E+03,-0.00000000E+00,-0.00000000E+00,-7.84441180E-34,-3.14459747E-35,2.19248868E+07,8.12059840E+05,2.19283694E-03,8.12188831E-05,-2.18680091E+07,-8.09900204E+05,-8.73835340E-05,-1.05497142E-12,-0.00000000E+00,-0.00000000E+00,4.42478743E-38,1.70652603E-39,-0.00000000E+00,-0.00000000E+00,4.42478743E-38,1.70652603E-39,-6.31981451E+04,-2.39961831E+03,-9.01976221E+01,-3.68631925E+00,6.31981456E+03,2.39961832E+02,6.24000000E+03,2.40000000E+02,7.76991911E+06,1.63109170E+09
2.80000000E+01,1.00000000E+00,1.00000000E+00,1.39977735E+08,2.54784628E+02,4.11231516E+03,-0.00000000E+00,-0.00000000E+00,-8.15887155E-34,-3.14459747E-35,2.27369467E+07,8.12059881E+05,2.27405583E-03,8.12188872E-05,-2.26779093E+07,-8.09900246E+05,-8.73835371E-05,-3.05522779E-12,-0.00000000E+00,-0.00000000E+00,4.59544003E-38,1.70652603E-39,-0.00000000E+00,-0.00000000E+00,4.59544003E-38,1.70652603E-39,-6.55977634E+04,-2.39961830E+03,-9.38839415E+01,-3.68631935E+00,6.55977639E+03,2.39961832E+02,6.48000000E+03,2.40000000E+02,7.76991911E+06,1.63109170E+09
2.90000000E+01,1.00000000E+00,1.00000000E+00,1.39977735E+08,2.54784628E+02,4.27081159E+03,-0.00000000E+00,-0.00000000E+00,-8.47333130E-34,-3.14459747E-35,2.35490066E+07,8.12059922E+05,2.35527472E-03,8.12188913E-05,-2.34878096E+07,-8.09900286E+05,-8.73836354E-05,-9.83005410E-11,-0.00000000E+00,-0.00000000E+00,4.76609263E-38,1.70652603E-39,-0.00000000E+00,-0.00000000E+00,4.76609263E-38,1.70652603E-39,-6.79973818E+04,-2.39961830E+03,-9.75702609E+01,-3.68631941E+00,6.79973823E+03,2.39961832E+02,6.72000000E+03,2.40000000E+02,7.76991911E+06,1.63109170E+09
3.00000000E+01,1.00000000E+00,1.00000000E+00,1.39977735E+08,2.54784628E+02,4.42930801E+03,-0.00000000E+00,-0.00000000E+00,-8.78779104E-34,-3.14459747E-35,2.43610665E+07,8.12059962E+05,2.43649361E-03,8.12188954E-05,-2.42977099E+07,-8.09900327E+05,-8.73837125E-05,-7.71067721E-11,-0.00000000E+00,-0.00000000E+00,4.93674524E-38,1.70652603E-39,-0.00000000E+00,-0.00000000E+00,4.93674524E-38,1.70652603E-39,-7.03970001E+04,-2.39961830E+03,-1.01256580E+02,-3.68631952E+00,7.03970006E+03,2.39961832E+02,6.96000000E+03,2.40000000E+02,7.76991911E+06,1.63109170E+09
3.10000000E+01,1.00000000E+00,1.00000000E+00,1.39977735E+08,2.54784628E+02,4.58780443E+03,-0.00000000E+00,-0.00000000E+00,-9.10225079E-34,-3.14459747E-35,2.51731265E+07,8.12060003E+05,2.51771251E-03,8.12188995E-05,-2.51076103E+07,-8.09900367E+05,-8.73837435E-05,-3.10037914E-11,-0.00000000E+00,-0.00000000E+00,5.10739784E-38,1.70652603E-39,-0.00000000E+00,-0.00000000E+00,5.10739784E-38,1.70652603E-39,-7.27966184E+04,-2.39961830E+03,-1.04942900E+02,-3.68631958E+00,7.27966189E+03,2.39961832E+02,7.20000000E+03,2.40000000E+02,7.76991911E+06,1.63109170E+09
3.20000000E+01,1.00000000E+00,1.00000000E+00,1.39977734E+08,2.54784628E+02,4.74630085E+03,-0.00000000E+00,-0.00000000E+00,-9.41671054E-34,-3.14459747E-35,2.59851866E+07,8.12060043E+05,2.59893142E-03,8.12189035E-05,-2.59175107E+07,-8.09900407E+05,-8.73837698E-05,-2.62946599E-11,-0.00000000E+00,-0.00000000E+00,5.27805044E-38,1.70652603E-39,-0.00000000E+00,-0.00000000E+00,5.27805044E-38,1.70652603E-39,-7.51962367E+04,-2.39961830E+03,-1.08629220E+02,-3.68631968E+00,7.51962372E+03,2.39961832E+02,7.44000000E+03,2.40000000E+02,7.76991911E+06,1.63109170E+09
3.30000000E+01,1.00000000E+00,1.00000000E+00,1.39977734E+08,2.54784628E+02,4.90479727E+03,-0.00000000E+00,-0.00000000E+00,-9.73117028E-34,-3.14459747E-35,2.67972467E+07,8.12060083E+05,2.68015032E-03,8.12189075E-05,-2.67274112E+07,-8.09900447E+05,-8.73837806E-05,-1.08466445E-11,-0.00000000E+00,-0.00000000E+00,5.44870305E-38,1.70652603E-39,-0.00000000E+00,-0.00000000E+00,5.44870305E-38,1.70652603E-39,-7.75958550E+04,-2.39961830E+03,-1.12315539E+02,-3.68631974E+00,7.75958556E+03,2.39961832E+02,7.68000000E+03,2.40000000E+02,7.76991911E+06,1.63109170E+09
3.40000000E+01,1.00000000E+00,1.00000000E+00,1.39977734E+08,2.54784628E+02,5.06329369E+03,-0.00000000E+00,-0.00000000E+00,-1.00456300E-33,-3.14459746E-35,2.76093068E+07,8.12060123E+05,2.76136924E-03,8.12189114E-05,-2.75373117E+07,-8.09900486E+05,-8.73837898E-05,-9.19488608E-12,-0.00000000E+00,-0.00000000E+00,5.61935565E-38,1.70652603E-39,-0.00000000E+00,-0.00000000E+00,5.61935565E-38,1.70652603E-39,-7.99954733E+04,-2.39961830E+03,-1.16001859E+02,-3.68631984E+00,7.99954739E+03,2.39961832E+02,7.92000000E+03,2.40000000E+02,7.76991911E+06,1.63109170E+09
3.50000000E+01,1.00000000E+00,1.00000000E+00,1.39977734E+08,2.54784628E+02,5.22179011E+03,-0.00000000E+00,-0.00000000E+00,-1.03600898E-33,-3.14459746E-35,2.84213669E+07,8.12060162E+05,2.84258815E-03,8.12189154E-05,-2.83472122E+07,-8.09900526E+05,-8.73837939E-05,-4.02782323E-12,-0.00000000E+00,-0.00000000E+00,5.79000825E-38,1.70652603E-39,-0.00000000E+00,-0.00000000E+00,5.79000825E-38,1.70652603E-39,-8.23950916E+04,-2.39961830E+03,-1.19688179E+02,-3.68631990E+00,8.23950922E+03,2.39961832E+02,8.16000000E+03,2.40000000E+02,7.76991910E+06,1.63109170E+09
3.60000000E+01,1.00000000E+00,1.00000000E+00,1.39977734E+08,2.54784628E+02,5.38028653E+03,-0.00000000E+00,-0.00000000E+00,-1.06745495E-33,-3.14459746E-35,2.92334272E+07,8.12060201E+05,2.92380707E-03,8.12189193E-05,-2.91571127E+07,-8.09900565E+05,-8.73837970E-05,-3.08224565E-12,-0.00000000E+00,-0.00000000E+00,5.96066085E-38,1.70652603E-39,-0.00000000E+00,-0.00000000E+00,5.96066085E-38,1.70652603E-39,-8.47947099E+04,-2.39961830E+03,-1.23374499E+02,-3.68632000E+00,8.47947105E+03,2.39961832E+02,8.40000000E+03,2.40000000E+02,7.76991910E+06,1.63109170E+09
3.70000000E+01,1.00000000E+00,1.00000000E+00,1.39977734E+08,2.54784628E+02,5.53878296E+03,-0.00000000E+00,-0.00000000E+00,-1.09890093E-33,-3.14459746E-35,3.00454874E+07,8.12060240E+05,3.00502599E-03,8.12189232E-05,-2.99670133E+07,-8.09900603E+05,-8.73837987E-05,-1.75631102E-12,-0.00000000E+00,-0.00000000E+00,6.13131346E-38,1.70652603E-39,-0.00000000E+00,-0.00000000E+00,6.13131346E-38,1.70652603E-39,-8.71943282E+04,-2.39961830E+03,-1.27060819E+02,-3.68632006E+00,8.71943288E+03,2.39961832E+02,8.64000000E+03,2.40000000E+02,7.76991910E+06,1.63109170E+09
3.80000000E+01,1.00000000E+00,1.00000000E+00,1.39977734E+08,2.54784628E+02,5.69727938E+03,-0.00000000E+00,-0.00000000E+00,-1.13034690E-33,-3.14459746E-35,3.08575477E+07,8.12060278E+05,3.08624492E-03,8.12189271E-05,-3.07769140E+07,-8.09900642E+05,-8.73838000E-05,-1.25269132E-12,-0.00000000E+00,-0.00000000E+00,6.30196606E-38,1.70652603E-39,-0.00000000E+00,-0.00000000E+00,6.30196606E-38,1.70652603E-39,-8.95939465E+04,-2.39961830E+03,-1.30747139E+02,-3.68632016E+00,8.95939472E+03,2.39961832E+02,8.88000000E+03,2.40000000E+02,7.76991910E+06,1.63109170E+09
3.90000000E+01,1.00000000E+00,1.00000000E+00,1.39977734E+08,2.54784627E+02,5.85577580E+03,-0.00000000E+00,-0.00000000E+00,-1.16179288E-33,-3.14459746E-35,3.16696080E+07,8.12060316E+05,3.16746385E-03,8.12189309E-05,-3.15868147E+07,-8.09900680E+05,-8.73838005E-05,-5.28776101E-13,-0.00000000E+00,-0.00000000E+00,6.47261866E-38,1.70652603E-39,-0.00000000E+00,-0.00000000E+00,6.47261866E-38,1.70652603E-39,-9.19935648E+04,-2.39961830E+03,-1.34433460E+02,-3.68632025E+00,9.19935655E+03,2.39961832E+02,9.12000000E+03,2.40000000E+02,7.76991910E+06,1.63109170E+09
4.00000000E+01,1.00000000E+00,1.00000000E+00,1.39977734E+08,2.54784627E+02,6.01427222E+03,-0.00000000E+00,-0.00000000E+00,-1.19323885E-33,-3.14459746E-35,3.24816683E+07,8.12060354E+05,3.24868279E-03,8.12189347E-05,-3.23967154E+07,-8.09900718E+05,-8.73838010E-05,-5.38321132E-13,-0.00000000E+00,-0.00000000E+00,6.64327127E-38,1.70652603E-39,-0.00000000E+00,-0.00000000E+00,6.64327127E-38,1.70652603E-39,-9.43931831E+04,-2.39961830E+03,-1.38119780E+02,-3.68632030E+00,9.43931838E+03,2.39961832E+02,9.36000000E+03,2.40000000E+02,7.76991910E+06,1.63109170E+09
4.10000000E+01,1.00000000E+00,1.00000000E+00,1.39977734E+08,2.54784627E+02,6.17276864E+03,-0.00000000E+00,-0.00000000E+00,-1.22468483E-33,-3.14459746E-35,3.32937287E+07,8.12060392E+05,3.32990172E-03,8.12189385E-05,-3.32066161E+07,-8.09900755E+05,-8.73838013E-05,-2.47571310E-13,-0.00000000E+00,-0.00000000E+00,6.81392387E-38,1.70652603E-39,-0.00000000E+00,-0.00000000E+00,6.81392387E-38,1.70652603E-39,-9.67928014E+04,-2.39961830E+03,-1.41806100E+02,-3.68632040E+00,9.67928021E+03,2.39961832E+02,9.60000000E+03,2.40000000E+02,7.76991910E+06,1.63109170E+09
4.20000000E+01,1.00000000E+00,1.00000000E+00,1.39977734E+08,2.54784627E+02,6.33126506E+03,-0.00000000E+00,-0.00000000E+00,-1.25613080E-33,-3.14459746E-35,3.41057892E+07,8.12060430E+05,3.41112067E-03,8.12189422E-05,-3.40165169E+07,-8.09900792E+05,-8.73838014E-05,-1.43400771E-13,-0.00000000E+00,-0.00000000E+00,6.98457647E-38,1.70652603E-39,-0.00000000E+00,-0.00000000E+00,6.98457647E-38,1.70652603E-39,-9.91924197E+04,-2.39961830E+03,-1.45492421E+02,-3.68632049E+00,9.91924204E+03,2.39961832E+02,9.84000000E+03,2.40000000E+02,7.76991910E+06,1.63109170E+09
4.30000000E+01,1.00000000E+00,1.00000000E+00,1.39977734E+08,2.54784627E+02,6.48976148E+03,-0.00000000E+00,-0.00000000E+00,-1.28757677E-33,-3.14459746E-35,3.49178496E+07,8.12060467E+05,3.49233961E-03,8.12189459E-05,-3.48264178E+07,-8.09900829E+05,-8.73838015E-05,-7.86604329E-14,-0.00000000E+00,-0.00000000E+00,7.15522907E-38,1.70652603E-39,-0.00000000E+00,-0.00000000E+00,7.15522907E-38,1.70652603E-39,-1.01592038E+05,-2.39961830E+03,-1.49178741E+02,-3.68632053E+00,1.01592039E+04,2.39961832E+02,1.00800000E+04,2.40000000E+02,7.76991910E+06,1.63109170E+09
4.40000000E+01,1.00000000E+00,1.00000000E+00,1.39977734E+08,2.54784627E+02,6.64825790E+03,-0.00000000E+00,-0.00000000E+00,-1.31902275E-33,-3.14459745E-35,3.57299101E+07,8.12060504E+05,3.57355856E-03,8.12189496E-05,-3.56363186E+07,-8.09900866E+05,-8.73838023E-05,-7.71324050E-13,-0.00000000E+00,-0.00000000E+00,7.32588168E-38,1.70652603E-39,-0.00000000E+00,-0.00000000E+00,7.32588168E-38,1.70652603E-39,-1.03991656E+05,-2.39961830E+03,-1.52865062E+02,-3.68632063E+00,1.03991657E+04,2.39961832E+02,1.03200000E+04,2.40000000E+02,7.76991909E+06,1.63109170E+09
4.50000000E+01,1.00000000E+00,1.00000000E+00,1.39977734E+08,2.54784627E+02,6.80675432E+03,-0.00000000E+00,-0.00000000E+00,-1.35046872E-33,-3.14459745E-35,3.65419707E+07,8.12060540E+05,3.65477752E-03,8.12189533E-05,-3.64462195E+07,-8.09900903E+05,-8.73838026E-05,-2.98407354E-13,-0.00000000E+00,-0.00000000E+00,7.49653428E-38,1.70652603E-39,-0.00000000E+00,-0.00000000E+00,7.49653428E-38,1.70652603E-39,-1.06391275E+05,-2.39961830E+03,-1.56551383E+02,-3.68632071E+00,1.06391275E+04,2.39961832E+02,1.05600000E+04,2.40000000E+02,7.76991909E+06,1.63109170E+09
4.60000000E+01,1.00000000E+00,1.00000000E+00,1.39977734E+08,2.54784627E+02,6.96525074E+03,-0.00000000E+00,-0.00000000E+00,-1.38191470E-33,-3.14459745E-35,3.73540312E+07,8.12060576E+05,3.73599647E-03,8.12189569E-05,-3.72561205E+07,-8.09900939E+05,-8.73838029E-05,-3.33298756E-13,-0.00000000E+00,-0.00000000E+00,7.66718688E-38,1.70652602E-39,-0.00000000E+00,-0.00000000E+00,7.66718688E-38,1.70652602E-39,-1.08790893E+05,-2.39961830E+03,-1.60237703E+02,-3.68632076E+00,1.08790894E+04,2.39961832E+02,1.08000000E+04,2.40000000E+02,7.76991909E+06,1.63109170E+09
4.70000000E+01,1.00000000E+00,1.00000000E+00,1.39977734E+08,2.54784627E+02,7.12374716E+03,-0.00000000E+00,-0.00000000E+00,-1.41336067E-33,-3.14459745E-35,3.81660919E+07,8.12060612E+05,3.81721543E-03,8.12189605E-05,-3.80660214E+07,-8.09900975E+05,-8.73838034E-05,-4.99770925E-13,-0.00000000E+00,-0.00000000E+00,7.83783948E-38,1.70652602E-39,-0.00000000E+00,-0.00000000E+00,7.83783948E-38,1.70652602E-39,-1.11190511E+05,-2.39961830E+03,-1.63924024E+02,-3.68632085E+00,1.11190512E+04,2.39961832E+02,1.10400000E+04,2.40000000E+02,7.76991909E+06,1.63109170E+09
4.80000000E+01,1.00000000E+00,1.00000000E+00,1.39977734E+08,2.54784627E+02,7.28224358E+03,-0.00000000E+00,-0.00000000E+00,-1.44480665E-33,-3.14459745E-35,3.89781525E+07,8.12060648E+05,3.89843440E-03,8.12189641E-05,-3.88759225E+07,-8.09901010E+05,-8.73838037E-05,-3.02588597E-13,-0.00000000E+00,-0.00000000E+00,8.00849209E-38,1.70652602E-39,-0.00000000E+00,-0.00000000E+00,8.00849209E-38,1.70652602E-39,-1.13590129E+05,-2.39961830E+03,-1.67610345E+02,-3.68632093E+00,1.13590130E+04,2.39961832E+02,1.12800000E+04,2.40000000E+02,7.76991909E+06,1.63109170E+09
4.90000000E+01,1.00000000E+00,1.00000000E+00,1.39977734E+08,2.54784627E+02,7.44074001E+03,-0.00000000E+00,-0.00000000E+00,-1.47625262E-33,-3.14459745E-35,3.97902132E+07,8.12060684E+05,3.97965336E-03,8.12189677E-05,-3.96858235E+07,-8.09901046E+05,-8.73838147E-05,-1.10038738E-11,-0.00000000E+00,-0.00000000E+00,8.17914469E-38,1.70652602E-39,-0.00000000E+00,-0.00000000E+00,8.17914469E-38,1.70652602E-39,-1.15989748E+05,-2.39961830E+03,-1.71296666E+02,-3.68632101E+00,1.15989749E+04,2.39961832E+02,1.15200000E+04,2.40000000E+02,7.76991909E+06,1.63109170E+09
5.00000000E+01,1.00000000E+00,1.00000000E+00,1.39977734E+08,2.54784627E+02,7.59923643E+03,-0.00000000E+00,-0.00000000E+00,-1.50769860E-33,-3.14459745E-35,4.06022739E+07,8.12060719E+05,4.06087234E-03,8.12189712E-05,-4.04957246E+07,-8.09901081E+05,-8.73838189E-05,-4.15425701E-12,-0.00000000E+00,-0.00000000E+00,8.34979729E-38,1.70652602E-39,-0.00000000E+00,-0.00000000E+00,8.34979729E-38,1.70652602E-39,-1.18389366E+05,-2.39961830E+03,-1.74982987E+02,-3.68632105E+00,1.18389367E+04,2.39961832E+02,1.17600000E+04,2.40000000E+02,7.76991909E+06,1.63109170E+09
