Time [d],dt_flow [d],dt_tran [d],Global Water Mass in Liquid Phas [kg],Global Vaq [mol],Global Vim [mol],Top Water Mass [kg],Top Water Mass [kg/d],Top Vaq [mol],Top Vaq [mol/d],Right Water Mass [kg],Right Water Mass [kg/d],Right Vaq [mol],Right Vaq [mol/d],Left Water Mass [kg],Left Water Mass [kg/d],Left Vaq [mol],Left Vaq [mol/d],North Water Mass [kg],North Water Mass [kg/d],North Vaq [mol],North Vaq [mol/d],South Water Mass [kg],South Water Mass [kg/d],South Vaq [mol],South Vaq [mol/d],ExtractWell Water Mass [kg],ExtractWell Water Mass [kg/d],ExtractWell Vaq [mol],ExtractWell Vaq [mol/d],InjectWell Water Mass [kg],InjectWell Water Mass [kg/d],InjectWell Vaq [mol],InjectWell Vaq [mol/d],Region Region__all Water Mass [kg],Region Region__all Total Mass [kg]
1.00000000E+00,4.89000000E-01,9.00000000E-03,1.39977957E+08,5.83164205E-03,5.68109791E-03,-0.00000000E+00,-0.00000000E+00,6.08734531E-40,1.00820875E-39,6.77740894E+06,6.77760419E+06,6.77846387E-04,6.77865916E-04,-6.77668341E+06,-6.77650230E+06,-4.35447172E-04,-2.73892688E-04,-0.00000000E+00,-0.00000000E+00,6.04953688E-40,1.00194693E-39,-0.00000000E+00,-0.00000000E+00,6.04953688E-40,1.00194693E-39,-8.08070350E+02,-1.22620690E+03,-4.49598628E-08,-4.95653746E-08,8.08070503E+01,1.22620713E+02,8.08197600E-09,1.22640000E-08,7.76993146E+06,1.63109144E+09
2.00000000E+00,4.88000000E-01,8.00000000E-03,1.39977955E+08,1.54999695E+02,5.67858705E+01,-0.00000000E+00,-0.00000000E+00,-1.12635738E-35,-1.91296629E-35,1.35555549E+07,6.77815254E+06,1.35576650E-03,6.77920764E-04,-1.35526714E+07,-6.77599450E+06,-6.12638108E-04,-1.09526639E-04,-0.00000000E+00,-0.00000000E+00,1.83706253E-39,1.39051974E-39,-0.00000000E+00,-0.00000000E+00,1.83706253E-39,1.39051974E-39,-3.20769244E+03,-2.39962209E+03,-3.48952202E-01,-9.79079005E-01,3.20769305E+02,2.39962254E+02,2.40000000E+02,2.40000000E+02,7.76993137E+06,1.63109160E+09
3.00000000E+00,1.00000000E+00,5.60000000E-02,1.39977954E+08,2.15910324E+02,1.75890591E+02,-0.00000000E+00,-0.00000000E+00,-3.48937349E-35,-2.66477748E-35,2.03337324E+07,6.77817744E+06,2.03368976E-03,6.77923259E-04,-2.03286907E+07,-6.77601932E+06,-6.83107875E-04,-4.41808515E-05,-0.00000000E+00,-0.00000000E+00,3.31585249E-39,1.53719944E-39,-0.00000000E+00,-0.00000000E+00,3.31585249E-39,1.53719944E-39,-5.60731450E+03,-2.39962206E+03,-1.85710178E+00,-1.80444587E+00,5.60731556E+02,2.39962251E+02,4.80000000E+02,2.40000000E+02,7.76993128E+06,1.63109166E+09
4.00000000E+00,1.00000000E+00,4.00000000E-02,1.39977952E+08,2.40212446E+02,3.19289024E+02,-0.00000000E+00,-0.00000000E+00,-6.33440770E-35,-2.96473511E-35,2.71119335E+07,6.77820109E+06,2.71161538E-03,6.77925629E-04,-2.71047336E+07,-6.77604289E+06,-7.12409434E-04,-2.18037786E-05,-0.00000000E+00,-0.00000000E+00,4.88689750E-39,1.59314609E-39,-0.00000000E+00,-0.00000000E+00,4.88689751E-39,1.59314609E-39,-8.00693653E+03,-2.39962203E+03,-3.75254675E+00,-1.93488607E+00,8.00693805E+02,2.39962249E+02,7.20000000E+02,2.40000000E+02,7.76993120E+06,1.63109168E+09
5.00000000E+00,1.00000000E+00,4.00000000E-02,1.39977951E+08,2.50011991E+02,4.72382053E+02,-0.00000000E+00,-0.00000000E+00,-9.37179498E-35,-3.08568949E-35,3.38901570E+07,6.77822349E+06,3.38954326E-03,6.77927873E-04,-3.38807988E+07,-6.77606521E+06,-7.65126364E-04,-1.27697024E-04,-0.00000000E+00,-0.00000000E+00,6.49298032E-39,1.61452144E-39,-0.00000000E+00,-0.00000000E+00,6.49298032E-39,1.61452144E-39,-1.04065585E+04,-2.39962200E+03,-5.69617377E+00,-1.94705251E+00,1.04065605E+03,2.39962246E+02,9.60000000E+02,2.40000000E+02,7.76993112E+06,1.63109169E+09
6.00000000E+00,1.00000000E+00,4.00000000E-02,1.39977950E+08,2.53971592E+02,6.29388927E+02,-0.00000000E+00,-0.00000000E+00,-1.24868379E-34,-3.13456228E-35,4.06684016E+07,6.77824465E+06,4.06747325E-03,6.77929994E-04,-4.06568851E+07,-6.77608630E+06,-1.26269497E-03,-1.07218489E-03,-0.00000000E+00,-0.00000000E+00,8.11242997E-39,1.62266046E-39,-0.00000000E+00,-0.00000000E+00,8.11242997E-39,1.62266046E-39,-1.28061805E+04,-2.39962198E+03,-7.64386564E+00,-1.94792827E+00,1.28061830E+03,2.39962244E+02,1.20000000E+03,2.40000000E+02,7.76993105E+06,1.63109170E+09
7.00000000E+00,1.00000000E+00,7.20000000E-02,1.39977948E+08,2.55556712E+02,7.87986745E+02,-0.00000000E+00,-0.00000000E+00,-1.56334472E-34,-3.15412718E-35,4.74466663E+07,6.77826463E+06,4.74540525E-03,6.77931997E-04,-4.74329913E+07,-6.77610621E+06,-3.91105149E-03,-4.44586591E-03,-0.00000000E+00,-0.00000000E+00,9.73698892E-39,1.62571938E-39,-0.00000000E+00,-0.00000000E+00,9.73698892E-39,1.62571938E-39,-1.52058025E+04,-2.39962196E+03,-9.59183434E+00,-1.94798193E+00,1.52058054E+03,2.39962242E+02,1.44000000E+03,2.40000000E+02,7.76993098E+06,1.63109170E+09
8.00000000E+00,1.00000000E+00,4.00000000E-02,1.39977947E+08,2.56199438E+02,9.47213182E+02,-0.00000000E+00,-0.00000000E+00,-1.87925291E-34,-3.16206026E-35,5.42249498E+07,6.77828351E+06,5.42333914E-03,6.77933889E-04,-5.42091163E+07,-6.77612502E+06,-1.16834118E-02,-1.08480968E-02,-0.00000000E+00,-0.00000000E+00,1.13634422E-38,1.62688601E-39,-0.00000000E+00,-0.00000000E+00,1.13634422E-38,1.62688601E-39,-1.76054244E+04,-2.39962194E+03,-1.15398193E+01,-1.94798529E+00,1.76054278E+03,2.39962241E+02,1.68000000E+03,2.40000000E+02,7.76993092E+06,1.63109170E+09
9.00000000E+00,1.00000000E+00,4.00000000E-02,1.39977946E+08,2.56459805E+02,1.10669114E+03,-0.00000000E+00,-0.00000000E+00,-2.19566015E-34,-3.16527394E-35,6.10032512E+07,6.77830141E+06,6.10127482E-03,6.77935683E-04,-6.09852592E+07,-6.77614285E+06,-2.68086617E-02,-1.86118461E-02,-0.00000000E+00,-0.00000000E+00,1.29906106E-38,1.62733458E-39,-0.00000000E+00,-0.00000000E+00,1.29906106E-38,1.62733458E-39,-2.00050463E+04,-2.39962192E+03,-1.34878051E+01,-1.94798550E+00,2.00050502E+03,2.39962239E+02,1.92000000E+03,2.40000000E+02,7.76993085E+06,1.63109170E+09
1.00000000E+01,1.00000000E+00,4.00000000E-02,1.39977945E+08,2.56562560E+02,1.26626985E+03,-0.00000000E+00,-0.00000000E+00,-2.51226729E-34,-3.16654223E-35,6.77815696E+07,6.77831846E+06,6.77921221E-03,6.77937393E-04,-6.77614191E+07,-6.77615985E+06,-4.93211654E-02,-2.54003555E-02,-0.00000000E+00,-0.00000000E+00,1.46180532E-38,1.62750607E-39,-0.00000000E+00,-0.00000000E+00,1.46180532E-38,1.62750607E-39,-2.24046682E+04,-2.39962191E+03,-1.54357911E+01,-1.94798550E+00,2.24046725E+03,2.39962237E+02,2.16000000E+03,2.40000000E+02,7.76993080E+06,1.63109170E+09
1.10000000E+01,1.00000000E+00,1.04000000E-01,1.39977944E+08,2.56600560E+02,1.42588813E+03,-0.00000000E+00,-0.00000000E+00,-2.82895295E-34,-3.16701125E-35,7.45599045E+07,6.77833481E+06,7.45715125E-03,6.77939033E-04,-7.45375952E+07,-6.77617617E+06,-7.75902911E-02,-2.99184708E-02,-0.00000000E+00,-0.00000000E+00,1.62456018E-38,1.62756967E-39,-0.00000000E+00,-0.00000000E+00,1.62456018E-38,1.62756967E-39,-2.48042901E+04,-2.39962189E+03,-1.73837769E+01,-1.94798551E+00,2.48042949E+03,2.39962236E+02,2.40000000E+03,2.40000000E+02,7.76993074E+06,1.63109170E+09
1.20000000E+01,1.00000000E+00,2.32000000E-01,1.39977943E+08,2.56614659E+02,1.58552022E+03,-0.00000000E+00,-0.00000000E+00,-3.14566601E-34,-3.16718528E-35,8.13382551E+07,6.77835062E+06,8.13509187E-03,6.77940618E-04,-8.13137872E+07,-6.77619194E+06,-1.09166698E-01,-3.24291645E-02,-0.00000000E+00,-0.00000000E+00,1.78731882E-38,1.62759429E-39,-0.00000000E+00,-0.00000000E+00,1.78731882E-38,1.62759429E-39,-2.72039120E+04,-2.39962188E+03,-1.93317628E+01,-1.94798555E+00,2.72039172E+03,2.39962234E+02,2.64000000E+03,2.40000000E+02,7.76993069E+06,1.63109170E+09
1.30000000E+01,1.00000000E+00,2.32000000E-01,1.39977942E+08,2.56619734E+02,1.74515725E+03,-0.00000000E+00,-0.00000000E+00,-3.46238886E-34,-3.16724792E-35,8.81166211E+07,6.77836600E+06,8.81303403E-03,6.77942161E-04,-8.80899944E+07,-6.77620729E+06,-1.42413640E-01,-3.36497422E-02,-0.00000000E+00,-0.00000000E+00,1.95007890E-38,1.62760386E-39,-0.00000000E+00,-0.00000000E+00,1.95007890E-38,1.62760386E-39,-2.96035339E+04,-2.39962186E+03,-2.12797487E+01,-1.94798559E+00,2.96035396E+03,2.39962233E+02,2.88000000E+03,2.40000000E+02,7.76993063E+06,1.63109170E+09
1.40000000E+01,1.00000000E+00,3.60000000E-01,1.39977941E+08,2.56621443E+02,1.90479601E+03,-0.00000000E+00,-0.00000000E+00,-3.77911517E-34,-3.16726901E-35,9.48950022E+07,6.77838108E+06,9.49097770E-03,6.77943673E-04,-9.48662168E+07,-6.77622235E+06,-1.76429716E-01,-3.41704512E-02,-0.00000000E+00,-0.00000000E+00,2.11283954E-38,1.62760742E-39,-0.00000000E+00,-0.00000000E+00,2.11283954E-38,1.62760742E-39,-3.20031557E+04,-2.39962185E+03,-2.32277346E+01,-1.94798562E+00,3.20031619E+03,2.39962231E+02,3.12000000E+03,2.40000000E+02,7.76993058E+06,1.63109170E+09
1.50000000E+01,1.00000000E+00,1.25033019E-01,1.39977940E+08,2.56622015E+02,2.06443534E+03,-0.00000000E+00,-0.00000000E+00,-4.09584258E-34,-3.16727607E-35,1.01673398E+08,6.77839593E+06,1.01689229E-02,6.77945163E-04,-1.01642454E+08,-6.77623719E+06,-2.10749449E-01,-3.43794035E-02,-0.00000000E+00,-0.00000000E+00,2.27560037E-38,1.62760872E-39,-0.00000000E+00,-0.00000000E+00,2.27560037E-38,1.62760872E-39,-3.44027775E+04,-2.39962183E+03,-2.51757205E+01,-1.94798568E+00,3.44027842E+03,2.39962230E+02,3.36000000E+03,2.40000000E+02,7.76993053E+06,1.63109170E+09
1.60000000E+01,1.00000000E+00,1.25035701E-01,1.39977939E+08,2.56622200E+02,2.22407485E+03,-0.00000000E+00,-0.00000000E+00,-4.41257035E-34,-3.16727836E-35,1.08451809E+08,6.77841064E+06,1.08468695E-02,6.77946638E-04,-1.08418706E+08,-6.77625188E+06,-2.45185562E-01,-3.44582450E-02,-0.00000000E+00,-0.00000000E+00,2.43836128E-38,1.62760912E-39,-0.00000000E+00,-0.00000000E+00,2.43836128E-38,1.62760912E-39,-3.68023994E+04,-2.39962182E+03,-2.71237065E+01,-1.94798573E+00,3.68024065E+03,2.39962228E+02,3.60000000E+03,2.40000000E+02,7.76993048E+06,1.63109170E+09
1.70000000E+01,1.00000000E+00,3.00029624E-01,1.39977938E+08,2.56622257E+02,2.38371441E+03,-0.00000000E+00,-0.00000000E+00,-4.72929824E-34,-3.16727906E-35,1.15230234E+08,6.77842523E+06,1.15248176E-02,6.77948102E-04,-1.15194972E+08,-6.77626647E+06,-2.79664385E-01,-3.44859032E-02,-0.00000000E+00,-0.00000000E+00,2.60112219E-38,1.62760917E-39,-0.00000000E+00,-0.00000000E+00,2.60112219E-38,1.62760917E-39,-3.92020212E+04,-2.39962180E+03,-2.90716925E+01,-1.94798578E+00,3.92020287E+03,2.39962227E+02,3.84000000E+03,2.40000000E+02,7.76993043E+06,1.63109170E+09
1.80000000E+01,1.00000000E+00,3.00031137E-01,1.39977938E+08,2.56622274E+02,2.54335399E+03,-0.00000000E+00,-0.00000000E+00,-5.04602616E-34,-3.16727927E-35,1.22008674E+08,6.77843976E+06,1.22027672E-02,6.77949560E-04,-1.21971253E+08,-6.77628099E+06,-3.14157610E-01,-3.44957140E-02,-0.00000000E+00,-0.00000000E+00,2.76388310E-38,1.62760908E-39,-0.00000000E+00,-0.00000000E+00,2.76388310E-38,1.62760908E-39,-4.16016429E+04,-2.39962178E+03,-3.10196786E+01,-1.94798584E+00,4.16016510E+03,2.39962225E+02,4.08000000E+03,2.40000000E+02,7.76993038E+06,1.63109170E+09
1.90000000E+01,1.00000000E+00,3.00032645E-01,1.39977937E+08,2.56622279E+02,2.70299358E+03,-0.00000000E+00,-0.00000000E+00,-5.36275410E-34,-3.16727932E-35,1.28787128E+08,6.77845424E+06,1.28807182E-02,6.77951012E-04,-1.28747549E+08,-6.77629547E+06,-3.48655994E-01,-3.44992904E-02,-0.00000000E+00,-0.00000000E+00,2.92664400E-38,1.62760895E-39,-0.00000000E+00,-0.00000000E+00,2.92664400E-38,1.62760895E-39,-4.40012647E+04,-2.39962177E+03,-3.29676647E+01,-1.94798590E+00,4.40012732E+03,2.39962223E+02,4.32000000E+03,2.40000000E+02,7.76993033E+06,1.63109170E+09
2.00000000E+01,1.00000000E+00,3.00034149E-01,1.39977936E+08,2.56622279E+02,2.86263317E+03,-0.00000000E+00,-0.00000000E+00,-5.67948203E-34,-3.16727933E-35,1.35565597E+08,6.77846869E+06,1.35586706E-02,6.77952462E-04,-1.35523859E+08,-6.77630992E+06,-3.83156399E-01,-3.45007905E-02,-0.00000000E+00,-0.00000000E+00,3.08940488E-38,1.62760879E-39,-0.00000000E+00,-0.00000000E+00,3.08940488E-38,1.62760879E-39,-4.64008865E+04,-2.39962175E+03,-3.49156509E+01,-1.94798596E+00,4.64008954E+03,2.39962222E+02,4.56000000E+03,2.40000000E+02,7.76993028E+06,1.63109170E+09
2.10000000E+01,1.00000000E+00,3.00035651E-01,1.39977935E+08,2.56622279E+02,3.02227275E+03,-0.00000000E+00,-0.00000000E+00,-5.99620996E-34,-3.16727933E-35,1.42344080E+08,6.77848311E+06,1.42366245E-02,6.77953908E-04,-1.42300183E+08,-6.77632434E+06,-4.17657805E-01,-3.45016273E-02,-0.00000000E+00,-0.00000000E+00,3.25216575E-38,1.62760862E-39,-0.00000000E+00,-0.00000000E+00,3.25216575E-38,1.62760862E-39,-4.88005082E+04,-2.39962174E+03,-3.68636371E+01,-1.94798601E+00,4.88005176E+03,2.39962220E+02,4.80000000E+03,2.40000000E+02,7.76993023E+06,1.63109170E+09
2.20000000E+01,1.00000000E+00,3.00037152E-01,1.39977934E+08,2.56622279E+02,3.18191234E+03,-0.00000000E+00,-0.00000000E+00,-6.31293789E-34,-3.16727933E-35,1.49122577E+08,6.77849752E+06,1.49145799E-02,6.77955354E-04,-1.49076522E+08,-6.77633874E+06,-4.52159893E-01,-3.45022598E-02,-0.00000000E+00,-0.00000000E+00,3.41492660E-38,1.62760845E-39,-0.00000000E+00,-0.00000000E+00,3.41492660E-38,1.62760845E-39,-5.12001299E+04,-2.39962172E+03,-3.88116234E+01,-1.94798607E+00,5.12001398E+03,2.39962219E+02,5.04000000E+03,2.40000000E+02,7.76993018E+06,1.63109170E+09
2.30000000E+01,1.00000000E+00,3.00038651E-01,1.39977933E+08,2.56622278E+02,3.34155193E+03,-0.00000000E+00,-0.00000000E+00,-6.62966583E-34,-3.16727932E-35,1.55901089E+08,6.77851191E+06,1.55925367E-02,6.77956797E-04,-1.55852875E+08,-6.77635313E+06,-4.86662568E-01,-3.45028311E-02,-0.00000000E+00,-0.00000000E+00,3.57768743E-38,1.62760829E-39,-0.00000000E+00,-0.00000000E+00,3.57768743E-38,1.62760829E-39,-5.35997516E+04,-2.39962171E+03,-4.07596098E+01,-1.94798612E+00,5.35997620E+03,2.39962217E+02,5.28000000E+03,2.40000000E+02,7.76993014E+06,1.63109170E+09
2.40000000E+01,1.00000000E+00,3.00040150E-01,1.39977932E+08,2.56622277E+02,3.50119151E+03,-0.00000000E+00,-0.00000000E+00,-6.94639376E-34,-3.16727931E-35,1.62679615E+08,6.77852629E+06,1.62704949E-02,6.77958240E-04,-1.62629242E+08,-6.77636751E+06,-5.21165801E-01,-3.45033845E-02,-0.00000000E+00,-0.00000000E+00,3.74044825E-38,1.62760812E-39,-0.00000000E+00,-0.00000000E+00,3.74044825E-38,1.62760812E-39,-5.59993733E+04,-2.39962169E+03,-4.27075962E+01,-1.94798618E+00,5.59993842E+03,2.39962216E+02,5.52000000E+03,2.40000000E+02,7.76993009E+06,1.63109170E+09
2.50000000E+01,1.00000000E+00,3.00041649E-01,1.39977931E+08,2.56622277E+02,3.66083110E+03,-0.00000000E+00,-0.00000000E+00,-7.26312169E-34,-3.16727930E-35,1.69458156E+08,6.77854066E+06,1.69484546E-02,6.77959681E-04,-1.69405624E+08,-6.77638188E+06,-5.55669583E-01,-3.45039327E-02,-0.00000000E+00,-0.00000000E+00,3.90320905E-38,1.62760795E-39,-0.00000000E+00,-0.00000000E+00,3.90320905E-38,1.62760795E-39,-5.83989950E+04,-2.39962168E+03,-4.46555826E+01,-1.94798624E+00,5.83990063E+03,2.39962214E+02,5.76000000E+03,2.40000000E+02,7.76993004E+06,1.63109170E+09
2.60000000E+01,1.00000000E+00,3.00043146E-01,1.39977931E+08,2.56622276E+02,3.82047068E+03,-0.00000000E+00,-0.00000000E+00,-7.57984962E-34,-3.16727929E-35,1.76236711E+08,6.77855501E+06,1.76264157E-02,6.77961121E-04,-1.76182021E+08,-6.77639624E+06,-5.90173912E-01,-3.45044793E-02,-0.00000000E+00,-0.00000000E+00,4.06596983E-38,1.62760779E-39,-0.00000000E+00,-0.00000000E+00,4.06596983E-38,1.62760779E-39,-6.07986167E+04,-2.39962166E+03,-4.66035692E+01,-1.94798629E+00,6.07986284E+03,2.39962213E+02,6.00000000E+03,2.40000000E+02,7.76992999E+06,1.63109170E+09
2.70000000E+01,1.00000000E+00,3.00044644E-01,1.39977930E+08,2.56622275E+02,3.98011027E+03,-0.00000000E+00,-0.00000000E+00,-7.89657755E-34,-3.16727929E-35,1.83015281E+08,6.77856936E+06,1.83043783E-02,6.77962560E-04,-1.82958431E+08,-6.77641058E+06,-6.24678787E-01,-3.45050252E-02,-0.00000000E+00,-0.00000000E+00,4.22873060E-38,1.62760763E-39,-0.00000000E+00,-0.00000000E+00,4.22873060E-38,1.62760763E-39,-6.31982383E+04,-2.39962165E+03,-4.85515557E+01,-1.94798635E+00,6.31982505E+03,2.39962211E+02,6.24000000E+03,2.40000000E+02,7.76992994E+06,1.63109170E+09
2.80000000E+01,1.00000000E+00,3.00046141E-01,1.39977929E+08,2.56622275E+02,4.13974985E+03,-0.00000000E+00,-0.00000000E+00,-8.21330547E-34,-3.16727928E-35,1.89793864E+08,6.77858370E+06,1.89823423E-02,6.77963998E-04,-1.89734856E+08,-6.77642492E+06,-6.59184208E-01,-3.45055709E-02,-0.00000000E+00,-0.00000000E+00,4.39149135E-38,1.62760746E-39,-0.00000000E+00,-0.00000000E+00,4.39149135E-38,1.62760746E-39,-6.55978600E+04,-2.39962163E+03,-5.04995424E+01,-1.94798641E+00,6.55978726E+03,2.39962210E+02,6.48000000E+03,2.40000000E+02,7.76992989E+06,1.63109170E+09
2.90000000E+01,1.00000000E+00,3.00047637E-01,1.39977928E+08,2.56622274E+02,4.29938944E+03,-0.00000000E+00,-0.00000000E+00,-8.53003340E-34,-3.16727927E-35,1.96572462E+08,6.77859802E+06,1.96603077E-02,6.77965435E-04,-1.96511295E+08,-6.77643924E+06,-6.93690175E-01,-3.45061163E-02,-0.00000000E+00,-0.00000000E+00,4.55425209E-38,1.62760730E-39,-0.00000000E+00,-0.00000000E+00,4.55425209E-38,1.62760730E-39,-6.79974816E+04,-2.39962162E+03,-5.24475291E+01,-1.94798646E+00,6.79974947E+03,2.39962208E+02,6.72000000E+03,2.40000000E+02,7.76992984E+06,1.63109170E+09
3.00000000E+01,1.00000000E+00,3.00049133E-01,1.39977927E+08,2.56622274E+02,4.45902902E+03,-0.00000000E+00,-0.00000000E+00,-8.84676133E-34,-3.16727926E-35,2.03351075E+08,6.77861234E+06,2.03382746E-02,6.77966871E-04,-2.03287749E+08,-6.77645356E+06,-7.28196686E-01,-3.45066615E-02,-0.00000000E+00,-0.00000000E+00,4.71701280E-38,1.62760714E-39,-0.00000000E+00,-0.00000000E+00,4.71701280E-38,1.62760714E-39,-7.03971032E+04,-2.39962160E+03,-5.43955158E+01,-1.94798652E+00,7.03971168E+03,2.39962207E+02,6.96000000E+03,2.40000000E+02,7.76992979E+06,1.63109170E+09
3.10000000E+01,1.00000000E+00,3.00050629E-01,1.39977926E+08,2.56622273E+02,4.61866861E+03,-0.00000000E+00,-0.00000000E+00,-9.16348925E-34,-3.16727925E-35,2.10129701E+08,6.77862664E+06,2.10162429E-02,6.77968306E-04,-2.10064217E+08,-6.77646786E+06,-7.62703743E-01,-3.45072066E-02,-0.00000000E+00,-0.00000000E+00,4.87977351E-38,1.62760698E-39,-0.00000000E+00,-0.00000000E+00,4.87977351E-38,1.62760698E-39,-7.27967248E+04,-2.39962159E+03,-5.63435026E+01,-1.94798658E+00,7.27967388E+03,2.39962205E+02,7.20000000E+03,2.40000000E+02,7.76992974E+06,1.63109170E+09
3.20000000E+01,1.00000000E+00,3.00052124E-01,1.39977925E+08,2.56622272E+02,4.77830819E+03,-0.00000000E+00,-0.00000000E+00,-9.48021718E-34,-3.16727925E-35,2.16908342E+08,6.77864094E+06,2.16942127E-02,6.77969740E-04,-2.16840699E+08,-6.77648216E+06,-7.97211345E-01,-3.45077515E-02,-0.00000000E+00,-0.00000000E+00,5.04253419E-38,1.62760682E-39,-0.00000000E+00,-0.00000000E+00,5.04253419E-38,1.62760682E-39,-7.51963463E+04,-2.39962157E+03,-5.82914895E+01,-1.94798663E+00,7.51963609E+03,2.39962204E+02,7.44000000E+03,2.40000000E+02,7.76992970E+06,1.63109170E+09
3.30000000E+01,1.00000000E+00,3.00053619E-01,1.39977924E+08,2.56622272E+02,4.93794777E+03,-0.00000000E+00,-0.00000000E+00,-9.79694510E-34,-3.16727924E-35,2.23686997E+08,6.77865522E+06,2.23721838E-02,6.77971173E-04,-2.23617195E+08,-6.77649644E+06,-8.31719491E-01,-3.45082963E-02,-0.00000000E+00,-0.00000000E+00,5.20529486E-38,1.62760666E-39,-0.00000000E+00,-0.00000000E+00,5.20529486E-38,1.62760666E-39,-7.75959679E+04,-2.39962156E+03,-6.02394764E+01,-1.94798669E+00,7.75959829E+03,2.39962202E+02,7.68000000E+03,2.40000000E+02,7.76992965E+06,1.63109170E+09
3.40000000E+01,1.00000000E+00,3.00055114E-01,1.39977923E+08,2.56622271E+02,5.09758736E+03,-0.00000000E+00,-0.00000000E+00,-1.01136730E-33,-3.16727923E-35,2.30465667E+08,6.77866950E+06,2.30501564E-02,6.77972605E-04,-2.30393706E+08,-6.77651072E+06,-8.66228183E-01,-3.45088409E-02,-0.00000000E+00,-0.00000000E+00,5.36805552E-38,1.62760651E-39,-0.00000000E+00,-0.00000000E+00,5.36805552E-38,1.62760651E-39,-7.99955894E+04,-2.39962154E+03,-6.21874634E+01,-1.94798675E+00,7.99956049E+03,2.39962201E+02,7.92000000E+03,2.40000000E+02,7.76992960E+06,1.63109170E+09
3.50000000E+01,1.00000000E+00,3.00056608E-01,1.39977923E+08,2.56622270E+02,5.25722694E+03,-0.00000000E+00,-0.00000000E+00,-1.04304009E-33,-3.16727922E-35,2.37244351E+08,6.77868376E+06,2.37281305E-02,6.77974036E-04,-2.37170231E+08,-6.77652498E+06,-9.00737419E-01,-3.45093854E-02,-0.00000000E+00,-0.00000000E+00,5.53081616E-38,1.62760635E-39,-0.00000000E+00,-0.00000000E+00,5.53081616E-38,1.62760635E-39,-8.23952109E+04,-2.39962152E+03,-6.41354504E+01,-1.94798680E+00,8.23952269E+03,2.39962199E+02,8.16000000E+03,2.40000000E+02,7.76992955E+06,1.63109170E+09
3.60000000E+01,1.00000000E+00,3.00058102E-01,1.39977922E+08,2.56622270E+02,5.41686652E+03,-0.00000000E+00,-0.00000000E+00,-1.07471289E-33,-3.16727921E-35,2.44023049E+08,6.77869802E+06,2.44061059E-02,6.77975466E-04,-2.43946770E+08,-6.77653924E+06,-9.35247199E-01,-3.45099298E-02,-0.00000000E+00,-0.00000000E+00,5.69357678E-38,1.62760620E-39,-0.00000000E+00,-0.00000000E+00,5.69357678E-38,1.62760620E-39,-8.47948325E+04,-2.39962151E+03,-6.60834375E+01,-1.94798686E+00,8.47948489E+03,2.39962198E+02,8.40000000E+03,2.40000000E+02,7.76992950E+06,1.63109170E+09
3.70000000E+01,1.00000000E+00,3.00059595E-01,1.39977921E+08,2.56622269E+02,5.57650610E+03,-0.00000000E+00,-0.00000000E+00,-1.10638568E-33,-3.16727921E-35,2.50801761E+08,6.77871226E+06,2.50840828E-02,6.77976895E-04,-2.50723324E+08,-6.77655348E+06,-9.69757523E-01,-3.45104740E-02,-0.00000000E+00,-0.00000000E+00,5.85633739E-38,1.62760604E-39,-0.00000000E+00,-0.00000000E+00,5.85633739E-38,1.62760604E-39,-8.71944540E+04,-2.39962149E+03,-6.80314246E+01,-1.94798691E+00,8.71944708E+03,2.39962196E+02,8.64000000E+03,2.40000000E+02,7.76992945E+06,1.63109170E+09
3.80000000E+01,1.00000000E+00,3.00061088E-01,1.39977920E+08,2.56622268E+02,5.73614568E+03,-0.00000000E+00,-0.00000000E+00,-1.13805847E-33,-3.16727920E-35,2.57580487E+08,6.77872650E+06,2.57620612E-02,6.77978323E-04,-2.57499891E+08,-6.77656772E+06,-1.00426839E+00,-3.45110181E-02,-0.00000000E+00,-0.00000000E+00,6.01909798E-38,1.62760589E-39,-0.00000000E+00,-0.00000000E+00,6.01909798E-38,1.62760589E-39,-8.95940754E+04,-2.39962148E+03,-6.99794118E+01,-1.94798697E+00,8.95940928E+03,2.39962194E+02,8.88000000E+03,2.40000000E+02,7.76992940E+06,1.63109170E+09
3.90000000E+01,1.00000000E+00,3.00062581E-01,1.39977919E+08,2.56622268E+02,5.89578526E+03,-0.00000000E+00,-0.00000000E+00,-1.16973126E-33,-3.16727919E-35,2.64359228E+08,6.77874073E+06,2.64400409E-02,6.77979751E-04,-2.64276473E+08,-6.77658194E+06,-1.03877980E+00,-3.45115621E-02,-0.00000000E+00,-0.00000000E+00,6.18185856E-38,1.62760574E-39,-0.00000000E+00,-0.00000000E+00,6.18185856E-38,1.62760574E-39,-9.19936969E+04,-2.39962146E+03,-7.19273991E+01,-1.94798703E+00,9.19937147E+03,2.39962193E+02,9.12000000E+03,2.40000000E+02,7.76992935E+06,1.63109170E+09
4.00000000E+01,1.00000000E+00,3.00064073E-01,1.39977918E+08,2.56622267E+02,6.05542484E+03,-0.00000000E+00,-0.00000000E+00,-1.20140405E-33,-3.16727918E-35,2.71137983E+08,6.77875494E+06,2.71180221E-02,6.77981177E-04,-2.71053070E+08,-6.77659616E+06,-1.07329176E+00,-3.45121059E-02,-0.00000000E+00,-0.00000000E+00,6.34461912E-38,1.62760558E-39,-0.00000000E+00,-0.00000000E+00,6.34461912E-38,1.62760558E-39,-9.43933183E+04,-2.39962145E+03,-7.38753864E+01,-1.94798708E+00,9.43933366E+03,2.39962191E+02,9.36000000E+03,2.40000000E+02,7.76992931E+06,1.63109170E+09
4.10000000E+01,1.00000000E+00,3.00065564E-01,1.39977917E+08,2.56622266E+02,6.21506442E+03,-0.00000000E+00,-0.00000000E+00,-1.23307685E-33,-3.16727917E-35,2.77916752E+08,6.77876915E+06,2.77960047E-02,6.77982602E-04,-2.77829680E+08,-6.77661036E+06,-1.10780426E+00,-3.45126496E-02,-0.00000000E+00,-0.00000000E+00,6.50737967E-38,1.62760543E-39,-0.00000000E+00,-0.00000000E+00,6.50737967E-38,1.62760543E-39,-9.67929398E+04,-2.39962143E+03,-7.58233738E+01,-1.94798714E+00,9.67929585E+03,2.39962190E+02,9.60000000E+03,2.40000000E+02,7.76992926E+06,1.63109170E+09
4.20000000E+01,1.00000000E+00,3.00067056E-01,1.39977916E+08,2.56622266E+02,6.37470400E+03,-0.00000000E+00,-0.00000000E+00,-1.26474964E-33,-3.16727917E-35,2.84695536E+08,6.77878335E+06,2.84739887E-02,6.77984026E-04,-2.84606304E+08,-6.77662456E+06,-1.14231730E+00,-3.45131931E-02,-0.00000000E+00,-0.00000000E+00,6.67014020E-38,1.62760528E-39,-0.00000000E+00,-0.00000000E+00,6.67014020E-38,1.62760528E-39,-9.91925612E+04,-2.39962142E+03,-7.77713612E+01,-1.94798720E+00,9.91925804E+03,2.39962188E+02,9.84000000E+03,2.40000000E+02,7.76992921E+06,1.63109170E+09
4.30000000E+01,1.00000000E+00,3.00068547E-01,1.39977916E+08,2.56622265E+02,6.53434358E+03,-0.00000000E+00,-0.00000000E+00,-1.29642243E-33,-3.16727916E-35,2.91474333E+08,6.77879753E+06,2.91519742E-02,6.77985449E-04,-2.91382943E+08,-6.77663875E+06,-1.17683089E+00,-3.45137365E-02,-0.00000000E+00,-0.00000000E+00,6.83290072E-38,1.62760514E-39,-0.00000000E+00,-0.00000000E+00,6.83290072E-38,1.62760514E-39,-1.01592183E+05,-2.39962140E+03,-7.97193487E+01,-1.94798725E+00,1.01592202E+04,2.39962187E+02,1.00800000E+04,2.40000000E+02,7.76992916E+06,1.63109170E+09
4.40000000E+01,1.00000000E+00,3.00070037E-01,1.39977915E+08,2.56622264E+02,6.69398316E+03,-0.00000000E+00,-0.00000000E+00,-1.32809522E-33,-3.16727915E-35,2.98253145E+08,6.77881171E+06,2.98299610E-02,6.77986871E-04,-2.98159596E+08,-6.77665292E+06,-1.21134502E+00,-3.45142798E-02,-0.00000000E+00,-0.00000000E+00,6.99566122E-38,1.62760499E-39,-0.00000000E+00,-0.00000000E+00,6.99566122E-38,1.62760499E-39,-1.03991804E+05,-2.39962139E+03,-8.16673362E+01,-1.94798731E+00,1.03991824E+04,2.39962185E+02,1.03200000E+04,2.40000000E+02,7.76992911E+06,1.63109170E+09
4.50000000E+01,1.00000000E+00,3.00071527E-01,1.39977914E+08,2.56622264E+02,6.85362274E+03,-0.00000000E+00,-0.00000000E+00,-1.35976801E-33,-3.16727914E-35,3.05031971E+08,6.77882588E+06,3.05079493E-02,6.77988293E-04,-3.04936263E+08,-6.77666709E+06,-1.24585970E+00,-3.45148229E-02,-0.00000000E+00,-0.00000000E+00,7.15842171E-38,1.62760484E-39,-0.00000000E+00,-0.00000000E+00,7.15842171E-38,1.62760484E-39,-1.06391425E+05,-2.39962137E+03,-8.36153238E+01,-1.94798736E+00,1.06391446E+04,2.39962184E+02,1.05600000E+04,2.40000000E+02,7.76992906E+06,1.63109170E+09
4.60000000E+01,1.00000000E+00,3.00073017E-01,1.39977913E+08,2.56622263E+02,7.01326231E+03,-0.00000000E+00,-0.00000000E+00,-1.39144080E-33,-3.16727913E-35,3.11810811E+08,6.77884004E+06,3.11859390E-02,6.77989713E-04,-3.11712944E+08,-6.77668125E+06,-1.28037491E+00,-3.45153659E-02,-0.00000000E+00,-0.00000000E+00,7.32118218E-38,1.62760469E-39,-0.00000000E+00,-0.00000000E+00,7.32118218E-38,1.62760469E-39,-1.08791047E+05,-2.39962136E+03,-8.55633115E+01,-1.94798742E+00,1.08791068E+04,2.39962182E+02,1.08000000E+04,2.40000000E+02,7.76992902E+06,1.63109170E+09
4.70000000E+01,1.00000000E+00,3.00074506E-01,1.39977912E+08,2.56622263E+02,7.17290189E+03,-0.00000000E+00,-0.00000000E+00,-1.42311360E-33,-3.16727913E-35,3.18589665E+08,6.77885419E+06,3.18639302E-02,6.77991132E-04,-3.18489640E+08,-6.77669540E+06,-1.31489067E+00,-3.45159088E-02,-0.00000000E+00,-0.00000000E+00,7.48394264E-38,1.62760455E-39,-0.00000000E+00,-0.00000000E+00,7.48394264E-38,1.62760455E-39,-1.11190668E+05,-2.39962134E+03,-8.75112992E+01,-1.94798748E+00,1.11190690E+04,2.39962181E+02,1.10400000E+04,2.40000000E+02,7.76992897E+06,1.63109170E+09
4.80000000E+01,1.00000000E+00,3.00075995E-01,1.39977911E+08,2.56622262E+02,7.33254147E+03,-0.00000000E+00,-0.00000000E+00,-1.45478639E-33,-3.16727912E-35,3.25368533E+08,6.77886833E+06,3.25419227E-02,6.77992551E-04,-3.25266349E+08,-6.77670954E+06,-1.34940698E+00,-3.45164515E-02,-0.00000000E+00,-0.00000000E+00,7.64670309E-38,1.62760441E-39,-0.00000000E+00,-0.00000000E+00,7.64670309E-38,1.62760441E-39,-1.13590289E+05,-2.39962133E+03,-8.94592869E+01,-1.94798753E+00,1.13590311E+04,2.39962179E+02,1.12800000E+04,2.40000000E+02,7.76992892E+06,1.63109170E+09
4.90000000E+01,1.00000000E+00,3.00077484E-01,1.39977910E+08,2.56622261E+02,7.49218104E+03,-0.00000000E+00,-0.00000000E+00,-1.48645918E-33,-3.16727911E-35,3.32147416E+08,6.77888246E+06,3.32199167E-02,6.77993968E-04,-3.32043073E+08,-6.77672367E+06,-1.38392382E+00,-3.45169941E-02,-0.00000000E+00,-0.00000000E+00,7.80946352E-38,1.62760426E-39,-0.00000000E+00,-0.00000000E+00,7.80946352E-38,1.62760426E-39,-1.15989911E+05,-2.39962131E+03,-9.14072747E+01,-1.94798759E+00,1.15989933E+04,2.39962178E+02,1.15200000E+04,2.40000000E+02,7.76992887E+06,1.63109170E+09
5.00000000E+01,1.00000000E+00,3.00078972E-01,1.39977910E+08,2.56622261E+02,7.65182062E+03,-0.00000000E+00,-0.00000000E+00,-1.51813197E-33,-3.16727910E-35,3.38926312E+08,6.77889658E+06,3.38979121E-02,6.77995385E-04,-3.38819811E+08,-6.77673779E+06,-1.41844121E+00,-3.45175366E-02,-0.00000000E+00,-0.00000000E+00,7.97222393E-38,1.62760412E-39,-0.00000000E+00,-0.00000000E+00,7.97222393E-38,1.62760412E-39,-1.18389532E+05,-2.39962130E+03,-9.33552626E+01,-1.94798765E+00,1.18389555E+04,2.39962176E+02,1.17600000E+04,2.40000000E+02,7.76992882E+06,1.63109170E+09
