Time [d],dt_flow [d],dt_tran [d],Global Water Mass in Liquid Phas [kg],Global Vaq [mol],Global Vim [mol],Top Water Mass [kg],Top Water Mass [kg/d],Top Vaq [mol],Top Vaq [mol/d],Right Water Mass [kg],Right Water Mass [kg/d],Right Vaq [mol],Right Vaq [mol/d],Left Water Mass [kg],Left Water Mass [kg/d],Left Vaq [mol],Left Vaq [mol/d],North Water Mass [kg],North Water Mass [kg/d],North Vaq [mol],North Vaq [mol/d],South Water Mass [kg],South Water Mass [kg/d],South Vaq [mol],South Vaq [mol/d],ExtractWell Water Mass [kg],ExtractWell Water Mass [kg/d],ExtractWell Vaq [mol],ExtractWell Vaq [mol/d],InjectWell Water Mass [kg],InjectWell Water Mass [kg/d],InjectWell Vaq [mol],InjectWell Vaq [mol/d],Region Region__all Water Mass [kg],Region Region__all Total Mass [kg]
1.00000000E+00,4.89000000E-01,9.00000000E-03,1.39978015E+08,5.87179718E-03,5.69167463E-03,-0.00000000E+00,-0.00000000E+00,6.06635975E-40,1.00325246E-39,8.34134817E+06,8.34154519E+06,8.34263957E-04,8.34283664E-04,-8.34062350E+06,-8.34044414E+06,-5.35940022E-04,-3.37104065E-04,-0.00000000E+00,-0.00000000E+00,6.02868162E-40,9.97021414E-40,-0.00000000E+00,-0.00000000E+00,6.02868162E-40,9.97021414E-40,-8.08070683E+02,-1.22620741E+03,-4.49587981E-08,-4.95607422E-08,8.08071398E+01,1.22620849E+02,8.08197600E-09,1.22640000E-08,7.76993466E+06,1.63109144E+09
2.00000000E+00,4.88000000E-01,8.00000000E-03,1.39978012E+08,1.55278987E+02,5.68325967E+01,-0.00000000E+00,-0.00000000E+00,-1.12728449E-35,-1.91641356E-35,1.66834346E+07,8.34209837E+06,1.66860176E-03,8.34338999E-04,-1.66805527E+07,-8.33994110E+06,-7.54027707E-04,-1.34806125E-04,-0.00000000E+00,-0.00000000E+00,1.82663180E-39,1.37916432E-39,-0.00000000E+00,-0.00000000E+00,1.82663180E-39,1.37916432E-39,-3.20769375E+03,-2.39962306E+03,-1.64153233E-04,-1.13811153E-03,3.20769659E+02,2.39962519E+02,2.40000000E+02,2.40000000E+02,7.76993452E+06,1.63109160E+09
3.00000000E+00,1.00000000E+00,5.60000000E-02,1.39978010E+08,2.17103262E+02,1.76324052E+02,-0.00000000E+00,-0.00000000E+00,-3.49797391E-35,-2.67950175E-35,2.50255778E+07,8.34214320E+06,2.50294525E-03,8.34343491E-04,-2.50205385E+07,-8.33998579E+06,-8.40882504E-04,-5.42486960E-05,-0.00000000E+00,-0.00000000E+00,3.29138909E-39,1.52168251E-39,-0.00000000E+00,-0.00000000E+00,3.29138909E-39,1.52168251E-39,-5.60731677E+03,-2.39962301E+03,-1.81958874E-02,-4.87312773E-02,5.60732175E+02,2.39962515E+02,4.80000000E+02,2.40000000E+02,7.76993440E+06,1.63109166E+09
4.00000000E+00,1.00000000E+00,4.00000000E-02,1.39978008E+08,2.41842539E+02,3.20628177E+02,-0.00000000E+00,-0.00000000E+00,-6.36097819E-35,-2.98485511E-35,3.33677630E+07,8.34218518E+06,3.33729295E-03,8.34347698E-04,-3.33605661E+07,-8.34002763E+06,-8.75736469E-04,-2.20002528E-05,-0.00000000E+00,-0.00000000E+00,4.84540988E-39,1.57502619E-39,-0.00000000E+00,-0.00000000E+00,4.84540988E-39,1.57502619E-39,-8.00693974E+03,-2.39962298E+03,-1.26276828E-01,-1.62362607E-01,8.00694687E+02,2.39962512E+02,7.20000000E+02,2.40000000E+02,7.76993428E+06,1.63109168E+09
5.00000000E+00,1.00000000E+00,4.00000000E-02,1.39978006E+08,2.51784502E+02,4.74791406E+02,-0.00000000E+00,-0.00000000E+00,-9.41959961E-35,-3.10756734E-35,4.17099874E+07,8.34222438E+06,4.17164458E-03,8.34351626E-04,-4.17006328E+07,-8.34006668E+06,-8.91489718E-04,-1.48946065E-05,-0.00000000E+00,-0.00000000E+00,6.43259276E-39,1.59506503E-39,-0.00000000E+00,-0.00000000E+00,6.43259276E-39,1.59506503E-39,-1.04065627E+04,-2.39962294E+03,-3.32040201E-01,-2.34488195E-01,1.04065720E+03,2.39962510E+02,9.60000000E+02,2.40000000E+02,7.76993417E+06,1.63109169E+09
6.00000000E+00,1.00000000E+00,4.00000000E-02,1.39978004E+08,2.55778898E+02,6.32914850E+02,-0.00000000E+00,-0.00000000E+00,-1.25567967E-34,-3.15686960E-35,5.00522483E+07,8.34226096E+06,5.00599987E-03,8.34355293E-04,-5.00407360E+07,-8.34010314E+06,-9.40296490E-04,-1.17982782E-04,-0.00000000E+00,-0.00000000E+00,8.03220160E-39,1.60254876E-39,-0.00000000E+00,-0.00000000E+00,8.03220160E-39,1.60254876E-39,-1.28061856E+04,-2.39962291E+03,-5.80766514E-01,-2.56574450E-01,1.28061970E+03,2.39962507E+02,1.20000000E+03,2.40000000E+02,7.76993407E+06,1.63109170E+09
7.00000000E+00,1.00000000E+00,7.20000000E-02,1.39978002E+08,2.57368850E+02,7.92643490E+02,-0.00000000E+00,-0.00000000E+00,-1.57258430E-34,-3.17649415E-35,5.83945435E+07,8.34229521E+06,5.84035860E-03,8.34358726E-04,-5.83808732E+07,-8.34013727E+06,-1.37241227E-03,-8.50800287E-04,-0.00000000E+00,-0.00000000E+00,9.63646997E-39,1.60529082E-39,-0.00000000E+00,-0.00000000E+00,9.63646997E-39,1.60529082E-39,-1.52058085E+04,-2.39962289E+03,-8.40252469E-01,-2.60815406E-01,1.52058221E+03,2.39962505E+02,1.44000000E+03,2.40000000E+02,7.76993398E+06,1.63109170E+09
8.00000000E+00,1.00000000E+00,4.00000000E-02,1.39978001E+08,2.58019309E+02,9.53000043E+02,-0.00000000E+00,-0.00000000E+00,-1.89073478E-34,-3.18452267E-35,6.67368710E+07,8.34232749E+06,6.67472056E-03,8.34361963E-04,-6.67210427E+07,-8.34016945E+06,-3.30281968E-03,-3.07334654E-03,-0.00000000E+00,-0.00000000E+00,1.12424092E-38,1.60631809E-39,-0.00000000E+00,-0.00000000E+00,1.12424092E-38,1.60631809E-39,-1.76054313E+04,-2.39962286E+03,-1.10153066E+00,-2.61472846E-01,1.76054471E+03,2.39962503E+02,1.68000000E+03,2.40000000E+02,7.76993389E+06,1.63109170E+09
9.00000000E+00,1.00000000E+00,4.00000000E-02,1.39977999E+08,2.58285361E+02,1.11361213E+03,-0.00000000E+00,-0.00000000E+00,-2.20939227E-34,-3.18780652E-35,7.50792292E+07,8.34235818E+06,7.50908560E-03,8.34365041E-04,-7.50612427E+07,-8.34020006E+06,-8.39536803E-03,-6.91911486E-03,-0.00000000E+00,-0.00000000E+00,1.28489697E-38,1.60670153E-39,-0.00000000E+00,-0.00000000E+00,1.28489697E-38,1.60670153E-39,-2.00050542E+04,-2.39962284E+03,-1.36306553E+00,-2.61559890E-01,2.00050721E+03,2.39962500E+02,1.92000000E+03,2.40000000E+02,7.76993380E+06,1.63109170E+09
1.00000000E+01,1.00000000E+00,4.00000000E-02,1.39977998E+08,2.58392343E+02,1.27432801E+03,-0.00000000E+00,-0.00000000E+00,-2.52825571E-34,-3.18912697E-35,8.34216169E+07,8.34238767E+06,8.34345360E-03,8.34367998E-04,-8.34014722E+07,-8.34022948E+06,-1.77622466E-02,-1.13292114E-02,-0.00000000E+00,-0.00000000E+00,1.44557607E-38,1.60684297E-39,-0.00000000E+00,-0.00000000E+00,1.44557607E-38,1.60684297E-39,-2.24046770E+04,-2.39962281E+03,-1.62463333E+00,-2.61571087E-01,2.24046971E+03,2.39962498E+02,2.16000000E+03,2.40000000E+02,7.76993372E+06,1.63109170E+09
1.10000000E+01,1.00000000E+00,1.04000000E-01,1.39977996E+08,2.58432933E+02,1.43508559E+03,-0.00000000E+00,-0.00000000E+00,-2.84720189E-34,-3.18962798E-35,9.17640332E+07,8.34241627E+06,9.17782446E-03,8.34370867E-04,-9.17417303E+07,-8.34025805E+06,-3.13403242E-02,-1.49458161E-02,-0.00000000E+00,-0.00000000E+00,1.60626373E-38,1.60689309E-39,-0.00000000E+00,-0.00000000E+00,1.60626373E-38,1.60689309E-39,-2.48042998E+04,-2.39962279E+03,-1.88620606E+00,-2.61573469E-01,2.48043220E+03,2.39962496E+02,2.40000000E+03,2.40000000E+02,7.76993364E+06,1.63109170E+09
1.20000000E+01,1.00000000E+00,2.32000000E-01,1.39977995E+08,2.58448363E+02,1.59585812E+03,-0.00000000E+00,-0.00000000E+00,-3.16617772E-34,-3.18981842E-35,1.00106477E+08,8.34244428E+06,1.00121981E-02,8.34373676E-04,-1.00082016E+08,-8.34028602E+06,-4.77976135E-02,-1.72668080E-02,-0.00000000E+00,-0.00000000E+00,1.76695430E-38,1.60691145E-39,-0.00000000E+00,-0.00000000E+00,1.76695430E-38,1.60691145E-39,-2.72039225E+04,-2.39962277E+03,-2.14778052E+00,-2.61574964E-01,2.72039470E+03,2.39962493E+02,2.64000000E+03,2.40000000E+02,7.76993356E+06,1.63109170E+09
1.30000000E+01,1.00000000E+00,2.32000000E-01,1.39977993E+08,2.58454021E+02,1.75663610E+03,-0.00000000E+00,-0.00000000E+00,-3.48516438E-34,-3.18988826E-35,1.08448949E+08,8.34247187E+06,1.08465746E-02,8.34376443E-04,-1.08422330E+08,-8.34031359E+06,-6.58924920E-02,-1.85145416E-02,-0.00000000E+00,-0.00000000E+00,1.92764590E-38,1.60691805E-39,-0.00000000E+00,-0.00000000E+00,1.92764590E-38,1.60691805E-39,-2.96035453E+04,-2.39962274E+03,-2.40935640E+00,-2.61576364E-01,2.96035719E+03,2.39962491E+02,2.88000000E+03,2.40000000E+02,7.76993348E+06,1.63109170E+09
1.40000000E+01,1.00000000E+00,7.54575838E-02,1.39977992E+08,2.58455969E+02,1.91741603E+03,-0.00000000E+00,-0.00000000E+00,-3.80415488E-34,-3.18991230E-35,1.16791449E+08,8.34249920E+06,1.16809538E-02,8.34379185E-04,-1.16762671E+08,-8.34034091E+06,-8.47997848E-02,-1.90913812E-02,-0.00000000E+00,-0.00000000E+00,2.08833786E-38,1.60692024E-39,-0.00000000E+00,-0.00000000E+00,2.08833786E-38,1.60692024E-39,-3.20031680E+04,-2.39962272E+03,-2.67093368E+00,-2.61577744E-01,3.20031968E+03,2.39962489E+02,3.12000000E+03,2.40000000E+02,7.76993341E+06,1.63109170E+09
1.50000000E+01,1.00000000E+00,2.88645824E-01,1.39977991E+08,2.58456602E+02,2.07819660E+03,-0.00000000E+00,-0.00000000E+00,-4.12314667E-34,-3.18992011E-35,1.25133975E+08,8.34252636E+06,1.25153357E-02,8.34381910E-04,-1.25103039E+08,-8.34036806E+06,-1.04057246E-01,-1.93275751E-02,-0.00000000E+00,-0.00000000E+00,2.24902992E-38,1.60692080E-39,-0.00000000E+00,-0.00000000E+00,2.24902992E-38,1.60692080E-39,-3.44027907E+04,-2.39962270E+03,-2.93251235E+00,-2.61579106E-01,3.44028216E+03,2.39962486E+02,3.36000000E+03,2.40000000E+02,7.76993333E+06,1.63109170E+09
1.60000000E+01,1.00000000E+00,1.46377406E-01,1.39977989E+08,2.58456800E+02,2.23897737E+03,-0.00000000E+00,-0.00000000E+00,-4.44213886E-34,-3.18992256E-35,1.33476528E+08,8.34255342E+06,1.33497203E-02,8.34384624E-04,-1.33443434E+08,-8.34039511E+06,-1.23448280E-01,-1.94170645E-02,-0.00000000E+00,-0.00000000E+00,2.40972200E-38,1.60692079E-39,-0.00000000E+00,-0.00000000E+00,2.40972200E-38,1.60692079E-39,-3.68024134E+04,-2.39962267E+03,-3.19409238E+00,-2.61580469E-01,3.68024465E+03,2.39962484E+02,3.60000000E+03,2.40000000E+02,7.76993326E+06,1.63109170E+09
1.70000000E+01,1.00000000E+00,1.46380189E-01,1.39977988E+08,2.58456859E+02,2.39975821E+03,-0.00000000E+00,-0.00000000E+00,-4.76113117E-34,-3.18992328E-35,1.41819109E+08,8.34258041E+06,1.41841076E-02,8.34387332E-04,-1.41783856E+08,-8.34042210E+06,-1.42887764E-01,-1.94484479E-02,-0.00000000E+00,-0.00000000E+00,2.57041406E-38,1.60692058E-39,-0.00000000E+00,-0.00000000E+00,2.57041406E-38,1.60692058E-39,-3.92020360E+04,-2.39962265E+03,-3.45567378E+00,-2.61581835E-01,3.92020713E+03,2.39962482E+02,3.84000000E+03,2.40000000E+02,7.76993318E+06,1.63109170E+09
1.80000000E+01,1.00000000E+00,1.46382968E-01,1.39977987E+08,2.58456874E+02,2.56053905E+03,-0.00000000E+00,-0.00000000E+00,-5.08012351E-34,-3.18992347E-35,1.50161716E+08,8.34260736E+06,1.50184977E-02,8.34390035E-04,-1.50124305E+08,-8.34044904E+06,-1.62343733E-01,-1.94589217E-02,-0.00000000E+00,-0.00000000E+00,2.73110610E-38,1.60692029E-39,-0.00000000E+00,-0.00000000E+00,2.73110610E-38,1.60692029E-39,-4.16016586E+04,-2.39962263E+03,-3.71725654E+00,-2.61583201E-01,4.16016961E+03,2.39962479E+02,4.08000000E+03,2.40000000E+02,7.76993311E+06,1.63109170E+09
1.90000000E+01,1.00000000E+00,1.46385745E-01,1.39977985E+08,2.58456876E+02,2.72131991E+03,-0.00000000E+00,-0.00000000E+00,-5.39911586E-34,-3.18992350E-35,1.58504350E+08,8.34263427E+06,1.58528904E-02,8.34392734E-04,-1.58464781E+08,-8.34047595E+06,-1.81805190E-01,-1.94624497E-02,-0.00000000E+00,-0.00000000E+00,2.89179811E-38,1.60691998E-39,-0.00000000E+00,-0.00000000E+00,2.89179811E-38,1.60691998E-39,-4.40012813E+04,-2.39962260E+03,-3.97884067E+00,-2.61584566E-01,4.40013209E+03,2.39962477E+02,4.32000000E+03,2.40000000E+02,7.76993303E+06,1.63109170E+09
2.00000000E+01,1.00000000E+00,1.46388520E-01,1.39977984E+08,2.58456876E+02,2.88210076E+03,-0.00000000E+00,-0.00000000E+00,-5.71810821E-34,-3.18992349E-35,1.66847011E+08,8.34266115E+06,1.66872858E-02,8.34395431E-04,-1.66805284E+08,-8.34050284E+06,-2.01268619E-01,-1.94638252E-02,-0.00000000E+00,-0.00000000E+00,3.05249009E-38,1.60691966E-39,-0.00000000E+00,-0.00000000E+00,3.05249009E-38,1.60691966E-39,-4.64009038E+04,-2.39962258E+03,-4.24042616E+00,-2.61585930E-01,4.64009456E+03,2.39962475E+02,4.56000000E+03,2.40000000E+02,7.76993296E+06,1.63109170E+09
2.10000000E+01,1.00000000E+00,1.46391294E-01,1.39977983E+08,2.58456874E+02,3.04288161E+03,-0.00000000E+00,-0.00000000E+00,-6.03710056E-34,-3.18992347E-35,1.75189699E+08,8.34268802E+06,1.75216840E-02,8.34398126E-04,-1.75145814E+08,-8.34052970E+06,-2.20732967E-01,-1.94645708E-02,-0.00000000E+00,-0.00000000E+00,3.21318203E-38,1.60691935E-39,-0.00000000E+00,-0.00000000E+00,3.21318203E-38,1.60691935E-39,-4.88005264E+04,-2.39962256E+03,-4.50201301E+00,-2.61587292E-01,4.88005703E+03,2.39962472E+02,4.80000000E+03,2.40000000E+02,7.76993289E+06,1.63109170E+09
2.20000000E+01,1.00000000E+00,1.46394066E-01,1.39977981E+08,2.58456872E+02,3.20366247E+03,-0.00000000E+00,-0.00000000E+00,-6.35609291E-34,-3.18992345E-35,1.83532414E+08,8.34271486E+06,1.83560848E-02,8.34400818E-04,-1.83486370E+08,-8.34055654E+06,-2.40197935E-01,-1.94651434E-02,-0.00000000E+00,-0.00000000E+00,3.37387394E-38,1.60691903E-39,-0.00000000E+00,-0.00000000E+00,3.37387394E-38,1.60691903E-39,-5.12001489E+04,-2.39962253E+03,-4.76360123E+00,-2.61588655E-01,5.12001950E+03,2.39962470E+02,5.04000000E+03,2.40000000E+02,7.76993281E+06,1.63109170E+09
2.30000000E+01,1.00000000E+00,1.46396838E-01,1.39977980E+08,2.58456870E+02,3.36444332E+03,-0.00000000E+00,-0.00000000E+00,-6.67508525E-34,-3.18992342E-35,1.91875156E+08,8.34274168E+06,1.91904883E-02,8.34403509E-04,-1.91826953E+08,-8.34058336E+06,-2.59663437E-01,-1.94656663E-02,-0.00000000E+00,-0.00000000E+00,3.53456583E-38,1.60691872E-39,-0.00000000E+00,-0.00000000E+00,3.53456583E-38,1.60691872E-39,-5.35997714E+04,-2.39962251E+03,-5.02519080E+00,-2.61590016E-01,5.35998197E+03,2.39962468E+02,5.28000000E+03,2.40000000E+02,7.76993274E+06,1.63109170E+09
2.40000000E+01,1.00000000E+00,1.46399609E-01,1.39977979E+08,2.58456868E+02,3.52522416E+03,-0.00000000E+00,-0.00000000E+00,-6.99407759E-34,-3.18992340E-35,2.00217925E+08,8.34276848E+06,2.00248945E-02,8.34406197E-04,-2.00167564E+08,-8.34061016E+06,-2.79129455E-01,-1.94661786E-02,-0.00000000E+00,-0.00000000E+00,3.69525768E-38,1.60691841E-39,-0.00000000E+00,-0.00000000E+00,3.69525768E-38,1.60691841E-39,-5.59993939E+04,-2.39962249E+03,-5.28678174E+00,-2.61591379E-01,5.59994444E+03,2.39962465E+02,5.52000000E+03,2.40000000E+02,7.76993266E+06,1.63109170E+09
2.50000000E+01,1.00000000E+00,1.46402379E-01,1.39977977E+08,2.58456866E+02,3.68600501E+03,-0.00000000E+00,-0.00000000E+00,-7.31306993E-34,-3.18992337E-35,2.08560720E+08,8.34279526E+06,2.08593034E-02,8.34408883E-04,-2.08508201E+08,-8.34063694E+06,-2.98595984E-01,-1.94666890E-02,-0.00000000E+00,-0.00000000E+00,3.85594950E-38,1.60691810E-39,-0.00000000E+00,-0.00000000E+00,3.85594950E-38,1.60691810E-39,-5.83990164E+04,-2.39962246E+03,-5.54837404E+00,-2.61592741E-01,5.83990690E+03,2.39962463E+02,5.76000000E+03,2.40000000E+02,7.76993259E+06,1.63109170E+09
2.60000000E+01,1.00000000E+00,1.46405149E-01,1.39977976E+08,2.58456864E+02,3.84678586E+03,-0.00000000E+00,-0.00000000E+00,-7.63206226E-34,-3.18992335E-35,2.16903542E+08,8.34282202E+06,2.16937149E-02,8.34411568E-04,-2.16848864E+08,-8.34066370E+06,-3.18063022E-01,-1.94671996E-02,-0.00000000E+00,-0.00000000E+00,4.01664128E-38,1.60691780E-39,-0.00000000E+00,-0.00000000E+00,4.01664128E-38,1.60691780E-39,-6.07986388E+04,-2.39962244E+03,-5.80996771E+00,-2.61594103E-01,6.07986936E+03,2.39962461E+02,6.00000000E+03,2.40000000E+02,7.76993251E+06,1.63109170E+09
2.70000000E+01,1.00000000E+00,1.46407918E-01,1.39977975E+08,2.58456862E+02,4.00756670E+03,-0.00000000E+00,-0.00000000E+00,-7.95105460E-34,-3.18992332E-35,2.25246391E+08,8.34284876E+06,2.25281292E-02,8.34414251E-04,-2.25189555E+08,-8.34069044E+06,-3.37530572E-01,-1.94677107E-02,-0.00000000E+00,-0.00000000E+00,4.17733304E-38,1.60691749E-39,-0.00000000E+00,-0.00000000E+00,4.17733304E-38,1.60691749E-39,-6.31982612E+04,-2.39962242E+03,-6.07156273E+00,-2.61595464E-01,6.31983182E+03,2.39962458E+02,6.24000000E+03,2.40000000E+02,7.76993244E+06,1.63109170E+09
2.80000000E+01,1.00000000E+00,1.46410686E-01,1.39977973E+08,2.58456860E+02,4.16834755E+03,-0.00000000E+00,-0.00000000E+00,-8.27004693E-34,-3.18992330E-35,2.33589266E+08,8.34287549E+06,2.33625461E-02,8.34416931E-04,-2.33530272E+08,-8.34071716E+06,-3.56998634E-01,-1.94682223E-02,-0.00000000E+00,-0.00000000E+00,4.33802477E-38,1.60691719E-39,-0.00000000E+00,-0.00000000E+00,4.33802477E-38,1.60691719E-39,-6.55978836E+04,-2.39962239E+03,-6.33315912E+00,-2.61596824E-01,6.55979427E+03,2.39962456E+02,6.48000000E+03,2.40000000E+02,7.76993237E+06,1.63109170E+09
2.90000000E+01,1.00000000E+00,1.46413453E-01,1.39977972E+08,2.58456858E+02,4.32912839E+03,-0.00000000E+00,-0.00000000E+00,-8.58903926E-34,-3.18992327E-35,2.41932168E+08,8.34290219E+06,2.41969657E-02,8.34419610E-04,-2.41871016E+08,-8.34074387E+06,-3.76467207E-01,-1.94687342E-02,-0.00000000E+00,-0.00000000E+00,4.49871647E-38,1.60691688E-39,-0.00000000E+00,-0.00000000E+00,4.49871647E-38,1.60691688E-39,-6.79975060E+04,-2.39962237E+03,-6.59475686E+00,-2.61598184E-01,6.79975673E+03,2.39962454E+02,6.72000000E+03,2.40000000E+02,7.76993229E+06,1.63109170E+09
3.00000000E+01,1.00000000E+00,1.46416220E-01,1.39977971E+08,2.58456856E+02,4.48990923E+03,-0.00000000E+00,-0.00000000E+00,-8.90803158E-34,-3.18992325E-35,2.50275097E+08,8.34292888E+06,2.50313880E-02,8.34422287E-04,-2.50211786E+08,-8.34077055E+06,-3.95936292E-01,-1.94692462E-02,-0.00000000E+00,-0.00000000E+00,4.65940814E-38,1.60691659E-39,-0.00000000E+00,-0.00000000E+00,4.65940814E-38,1.60691659E-39,-7.03971284E+04,-2.39962235E+03,-6.85635597E+00,-2.61599544E-01,7.03971918E+03,2.39962452E+02,6.96000000E+03,2.40000000E+02,7.76993222E+06,1.63109170E+09
3.10000000E+01,1.00000000E+00,1.46418986E-01,1.39977969E+08,2.58456854E+02,4.65069007E+03,-0.00000000E+00,-0.00000000E+00,-9.22702390E-34,-3.18992322E-35,2.58618053E+08,8.34295555E+06,2.58658130E-02,8.34424962E-04,-2.58552584E+08,-8.34079722E+06,-4.15405889E-01,-1.94697583E-02,-0.00000000E+00,-0.00000000E+00,4.82009977E-38,1.60691629E-39,-0.00000000E+00,-0.00000000E+00,4.82009977E-38,1.60691629E-39,-7.27967507E+04,-2.39962232E+03,-7.11795643E+00,-2.61600903E-01,7.27968163E+03,2.39962449E+02,7.20000000E+03,2.40000000E+02,7.76993214E+06,1.63109170E+09
3.20000000E+01,1.00000000E+00,1.46421751E-01,1.39977968E+08,2.58456852E+02,4.81147091E+03,-0.00000000E+00,-0.00000000E+00,-9.54601623E-34,-3.18992320E-35,2.66961035E+08,8.34298219E+06,2.67002406E-02,8.34427636E-04,-2.66893407E+08,-8.34082387E+06,-4.34875998E-01,-1.94702703E-02,-0.00000000E+00,-0.00000000E+00,4.98079138E-38,1.60691599E-39,-0.00000000E+00,-0.00000000E+00,4.98079138E-38,1.60691599E-39,-7.51963730E+04,-2.39962230E+03,-7.37955826E+00,-2.61602262E-01,7.51964408E+03,2.39962447E+02,7.44000000E+03,2.40000000E+02,7.76993207E+06,1.63109170E+09
3.30000000E+01,1.00000000E+00,1.46424515E-01,1.39977967E+08,2.58456850E+02,4.97225175E+03,-0.00000000E+00,-0.00000000E+00,-9.86500854E-34,-3.18992317E-35,2.75304044E+08,8.34300882E+06,2.75346709E-02,8.34430307E-04,-2.75234258E+08,-8.34085049E+06,-4.54346619E-01,-1.94707822E-02,-0.00000000E+00,-0.00000000E+00,5.14148296E-38,1.60691570E-39,-0.00000000E+00,-0.00000000E+00,5.14148296E-38,1.60691570E-39,-7.75959953E+04,-2.39962228E+03,-7.64116144E+00,-2.61603621E-01,7.75960652E+03,2.39962445E+02,7.68000000E+03,2.40000000E+02,7.76993200E+06,1.63109170E+09
3.40000000E+01,1.00000000E+00,1.46427279E-01,1.39977965E+08,2.58456848E+02,5.13303258E+03,-0.00000000E+00,-0.00000000E+00,-1.01840009E-33,-3.18992315E-35,2.83647079E+08,8.34303544E+06,2.83691039E-02,8.34432976E-04,-2.83575135E+08,-8.34087711E+06,-4.73817752E-01,-1.94712940E-02,-0.00000000E+00,-0.00000000E+00,5.30217451E-38,1.60691540E-39,-0.00000000E+00,-0.00000000E+00,5.30217451E-38,1.60691540E-39,-7.99956175E+04,-2.39962226E+03,-7.90276598E+00,-2.61604979E-01,7.99956896E+03,2.39962442E+02,7.92000000E+03,2.40000000E+02,7.76993192E+06,1.63109170E+09
3.50000000E+01,1.00000000E+00,1.46430042E-01,1.39977964E+08,2.58456846E+02,5.29381342E+03,-0.00000000E+00,-0.00000000E+00,-1.05029932E-33,-3.18992312E-35,2.91990141E+08,8.34306203E+06,2.92035395E-02,8.34435644E-04,-2.91916039E+08,-8.34090370E+06,-4.93289396E-01,-1.94718056E-02,-0.00000000E+00,-0.00000000E+00,5.46286603E-38,1.60691511E-39,-0.00000000E+00,-0.00000000E+00,5.46286603E-38,1.60691511E-39,-8.23952397E+04,-2.39962223E+03,-8.16437188E+00,-2.61606337E-01,8.23953140E+03,2.39962440E+02,8.16000000E+03,2.40000000E+02,7.76993185E+06,1.63109170E+09
3.60000000E+01,1.00000000E+00,1.46432804E-01,1.39977963E+08,2.58456844E+02,5.45459425E+03,-0.00000000E+00,-0.00000000E+00,-1.08219855E-33,-3.18992310E-35,3.00333230E+08,8.34308860E+06,3.00379778E-02,8.34438310E-04,-3.00256969E+08,-8.34093027E+06,-5.12761553E-01,-1.94723171E-02,-0.00000000E+00,-0.00000000E+00,5.62355752E-38,1.60691483E-39,-0.00000000E+00,-0.00000000E+00,5.62355752E-38,1.60691483E-39,-8.47948620E+04,-2.39962221E+03,-8.42597914E+00,-2.61607695E-01,8.47949384E+03,2.39962438E+02,8.40000000E+03,2.40000000E+02,7.76993177E+06,1.63109170E+09
3.70000000E+01,1.00000000E+00,1.46435565E-01,1.39977961E+08,2.58456842E+02,5.61537508E+03,-0.00000000E+00,-0.00000000E+00,-1.11409778E-33,-3.18992307E-35,3.08676345E+08,8.34311516E+06,3.08724188E-02,8.34440974E-04,-3.08597926E+08,-8.34095683E+06,-5.32234220E-01,-1.94728285E-02,-0.00000000E+00,-0.00000000E+00,5.78424898E-38,1.60691454E-39,-0.00000000E+00,-0.00000000E+00,5.78424898E-38,1.60691454E-39,-8.71944841E+04,-2.39962219E+03,-8.68758775E+00,-2.61609052E-01,8.71945628E+03,2.39962435E+02,8.64000000E+03,2.40000000E+02,7.76993170E+06,1.63109170E+09
3.80000000E+01,1.00000000E+00,1.46438326E-01,1.39977960E+08,2.58456840E+02,5.77615592E+03,-0.00000000E+00,-0.00000000E+00,-1.14599701E-33,-3.18992305E-35,3.17019487E+08,8.34314170E+06,3.17068625E-02,8.34443636E-04,-3.16938909E+08,-8.34098336E+06,-5.51707399E-01,-1.94733398E-02,-0.00000000E+00,-0.00000000E+00,5.94494042E-38,1.60691425E-39,-0.00000000E+00,-0.00000000E+00,5.94494042E-38,1.60691425E-39,-8.95941063E+04,-2.39962216E+03,-8.94919772E+00,-2.61610409E-01,8.95941871E+03,2.39962433E+02,8.88000000E+03,2.40000000E+02,7.76993163E+06,1.63109170E+09
3.90000000E+01,1.00000000E+00,1.46441086E-01,1.39977959E+08,2.58456838E+02,5.93693675E+03,-0.00000000E+00,-0.00000000E+00,-1.17789624E-33,-3.18992303E-35,3.25362655E+08,8.34316822E+06,3.25413088E-02,8.34446296E-04,-3.25279919E+08,-8.34100988E+06,-5.71181089E-01,-1.94738510E-02,-0.00000000E+00,-0.00000000E+00,6.10563182E-38,1.60691397E-39,-0.00000000E+00,-0.00000000E+00,6.10563182E-38,1.60691397E-39,-9.19937284E+04,-2.39962214E+03,-9.21080905E+00,-2.61611766E-01,9.19938114E+03,2.39962431E+02,9.12000000E+03,2.40000000E+02,7.76993155E+06,1.63109170E+09
4.00000000E+01,1.00000000E+00,1.46443845E-01,1.39977957E+08,2.58456836E+02,6.09771757E+03,-0.00000000E+00,-0.00000000E+00,-1.20979547E-33,-3.18992300E-35,3.33705850E+08,8.34319472E+06,3.33757577E-02,8.34448955E-04,-3.33620955E+08,-8.34103638E+06,-5.90655290E-01,-1.94743620E-02,-0.00000000E+00,-0.00000000E+00,6.26632320E-38,1.60691369E-39,-0.00000000E+00,-0.00000000E+00,6.26632320E-38,1.60691369E-39,-9.43933506E+04,-2.39962212E+03,-9.47242173E+00,-2.61613122E-01,9.43934357E+03,2.39962428E+02,9.36000000E+03,2.40000000E+02,7.76993148E+06,1.63109170E+09
4.10000000E+01,1.00000000E+00,1.46446603E-01,1.39977956E+08,2.58456834E+02,6.25849840E+03,-0.00000000E+00,-0.00000000E+00,-1.24169470E-33,-3.18992298E-35,3.42049071E+08,8.34322121E+06,3.42102093E-02,8.34451612E-04,-3.41962018E+08,-8.34106287E+06,-6.10130002E-01,-1.94748729E-02,-0.00000000E+00,-0.00000000E+00,6.42701455E-38,1.60691341E-39,-0.00000000E+00,-0.00000000E+00,6.42701455E-38,1.60691341E-39,-9.67929727E+04,-2.39962209E+03,-9.73403577E+00,-2.61614478E-01,9.67930599E+03,2.39962426E+02,9.60000000E+03,2.40000000E+02,7.76993141E+06,1.63109170E+09
4.20000000E+01,1.00000000E+00,1.46449361E-01,1.39977955E+08,2.58456832E+02,6.41927923E+03,-0.00000000E+00,-0.00000000E+00,-1.27359393E-33,-3.18992295E-35,3.50392318E+08,8.34324767E+06,3.50446636E-02,8.34454266E-04,-3.50303108E+08,-8.34108933E+06,-6.29605225E-01,-1.94753837E-02,-0.00000000E+00,-0.00000000E+00,6.58770587E-38,1.60691313E-39,-0.00000000E+00,-0.00000000E+00,6.58770587E-38,1.60691313E-39,-9.91925947E+04,-2.39962207E+03,-9.99565117E+00,-2.61615833E-01,9.91926842E+03,2.39962424E+02,9.84000000E+03,2.40000000E+02,7.76993133E+06,1.63109170E+09
4.30000000E+01,1.00000000E+00,1.46452118E-01,1.39977953E+08,2.58456830E+02,6.58006005E+03,-0.00000000E+00,-0.00000000E+00,-1.30549316E-33,-3.18992293E-35,3.58735593E+08,8.34327412E+06,3.58791205E-02,8.34456920E-04,-3.58644223E+08,-8.34111578E+06,-6.49080959E-01,-1.94758944E-02,-0.00000000E+00,-0.00000000E+00,6.74839717E-38,1.60691285E-39,-0.00000000E+00,-0.00000000E+00,6.74839717E-38,1.60691285E-39,-1.01592217E+05,-2.39962205E+03,-1.02572679E+01,-2.61617188E-01,1.01592308E+04,2.39962421E+02,1.00800000E+04,2.40000000E+02,7.76993126E+06,1.63109170E+09
4.40000000E+01,1.00000000E+00,1.46454874E-01,1.39977952E+08,2.58456828E+02,6.74084088E+03,-0.00000000E+00,-0.00000000E+00,-1.33739239E-33,-3.18992290E-35,3.67078893E+08,8.34330055E+06,3.67135801E-02,8.34459571E-04,-3.66985366E+08,-8.34114221E+06,-6.68557203E-01,-1.94764049E-02,-0.00000000E+00,-0.00000000E+00,6.90908843E-38,1.60691257E-39,-0.00000000E+00,-0.00000000E+00,6.90908843E-38,1.60691257E-39,-1.03991839E+05,-2.39962202E+03,-1.05188860E+01,-2.61618543E-01,1.03991933E+04,2.39962419E+02,1.03200000E+04,2.40000000E+02,7.76993119E+06,1.63109170E+09
4.50000000E+01,1.00000000E+00,1.46457630E-01,1.39977951E+08,2.58456826E+02,6.90162170E+03,-0.00000000E+00,-0.00000000E+00,-1.36929162E-33,-3.18992288E-35,3.75422220E+08,8.34332696E+06,3.75480423E-02,8.34462220E-04,-3.75326534E+08,-8.34116862E+06,-6.88033958E-01,-1.94769153E-02,-0.00000000E+00,-0.00000000E+00,7.06977967E-38,1.60691230E-39,-0.00000000E+00,-0.00000000E+00,7.06977967E-38,1.60691230E-39,-1.06391461E+05,-2.39962200E+03,-1.07805055E+01,-2.61619897E-01,1.06391557E+04,2.39962417E+02,1.05600000E+04,2.40000000E+02,7.76993111E+06,1.63109170E+09
4.60000000E+01,1.00000000E+00,1.46460384E-01,1.39977949E+08,2.58456824E+02,7.06240252E+03,-0.00000000E+00,-0.00000000E+00,-1.40119085E-33,-3.18992285E-35,3.83765573E+08,8.34335336E+06,3.83825072E-02,8.34464868E-04,-3.83667729E+08,-8.34119502E+06,-7.07511223E-01,-1.94774256E-02,-0.00000000E+00,-0.00000000E+00,7.23047088E-38,1.60691203E-39,-0.00000000E+00,-0.00000000E+00,7.23047088E-38,1.60691203E-39,-1.08791083E+05,-2.39962198E+03,-1.10421263E+01,-2.61621251E-01,1.08791181E+04,2.39962415E+02,1.08000000E+04,2.40000000E+02,7.76993104E+06,1.63109170E+09
4.70000000E+01,1.00000000E+00,1.46463138E-01,1.39977948E+08,2.58456822E+02,7.22318334E+03,-0.00000000E+00,-0.00000000E+00,-1.43309007E-33,-3.18992283E-35,3.92108953E+08,8.34337973E+06,3.92169747E-02,8.34467514E-04,-3.92008951E+08,-8.34122139E+06,-7.26988998E-01,-1.94779358E-02,-0.00000000E+00,-0.00000000E+00,7.39116206E-38,1.60691176E-39,-0.00000000E+00,-0.00000000E+00,7.39116206E-38,1.60691176E-39,-1.11190705E+05,-2.39962196E+03,-1.13037485E+01,-2.61622605E-01,1.11190805E+04,2.39962412E+02,1.10400000E+04,2.40000000E+02,7.76993097E+06,1.63109170E+09
4.80000000E+01,1.00000000E+00,1.46465892E-01,1.39977947E+08,2.58456820E+02,7.38396416E+03,-0.00000000E+00,-0.00000000E+00,-1.46498930E-33,-3.18992280E-35,4.00452359E+08,8.34340609E+06,4.00514448E-02,8.34470158E-04,-4.00350198E+08,-8.34124775E+06,-7.46467283E-01,-1.94784458E-02,-0.00000000E+00,-0.00000000E+00,7.55185322E-38,1.60691149E-39,-0.00000000E+00,-0.00000000E+00,7.55185322E-38,1.60691149E-39,-1.13590327E+05,-2.39962193E+03,-1.15653720E+01,-2.61623958E-01,1.13590429E+04,2.39962410E+02,1.12800000E+04,2.40000000E+02,7.76993089E+06,1.63109170E+09
4.90000000E+01,1.00000000E+00,1.46468644E-01,1.39977946E+08,2.58456818E+02,7.54474498E+03,-0.00000000E+00,-0.00000000E+00,-1.49688853E-33,-3.18992278E-35,4.08795792E+08,8.34343244E+06,4.08859176E-02,8.34472801E-04,-4.08691472E+08,-8.34127409E+06,-7.65946078E-01,-1.94789558E-02,-0.00000000E+00,-0.00000000E+00,7.71254435E-38,1.60691122E-39,-0.00000000E+00,-0.00000000E+00,7.71254435E-38,1.60691122E-39,-1.15989949E+05,-2.39962191E+03,-1.18269969E+01,-2.61625311E-01,1.15990053E+04,2.39962408E+02,1.15200000E+04,2.40000000E+02,7.76993082E+06,1.63109170E+09
5.00000000E+01,1.00000000E+00,1.46471396E-01,1.39977944E+08,2.58456816E+02,7.70552579E+03,-0.00000000E+00,-0.00000000E+00,-1.52878776E-33,-3.18992275E-35,4.17139250E+08,8.34345876E+06,4.17203931E-02,8.34475442E-04,-4.17032773E+08,-8.34130042E+06,-7.85425383E-01,-1.94794656E-02,-0.00000000E+00,-0.00000000E+00,7.87323546E-38,1.60691095E-39,-0.00000000E+00,-0.00000000E+00,7.87323546E-38,1.60691095E-39,-1.18389570E+05,-2.39962189E+03,-1.20886231E+01,-2.61626664E-01,1.18389677E+04,2.39962405E+02,1.17600000E+04,2.40000000E+02,7.76993075E+06,1.63109170E+09
