Time [d],dt_flow [d],dt_tran [d],Global Water Mass in Liquid Phas [kg],Global Vaq [mol],Global Vim [mol],Top Water Mass [kg],Top Water Mass [kg/d],Top Vaq [mol],Top Vaq [mol/d],Right Water Mass [kg],Right Water Mass [kg/d],Right Vaq [mol],Right Vaq [mol/d],Left Water Mass [kg],Left Water Mass [kg/d],Left Vaq [mol],Left Vaq [mol/d],North Water Mass [kg],North Water Mass [kg/d],North Vaq [mol],North Vaq [mol/d],South Water Mass [kg],South Water Mass [kg/d],South Vaq [mol],South Vaq [mol/d],ExtractWell Water Mass [kg],ExtractWell Water Mass [kg/d],ExtractWell Vaq [mol],ExtractWell Vaq [mol/d],InjectWell Water Mass [kg],InjectWell Water Mass [kg/d],InjectWell Vaq [mol],InjectWell Vaq [mol/d],Region Region__all Water Mass [kg],Region Region__all Total Mass [kg]
1.00000000E+00,4.89000000E-01,3.27308669E-02,1.39979932E+08,7.22750068E-03,6.07139201E-03,-0.00000000E+00,-0.00000000E+00,5.31295255E-40,8.35919916E-40,6.25707517E+07,6.25762443E+07,6.25786457E-03,6.25841506E-03,-6.25701398E+07,-6.25752401E+07,-4.03768840E-03,-2.51317825E-03,-0.00000000E+00,-0.00000000E+00,5.27995354E-40,8.30728111E-40,-0.00000000E+00,-0.00000000E+00,5.27995354E-40,8.30728111E-40,-8.08081812E+02,-1.22622417E+03,-4.56166278E-08,-5.22159127E-08,8.08095106E+01,1.22624437E+02,8.08197600E-09,1.22640000E-08,7.77004111E+06,1.63109144E+09
2.00000000E+00,4.88000000E-01,2.36333279E-02,1.39979849E+08,1.55277805E+02,5.68238336E+01,-0.00000000E+00,-0.00000000E+00,-1.12711062E-35,-1.91639896E-35,1.25156949E+08,6.25892054E+07,1.25172776E-02,6.25971477E-03,-1.25154261E+08,-6.25871263E+07,-7.04966768E-03,-1.73495969E-02,-0.00000000E+00,-0.00000000E+00,1.46506291E-39,9.88095156E-40,-0.00000000E+00,-0.00000000E+00,1.46506291E-39,9.88095156E-40,-3.20773668E+03,-2.39965453E+03,-1.89651537E-02,-9.75514135E-02,3.20778957E+02,2.39969414E+02,2.40000000E+02,2.40000000E+02,7.77003646E+06,1.63109160E+09
3.00000000E+00,1.00000000E+00,3.86901238E-02,1.39979771E+08,2.14250575E+02,1.75766646E+02,-0.00000000E+00,-0.00000000E+00,-3.48691426E-35,-2.64429144E-35,1.87757750E+08,6.26008010E+07,1.87781555E-02,6.26087791E-03,-1.87752979E+08,-6.25987188E+07,-3.49528619E+00,-1.23459409E+01,-0.00000000E+00,-0.00000000E+00,2.46151579E-39,9.98891230E-40,-0.00000000E+00,-0.00000000E+00,2.46151579E-39,9.98891230E-40,-5.60738991E+03,-2.39965323E+03,-2.23790483E-01,-2.42025895E-01,5.60748242E+02,2.39969285E+02,4.80000000E+02,2.40000000E+02,7.77003216E+06,1.63109166E+09
4.00000000E+00,1.00000000E+00,1.21490190E-02,1.39979694E+08,2.24084369E+02,3.13558035E+02,-0.00000000E+00,-0.00000000E+00,-6.22069757E-35,-2.76566855E-35,2.50370049E+08,6.26122997E+07,2.50401869E-02,6.26203135E-03,-2.50363196E+08,-6.26102169E+07,-2.79815655E+01,-3.07723929E+01,-0.00000000E+00,-0.00000000E+00,3.46045817E-39,9.98928389E-40,-0.00000000E+00,-0.00000000E+00,3.46045817E-39,9.98928389E-40,-8.00704185E+03,-2.39965194E+03,-4.66845398E-01,-2.43197490E-01,8.00717398E+02,2.39969156E+02,7.20000000E+02,2.40000000E+02,7.77002789E+06,1.63109167E+09
5.00000000E+00,1.00000000E+00,1.23265804E-02,1.39979617E+08,2.24290473E+02,4.53064802E+02,-0.00000000E+00,-0.00000000E+00,-8.98851620E-35,-2.76821246E-35,3.12993824E+08,6.26237752E+07,3.13033693E-02,6.26318249E-03,-3.12984889E+08,-6.26216923E+07,-5.95378099E+01,-3.17369491E+01,-0.00000000E+00,-0.00000000E+00,4.45933057E-39,9.98838791E-40,-0.00000000E+00,-0.00000000E+00,4.45933057E-39,9.98838791E-40,-1.04066925E+04,-2.39965065E+03,-7.10046199E-01,-2.43198004E-01,1.04068643E+03,2.39969028E+02,9.60000000E+02,2.40000000E+02,7.77002362E+06,1.63109167E+09
6.00000000E+00,1.00000000E+00,1.25031576E-02,1.39979541E+08,2.24279068E+02,5.92587601E+02,-0.00000000E+00,-0.00000000E+00,-1.17566529E-34,-2.76807169E-35,3.75629066E+08,6.26352411E+07,3.75677020E-02,6.26433267E-03,-3.75618047E+08,-6.26331582E+07,-9.12876607E+01,-3.17526669E+01,-0.00000000E+00,-0.00000000E+00,5.45811358E-39,9.98749614E-40,-0.00000000E+00,-0.00000000E+00,5.45811359E-39,9.98749615E-40,-1.28063419E+04,-2.39964937E+03,-9.53247046E-01,-2.43198016E-01,1.28065533E+03,2.39968900E+02,1.20000000E+03,2.40000000E+02,7.77001936E+06,1.63109167E+09
7.00000000E+00,1.00000000E+00,1.26788358E-02,1.39979464E+08,2.24267016E+02,7.32102943E+02,-0.00000000E+00,-0.00000000E+00,-1.45246417E-34,-2.76792294E-35,4.38275765E+08,6.26466996E+07,4.38331841E-02,6.26548211E-03,-4.38262664E+08,-6.26446168E+07,-1.23049276E+02,-3.17638046E+01,-0.00000000E+00,-0.00000000E+00,6.45680779E-39,9.98661028E-40,-0.00000000E+00,-0.00000000E+00,6.45680779E-39,9.98661030E-40,-1.52059900E+04,-2.39964809E+03,-1.19644789E+00,-2.43198030E-01,1.52062410E+03,2.39968772E+02,1.44000000E+03,2.40000000E+02,7.77001509E+06,1.63109167E+09
8.00000000E+00,1.00000000E+00,1.28536629E-02,1.39979387E+08,2.24255020E+02,8.71610808E+02,-0.00000000E+00,-0.00000000E+00,-1.72924820E-34,-2.76777488E-35,5.00933916E+08,6.26581511E+07,5.00998150E-02,6.26663085E-03,-5.00918732E+08,-6.26560683E+07,-1.54821987E+02,-3.17748890E+01,-0.00000000E+00,-0.00000000E+00,7.45541377E-39,9.98573022E-40,-0.00000000E+00,-0.00000000E+00,7.45541377E-39,9.98573023E-40,-1.76056368E+04,-2.39964681E+03,-1.43964875E+00,-2.43198040E-01,1.76059274E+03,2.39968646E+02,1.68000000E+03,2.40000000E+02,7.77001082E+06,1.63109167E+09
9.00000000E+00,1.00000000E+00,1.30276775E-02,1.39979310E+08,2.24243077E+02,1.01111123E+03,-0.00000000E+00,-0.00000000E+00,-2.00601747E-34,-2.76762747E-35,5.63603512E+08,6.26695956E+07,5.63675939E-02,6.26777890E-03,-5.63586245E+08,-6.26675129E+07,-1.86605744E+02,-3.17859265E+01,-0.00000000E+00,-0.00000000E+00,8.45393210E-39,9.98485586E-40,-0.00000000E+00,-0.00000000E+00,8.45393210E-39,9.98485588E-40,-2.00052823E+04,-2.39964554E+03,-1.68284959E+00,-2.43198041E-01,2.00056126E+03,2.39968519E+02,1.92000000E+03,2.40000000E+02,7.77000655E+06,1.63109167E+09
1.00000000E+01,1.00000000E+00,1.32009144E-02,1.39979233E+08,2.24231185E+02,1.15060424E+03,-0.00000000E+00,-0.00000000E+00,-2.28277204E-34,-2.76748068E-35,6.26284545E+08,6.26810333E+07,6.26365201E-02,6.26892626E-03,-6.26265195E+08,-6.26789505E+07,-2.18400503E+02,-3.17969190E+01,-0.00000000E+00,-0.00000000E+00,9.45236334E-39,9.98398716E-40,-0.00000000E+00,-0.00000000E+00,9.45236335E-39,9.98398718E-40,-2.24049266E+04,-2.39964428E+03,-1.92605043E+00,-2.43198034E-01,2.24052966E+03,2.39968393E+02,2.16000000E+03,2.40000000E+02,7.77000228E+06,1.63109167E+09
1.10000000E+01,1.00000000E+00,1.33734057E-02,1.39979156E+08,2.24219340E+02,1.29008987E+03,-0.00000000E+00,-0.00000000E+00,-2.55951195E-34,-2.76733448E-35,6.88977009E+08,6.26924640E+07,6.89065931E-02,6.27007294E-03,-6.88955577E+08,-6.26903813E+07,-2.50206221E+02,-3.18078686E+01,-0.00000000E+00,-0.00000000E+00,1.04507081E-38,9.98312406E-40,-0.00000000E+00,-0.00000000E+00,1.04507081E-38,9.98312408E-40,-2.48045696E+04,-2.39964302E+03,-2.16925124E+00,-2.43198022E-01,2.48049792E+03,2.39968267E+02,2.40000000E+03,2.40000000E+02,7.76999800E+06,1.63109167E+09
1.20000000E+01,1.00000000E+00,1.35451811E-02,1.39979079E+08,2.24207542E+02,1.42956814E+03,-0.00000000E+00,-0.00000000E+00,-2.83623728E-34,-2.76718886E-35,7.51680897E+08,6.27038879E+07,7.51778120E-02,6.27121893E-03,-7.51657382E+08,-6.27018052E+07,-2.82022856E+02,-3.18187770E+01,-0.00000000E+00,-0.00000000E+00,1.14489668E-38,9.98226650E-40,-0.00000000E+00,-0.00000000E+00,1.14489668E-38,9.98226652E-40,-2.72042114E+04,-2.39964176E+03,-2.41245203E+00,-2.43198007E-01,2.72046606E+03,2.39968142E+02,2.64000000E+03,2.40000000E+02,7.76999372E+06,1.63109167E+09
1.30000000E+01,1.00000000E+00,1.37162681E-02,1.39979002E+08,2.24195788E+02,1.56903909E+03,-0.00000000E+00,-0.00000000E+00,-3.11294808E-34,-2.76704378E-35,8.14396202E+08,6.27153050E+07,8.14501763E-02,6.27236425E-03,-8.14370604E+08,-6.27132224E+07,-3.13850368E+02,-3.18296459E+01,-0.00000000E+00,-0.00000000E+00,1.24471402E-38,9.98141444E-40,-0.00000000E+00,-0.00000000E+00,1.24471402E-38,9.98141445E-40,-2.96038519E+04,-2.39964050E+03,-2.65565280E+00,-2.43197987E-01,2.96043408E+03,2.39968017E+02,2.88000000E+03,2.40000000E+02,7.76998945E+06,1.63109167E+09
1.40000000E+01,1.00000000E+00,1.38866923E-02,1.39978925E+08,2.24184076E+02,1.70850275E+03,-0.00000000E+00,-0.00000000E+00,-3.38964440E-34,-2.76689922E-35,8.77122918E+08,6.27267153E+07,8.77236851E-02,6.27350889E-03,-8.77095237E+08,-6.27246327E+07,-3.45688719E+02,-3.18404769E+01,-0.00000000E+00,-0.00000000E+00,1.34452287E-38,9.98056780E-40,-0.00000000E+00,-0.00000000E+00,1.34452287E-38,9.98056782E-40,-3.20034911E+04,-2.39963925E+03,-2.89885353E+00,-2.43197962E-01,3.20040197E+03,2.39967892E+02,3.12000000E+03,2.40000000E+02,7.76998516E+06,1.63109167E+09
1.50000000E+01,1.00000000E+00,1.40564773E-02,1.39978847E+08,2.24172405E+02,1.84795913E+03,-0.00000000E+00,-0.00000000E+00,-3.66632629E-34,-2.76675517E-35,9.39861036E+08,6.27381189E+07,9.39983380E-02,6.27465286E-03,-9.39831273E+08,-6.27360364E+07,-3.77537872E+02,-3.18512713E+01,-0.00000000E+00,-0.00000000E+00,1.44432328E-38,9.97972656E-40,-0.00000000E+00,-0.00000000E+00,1.44432328E-38,9.97972657E-40,-3.44031291E+04,-2.39963800E+03,-3.14205423E+00,-2.43197933E-01,3.44036974E+03,2.39967768E+02,3.36000000E+03,2.40000000E+02,7.76998088E+06,1.63109167E+09
1.60000000E+01,1.00000000E+00,1.42256451E-02,1.39978770E+08,2.24160773E+02,1.98740826E+03,-0.00000000E+00,-0.00000000E+00,-3.94299380E-34,-2.76661159E-35,1.00261055E+09,6.27495158E+07,1.00274134E-01,6.27579616E-03,-1.00257871E+09,-6.27474333E+07,-4.09397791E+02,-3.18620306E+01,-0.00000000E+00,-0.00000000E+00,1.54411532E-38,9.97889064E-40,-0.00000000E+00,-0.00000000E+00,1.54411532E-38,9.97889066E-40,-3.68027659E+04,-2.39963676E+03,-3.38525490E+00,-2.43197899E-01,3.68033739E+03,2.39967644E+02,3.60000000E+03,2.40000000E+02,7.76997660E+06,1.63109167E+09
1.70000000E+01,1.00000000E+00,1.43942164E-02,1.39978693E+08,2.24149179E+02,2.12685018E+03,-0.00000000E+00,-0.00000000E+00,-4.21964698E-34,-2.76646849E-35,1.06537146E+09,6.27609061E+07,1.06551073E-01,6.27693880E-03,-1.06533753E+09,-6.27588236E+07,-4.41268443E+02,-3.18727559E+01,-0.00000000E+00,-0.00000000E+00,1.64389903E-38,9.97806000E-40,-0.00000000E+00,-0.00000000E+00,1.64389903E-38,9.97806002E-40,-3.92024014E+04,-2.39963551E+03,-3.62845551E+00,-2.43197860E-01,3.92030490E+03,2.39967520E+02,3.84000000E+03,2.40000000E+02,7.76997231E+06,1.63109167E+09
1.80000000E+01,1.00000000E+00,1.45622100E-02,1.39978616E+08,2.24137621E+02,2.26628489E+03,-0.00000000E+00,-0.00000000E+00,-4.49628587E-34,-2.76632584E-35,1.12814375E+09,6.27722897E+07,1.12829154E-01,6.27808078E-03,-1.12810774E+09,-6.27702072E+07,-4.73149795E+02,-3.18834485E+01,-0.00000000E+00,-0.00000000E+00,1.74367446E-38,9.97723459E-40,-0.00000000E+00,-0.00000000E+00,1.74367447E-38,9.97723461E-40,-4.16020357E+04,-2.39963427E+03,-3.87165608E+00,-2.43197817E-01,4.16027230E+03,2.39967396E+02,4.08000000E+03,2.40000000E+02,7.76996802E+06,1.63109167E+09
1.90000000E+01,1.00000000E+00,1.47296439E-02,1.39978538E+08,2.24126099E+02,2.40571242E+03,-0.00000000E+00,-0.00000000E+00,-4.77291053E-34,-2.76618362E-35,1.19092741E+09,6.27836667E+07,1.19108376E-01,6.27922211E-03,-1.19088932E+09,-6.27815843E+07,-5.05041814E+02,-3.18941093E+01,-0.00000000E+00,-0.00000000E+00,1.84344168E-38,9.97641436E-40,-0.00000000E+00,-0.00000000E+00,1.84344168E-38,9.97641438E-40,-4.40016687E+04,-2.39963303E+03,-4.11485660E+00,-2.43197768E-01,4.40023957E+03,2.39967273E+02,4.32000000E+03,2.40000000E+02,7.76996373E+06,1.63109167E+09
2.00000000E+01,1.00000000E+00,1.48965347E-02,1.39978461E+08,2.24114610E+02,2.54513280E+03,-0.00000000E+00,-0.00000000E+00,-5.04952098E-34,-2.76604182E-35,1.25372245E+09,6.27950371E+07,1.25388739E-01,6.28036277E-03,-1.25368228E+09,-6.27929547E+07,-5.36944470E+02,-3.19047394E+01,-0.00000000E+00,-0.00000000E+00,1.94320072E-38,9.97559925E-40,-0.00000000E+00,-0.00000000E+00,1.94320073E-38,9.97559927E-40,-4.64013005E+04,-2.39963180E+03,-4.35805706E+00,-2.43197715E-01,4.64020672E+03,2.39967150E+02,4.56000000E+03,2.40000000E+02,7.76995944E+06,1.63109167E+09
2.10000000E+01,1.00000000E+00,1.50628980E-02,1.39978384E+08,2.24103155E+02,2.68454605E+03,-0.00000000E+00,-0.00000000E+00,-5.32611728E-34,-2.76590042E-35,1.31652885E+09,6.28064010E+07,1.31670241E-01,6.28150279E-03,-1.31648660E+09,-6.28043187E+07,-5.68857732E+02,-3.19153398E+01,-0.00000000E+00,-0.00000000E+00,2.04295165E-38,9.97478922E-40,-0.00000000E+00,-0.00000000E+00,2.04295165E-38,9.97478924E-40,-4.88009311E+04,-2.39963057E+03,-4.60125746E+00,-2.43197656E-01,4.88017375E+03,2.39967027E+02,4.80000000E+03,2.40000000E+02,7.76995515E+06,1.63109167E+09
2.20000000E+01,1.00000000E+00,1.52319679E-02,1.39978306E+08,2.24091731E+02,2.82395218E+03,-0.00000000E+00,-0.00000000E+00,-5.60269946E-34,-2.76575943E-35,1.37934661E+09,6.28177584E+07,1.37952884E-01,6.28264216E-03,-1.37930227E+09,-6.28156761E+07,-6.00781572E+02,-3.19259113E+01,-0.00000000E+00,-0.00000000E+00,2.14269450E-38,9.97398422E-40,-0.00000000E+00,-0.00000000E+00,2.14269451E-38,9.97398423E-40,-5.12005604E+04,-2.39962934E+03,-4.84445779E+00,-2.43197593E-01,5.12014065E+03,2.39966904E+02,5.04000000E+03,2.40000000E+02,7.76995085E+06,1.63109167E+09
2.30000000E+01,1.00000000E+00,1.54079399E-02,1.39978229E+08,2.24080339E+02,2.96335121E+03,-0.00000000E+00,-0.00000000E+00,-5.87926757E-34,-2.76561881E-35,1.44217572E+09,6.28291094E+07,1.44236664E-01,6.28378089E-03,-1.44212930E+09,-6.28270271E+07,-6.32715962E+02,-3.19364547E+01,-0.00000000E+00,-0.00000000E+00,2.24242934E-38,9.97318419E-40,-0.00000000E+00,-0.00000000E+00,2.24242935E-38,9.97318421E-40,-5.36001885E+04,-2.39962811E+03,-5.08765805E+00,-2.43197524E-01,5.36010744E+03,2.39966782E+02,5.28000000E+03,2.40000000E+02,7.76994656E+06,1.63109167E+09
2.40000000E+01,1.00000000E+00,1.55838676E-02,1.39978152E+08,2.24068977E+02,3.10274317E+03,-0.00000000E+00,-0.00000000E+00,-6.15582163E-34,-2.76547857E-35,1.50501617E+09,6.28404539E+07,1.50521583E-01,6.28491898E-03,-1.50496767E+09,-6.28383716E+07,-6.64660873E+02,-3.19469708E+01,-0.00000000E+00,-0.00000000E+00,2.34215621E-38,9.97238910E-40,-0.00000000E+00,-0.00000000E+00,2.34215621E-38,9.97238911E-40,-5.59998154E+04,-2.39962688E+03,-5.33085823E+00,-2.43197450E-01,5.60007410E+03,2.39966660E+02,5.52000000E+03,2.40000000E+02,7.76994226E+06,1.63109167E+09
2.50000000E+01,1.00000000E+00,1.57594670E-02,1.39978074E+08,2.24057644E+02,3.24212806E+03,-0.00000000E+00,-0.00000000E+00,-6.43236169E-34,-2.76533869E-35,1.56786797E+09,6.28517920E+07,1.56807640E-01,6.28605642E-03,-1.56781738E+09,-6.28497098E+07,-6.96616280E+02,-3.19574604E+01,-0.00000000E+00,-0.00000000E+00,2.44187516E-38,9.97159888E-40,-0.00000000E+00,-0.00000000E+00,2.44187516E-38,9.97159890E-40,-5.83994410E+04,-2.39962565E+03,-5.57405833E+00,-2.43197371E-01,5.84004063E+03,2.39966538E+02,5.76000000E+03,2.40000000E+02,7.76993796E+06,1.63109167E+09
2.60000000E+01,1.00000000E+00,1.59347387E-02,1.39977997E+08,2.24046339E+02,3.38150592E+03,-0.00000000E+00,-0.00000000E+00,-6.70888778E-34,-2.76519916E-35,1.63073109E+09,6.28631237E+07,1.63094833E-01,6.28719324E-03,-1.63067842E+09,-6.28610415E+07,-7.28582156E+02,-3.19679241E+01,-0.00000000E+00,-0.00000000E+00,2.54158623E-38,9.97081351E-40,-0.00000000E+00,-0.00000000E+00,2.54158624E-38,9.97081353E-40,-6.07990655E+04,-2.39962443E+03,-5.81725834E+00,-2.43197287E-01,6.08000705E+03,2.39966416E+02,6.00000000E+03,2.40000000E+02,7.76993365E+06,1.63109167E+09
2.70000000E+01,1.00000000E+00,1.61096834E-02,1.39977919E+08,2.24035063E+02,3.52087676E+03,-0.00000000E+00,-0.00000000E+00,-6.98539993E-34,-2.76505997E-35,1.69360554E+09,6.28744491E+07,1.69383163E-01,6.28832942E-03,-1.69355079E+09,-6.28723670E+07,-7.60558476E+02,-3.19783626E+01,-0.00000000E+00,-0.00000000E+00,2.64128948E-38,9.97003293E-40,-0.00000000E+00,-0.00000000E+00,2.64128949E-38,9.97003294E-40,-6.31986887E+04,-2.39962321E+03,-6.06045826E+00,-2.43197198E-01,6.31997334E+03,2.39966294E+02,6.24000000E+03,2.40000000E+02,7.76992935E+06,1.63109167E+09
2.80000000E+01,1.00000000E+00,1.62843021E-02,1.39977841E+08,2.24023813E+02,3.66024059E+03,-0.00000000E+00,-0.00000000E+00,-7.26189819E-34,-2.76492112E-35,1.75649131E+09,6.28857682E+07,1.75672628E-01,6.28946497E-03,-1.75643447E+09,-6.28836861E+07,-7.92545215E+02,-3.19887765E+01,-0.00000000E+00,-0.00000000E+00,2.74098496E-38,9.96925708E-40,-0.00000000E+00,-0.00000000E+00,2.74098496E-38,9.96925710E-40,-6.55983107E+04,-2.39962199E+03,-6.30365808E+00,-2.43197104E-01,6.55993952E+03,2.39966173E+02,6.48000000E+03,2.40000000E+02,7.76992504E+06,1.63109167E+09
2.90000000E+01,1.00000000E+00,1.64585960E-02,1.39977764E+08,2.24012590E+02,3.79959743E+03,-0.00000000E+00,-0.00000000E+00,-7.53838258E-34,-2.76478260E-35,1.81938839E+09,6.28970810E+07,1.81963227E-01,6.29059990E-03,-1.81932947E+09,-6.28949989E+07,-8.24542350E+02,-3.19991663E+01,-0.00000000E+00,-0.00000000E+00,2.84067271E-38,9.96848594E-40,-0.00000000E+00,-0.00000000E+00,2.84067271E-38,9.96848596E-40,-6.79979315E+04,-2.39962077E+03,-6.54685780E+00,-2.43197004E-01,6.79990557E+03,2.39966051E+02,6.72000000E+03,2.40000000E+02,7.76992074E+06,1.63109167E+09
3.00000000E+01,1.00000000E+00,1.66325663E-02,1.39977686E+08,2.24001393E+02,3.93894730E+03,-0.00000000E+00,-0.00000000E+00,-7.81485313E-34,-2.76464439E-35,1.88229678E+09,6.29083875E+07,1.88254962E-01,6.29173421E-03,-1.88223578E+09,-6.29063055E+07,-8.56549855E+02,-3.20095326E+01,-0.00000000E+00,-0.00000000E+00,2.94035277E-38,9.96771945E-40,-0.00000000E+00,-0.00000000E+00,2.94035277E-38,9.96771947E-40,-7.03975510E+04,-2.39961956E+03,-6.79005742E+00,-2.43196899E-01,7.03987150E+03,2.39965930E+02,6.96000000E+03,2.40000000E+02,7.76991642E+06,1.63109167E+09
3.10000000E+01,1.00000000E+00,1.68062146E-02,1.39977608E+08,2.23990221E+02,4.07829021E+03,-0.00000000E+00,-0.00000000E+00,-8.09130988E-34,-2.76450650E-35,1.94521646E+09,6.29196879E+07,1.94547830E-01,6.29286790E-03,-1.94515338E+09,-6.29176059E+07,-8.88567709E+02,-3.20198759E+01,-0.00000000E+00,-0.00000000E+00,3.04002520E-38,9.96695757E-40,-0.00000000E+00,-0.00000000E+00,3.04002520E-38,9.96695759E-40,-7.27971694E+04,-2.39961834E+03,-7.03325692E+00,-2.43196789E-01,7.27983731E+03,2.39965809E+02,7.20000000E+03,2.40000000E+02,7.76991211E+06,1.63109167E+09
3.20000000E+01,1.00000000E+00,1.69795422E-02,1.39977531E+08,2.23979074E+02,4.21762618E+03,-0.00000000E+00,-0.00000000E+00,-8.36775286E-34,-2.76436891E-35,2.00814745E+09,6.29309820E+07,2.00841830E-01,6.29400097E-03,-2.00808228E+09,-6.29289000E+07,-9.20595889E+02,-3.20301968E+01,-0.00000000E+00,-0.00000000E+00,3.13969003E-38,9.96620025E-40,-0.00000000E+00,-0.00000000E+00,3.13969004E-38,9.96620027E-40,-7.51967865E+04,-2.39961713E+03,-7.27645631E+00,-2.43196668E-01,7.51980300E+03,2.39965689E+02,7.44000000E+03,2.40000000E+02,7.76990780E+06,1.63109167E+09
3.30000000E+01,1.00000000E+00,1.71549085E-02,1.39977453E+08,2.23967951E+02,4.35695523E+03,-0.00000000E+00,-0.00000000E+00,-8.64418210E-34,-2.76423162E-35,2.07108972E+09,6.29422700E+07,2.07136964E-01,6.29513343E-03,-2.07102247E+09,-6.29401881E+07,-9.52634372E+02,-3.20404955E+01,-0.00000000E+00,-0.00000000E+00,3.23934733E-38,9.96544746E-40,-0.00000000E+00,-0.00000000E+00,3.23934733E-38,9.96544748E-40,-7.75964024E+04,-2.39961592E+03,-7.51965556E+00,-2.43196538E-01,7.75976856E+03,2.39965568E+02,7.68000000E+03,2.40000000E+02,7.76990348E+06,1.63109167E+09
3.40000000E+01,1.00000000E+00,1.73328604E-02,1.39977375E+08,2.23956852E+02,4.49627736E+03,-0.00000000E+00,-0.00000000E+00,-8.92059762E-34,-2.76409463E-35,2.13404327E+09,6.29535519E+07,2.13433229E-01,6.29626527E-03,-2.13397394E+09,-6.29514700E+07,-9.84683137E+02,-3.20507727E+01,-0.00000000E+00,-0.00000000E+00,3.33899712E-38,9.96469914E-40,-0.00000000E+00,-0.00000000E+00,3.33899712E-38,9.96469916E-40,-7.99960171E+04,-2.39961471E+03,-7.76285467E+00,-2.43196403E-01,7.99973401E+03,2.39965448E+02,7.92000000E+03,2.40000000E+02,7.76989916E+06,1.63109167E+09
3.50000000E+01,1.00000000E+00,1.75107380E-02,1.39977297E+08,2.23945776E+02,4.63559260E+03,-0.00000000E+00,-0.00000000E+00,-9.19699946E-34,-2.76395792E-35,2.19700810E+09,6.29648276E+07,2.19730626E-01,6.29739651E-03,-2.19693669E+09,-6.29627457E+07,-1.01674216E+03,-3.20610287E+01,-0.00000000E+00,-0.00000000E+00,3.43863946E-38,9.96395526E-40,-0.00000000E+00,-0.00000000E+00,3.43863946E-38,9.96395528E-40,-8.23956306E+04,-2.39961350E+03,-8.00605365E+00,-2.43196263E-01,8.23969934E+03,2.39965327E+02,8.16000000E+03,2.40000000E+02,7.76989484E+06,1.63109167E+09
3.60000000E+01,1.00000000E+00,1.76884326E-02,1.39977220E+08,2.23934722E+02,4.77490095E+03,-0.00000000E+00,-0.00000000E+00,-9.47338765E-34,-2.76382149E-35,2.25998419E+09,6.29760973E+07,2.26029153E-01,6.29852715E-03,-2.25991070E+09,-6.29740155E+07,-1.04881143E+03,-3.20712640E+01,-0.00000000E+00,-0.00000000E+00,3.53827438E-38,9.96321578E-40,-0.00000000E+00,-0.00000000E+00,3.53827439E-38,9.96321579E-40,-8.47952429E+04,-2.39961230E+03,-8.24925247E+00,-2.43196118E-01,8.47966455E+03,2.39965207E+02,8.40000000E+03,2.40000000E+02,7.76989052E+06,1.63109167E+09
3.70000000E+01,1.00000000E+00,1.78659426E-02,1.39977142E+08,2.23923692E+02,4.91420244E+03,-0.00000000E+00,-0.00000000E+00,-9.74976221E-34,-2.76368534E-35,2.32297155E+09,6.29873609E+07,2.32328810E-01,6.29965718E-03,-2.32289598E+09,-6.29852791E+07,-1.08089091E+03,-3.20814788E+01,-0.00000000E+00,-0.00000000E+00,3.63790194E-38,9.96248064E-40,-0.00000000E+00,-0.00000000E+00,3.63790195E-38,9.96248066E-40,-8.71948540E+04,-2.39961109E+03,-8.49245115E+00,-2.43195967E-01,8.71962963E+03,2.39965087E+02,8.64000000E+03,2.40000000E+02,7.76988620E+06,1.63109167E+09
3.80000000E+01,1.00000000E+00,1.80432665E-02,1.39977064E+08,2.23912683E+02,5.05349707E+03,-0.00000000E+00,-0.00000000E+00,-1.00261232E-33,-2.76354945E-35,2.38597017E+09,6.29986185E+07,2.38629597E-01,6.30078662E-03,-2.38589252E+09,-6.29965368E+07,-1.11298060E+03,-3.20916735E+01,-0.00000000E+00,-0.00000000E+00,3.73752217E-38,9.96174982E-40,-0.00000000E+00,-0.00000000E+00,3.73752218E-38,9.96174983E-40,-8.95944639E+04,-2.39960989E+03,-8.73564967E+00,-2.43195811E-01,8.95959460E+03,2.39964967E+02,8.88000000E+03,2.40000000E+02,7.76988187E+06,1.63109167E+09
3.90000000E+01,1.00000000E+00,1.82204031E-02,1.39976986E+08,2.23901695E+02,5.19278486E+03,-0.00000000E+00,-0.00000000E+00,-1.03024705E-33,-2.76341384E-35,2.44898004E+09,6.30098702E+07,2.44931512E-01,6.30191546E-03,-2.44890031E+09,-6.30077884E+07,-1.14508046E+03,-3.21018486E+01,-0.00000000E+00,-0.00000000E+00,3.83713513E-38,9.96102326E-40,-0.00000000E+00,-0.00000000E+00,3.83713513E-38,9.96102328E-40,-9.19940726E+04,-2.39960868E+03,-8.97884802E+00,-2.43195650E-01,9.19955945E+03,2.39964847E+02,9.12000000E+03,2.40000000E+02,7.76987755E+06,1.63109167E+09
4.00000000E+01,1.00000000E+00,1.83973510E-02,1.39976908E+08,2.23890729E+02,5.33206583E+03,-0.00000000E+00,-0.00000000E+00,-1.05788044E-33,-2.76327849E-35,2.51200116E+09,6.30211158E+07,2.51234556E-01,6.30304370E-03,-2.51191934E+09,-6.30190341E+07,-1.17719048E+03,-3.21120042E+01,-0.00000000E+00,-0.00000000E+00,3.93674084E-38,9.96030094E-40,-0.00000000E+00,-0.00000000E+00,3.93674085E-38,9.96030096E-40,-9.43936801E+04,-2.39960748E+03,-9.22204621E+00,-2.43195484E-01,9.43952417E+03,2.39964727E+02,9.36000000E+03,2.40000000E+02,7.76987322E+06,1.63109167E+09
4.10000000E+01,1.00000000E+00,1.85741091E-02,1.39976830E+08,2.23879784E+02,5.47133998E+03,-0.00000000E+00,-0.00000000E+00,-1.08551247E-33,-2.76314339E-35,2.57503351E+09,6.30323556E+07,2.57538727E-01,6.30417136E-03,-2.57494962E+09,-6.30302739E+07,-1.20931065E+03,-3.21221408E+01,-0.00000000E+00,-0.00000000E+00,4.03633936E-38,9.95958280E-40,-0.00000000E+00,-0.00000000E+00,4.03633936E-38,9.95958282E-40,-9.67932863E+04,-2.39960628E+03,-9.46524423E+00,-2.43195313E-01,9.67948878E+03,2.39964608E+02,9.60000000E+03,2.40000000E+02,7.76986889E+06,1.63109167E+09
4.20000000E+01,1.00000000E+00,1.87506764E-02,1.39976752E+08,2.23868859E+02,5.61060732E+03,-0.00000000E+00,-0.00000000E+00,-1.11314315E-33,-2.76300855E-35,2.63807710E+09,6.30435894E+07,2.63844026E-01,6.30529842E-03,-2.63799112E+09,-6.30415078E+07,-1.24144094E+03,-3.21322587E+01,-0.00000000E+00,-0.00000000E+00,4.13593072E-38,9.95886882E-40,-0.00000000E+00,-0.00000000E+00,4.13593072E-38,9.95886884E-40,-9.91928914E+04,-2.39960508E+03,-9.70844206E+00,-2.43195137E-01,9.91945327E+03,2.39964488E+02,9.84000000E+03,2.40000000E+02,7.76986455E+06,1.63109167E+09
4.30000000E+01,1.00000000E+00,1.89270517E-02,1.39976674E+08,2.23857954E+02,5.74986788E+03,-0.00000000E+00,-0.00000000E+00,-1.14077249E-33,-2.76287395E-35,2.70113192E+09,6.30548173E+07,2.70150450E-01,6.30642490E-03,-2.70104386E+09,-6.30527357E+07,-1.27358132E+03,-3.21423581E+01,-0.00000000E+00,-0.00000000E+00,4.23551496E-38,9.95815895E-40,-0.00000000E+00,-0.00000000E+00,4.23551497E-38,9.95815896E-40,-1.01592495E+05,-2.39960388E+03,-9.95163972E+00,-2.43194955E-01,1.01594176E+04,2.39964369E+02,1.00800000E+04,2.40000000E+02,7.76986022E+06,1.63109167E+09
4.40000000E+01,1.00000000E+00,1.91032343E-02,1.39976595E+08,2.23847070E+02,5.88912166E+03,-0.00000000E+00,-0.00000000E+00,-1.16840048E-33,-2.76273960E-35,2.76419796E+09,6.30660394E+07,2.76458001E-01,6.30755080E-03,-2.76410782E+09,-6.30639579E+07,-1.30573180E+03,-3.21524393E+01,-0.00000000E+00,-0.00000000E+00,4.33509214E-38,9.95745315E-40,-0.00000000E+00,-0.00000000E+00,4.33509214E-38,9.95745317E-40,-1.03992098E+05,-2.39960269E+03,-1.01948372E+01,-2.43194769E-01,1.03993819E+04,2.39964250E+02,1.03200000E+04,2.40000000E+02,7.76985588E+06,1.63109167E+09
4.50000000E+01,1.00000000E+00,1.92792232E-02,1.39976517E+08,2.23836205E+02,6.02836868E+03,-0.00000000E+00,-0.00000000E+00,-1.19602713E-33,-2.76260550E-35,2.82727522E+09,6.30772557E+07,2.82766677E-01,6.30867612E-03,-2.82718299E+09,-6.30751742E+07,-1.33789234E+03,-3.21625026E+01,-0.00000000E+00,-0.00000000E+00,4.43466228E-38,9.95675138E-40,-0.00000000E+00,-0.00000000E+00,4.43466228E-38,9.95675140E-40,-1.06391699E+05,-2.39960149E+03,-1.04380345E+01,-2.43194577E-01,1.06393460E+04,2.39964131E+02,1.05600000E+04,2.40000000E+02,7.76985154E+06,1.63109167E+09
4.60000000E+01,1.00000000E+00,1.94560843E-02,1.39976439E+08,2.23825359E+02,6.16760894E+03,-0.00000000E+00,-0.00000000E+00,-1.22365243E-33,-2.76247163E-35,2.89036368E+09,6.30884661E+07,2.89076478E-01,6.30980086E-03,-2.89026938E+09,-6.30863846E+07,-1.37006293E+03,-3.21725482E+01,-0.00000000E+00,-0.00000000E+00,4.53422542E-38,9.95605361E-40,-0.00000000E+00,-0.00000000E+00,4.53422543E-38,9.95605363E-40,-1.08791300E+05,-2.39960030E+03,-1.06812315E+01,-2.43194380E-01,1.08793100E+04,2.39964012E+02,1.08000000E+04,2.40000000E+02,7.76984720E+06,1.63109167E+09
4.70000000E+01,1.00000000E+00,1.96342901E-02,1.39976361E+08,2.23814532E+02,6.30684247E+03,-0.00000000E+00,-0.00000000E+00,-1.25127641E-33,-2.76233799E-35,2.95346335E+09,6.30996708E+07,2.95387403E-01,6.31092503E-03,-2.95336697E+09,-6.30975894E+07,-1.40224356E+03,-3.21825764E+01,-0.00000000E+00,-0.00000000E+00,4.63378162E-38,9.95535980E-40,-0.00000000E+00,-0.00000000E+00,4.63378163E-38,9.95535982E-40,-1.11190899E+05,-2.39959910E+03,-1.09244284E+01,-2.43194178E-01,1.11192739E+04,2.39963893E+02,1.10400000E+04,2.40000000E+02,7.76984286E+06,1.63109167E+09
4.80000000E+01,1.00000000E+00,1.98124349E-02,1.39976283E+08,2.23803724E+02,6.44606926E+03,-0.00000000E+00,-0.00000000E+00,-1.27889904E-33,-2.76220459E-35,3.01657422E+09,6.31108697E+07,3.01699452E-01,6.31204862E-03,-3.01647575E+09,-6.31087883E+07,-1.43443420E+03,-3.21925874E+01,-0.00000000E+00,-0.00000000E+00,4.73333090E-38,9.95466992E-40,-0.00000000E+00,-0.00000000E+00,4.73333091E-38,9.95466994E-40,-1.13590497E+05,-2.39959791E+03,-1.11676251E+01,-2.43193971E-01,1.13592377E+04,2.39963774E+02,1.12800000E+04,2.40000000E+02,7.76983851E+06,1.63109167E+09
4.90000000E+01,1.00000000E+00,1.99904603E-02,1.39976204E+08,2.23792934E+02,6.58528934E+03,-0.00000000E+00,-0.00000000E+00,-1.30652035E-33,-2.76207142E-35,3.07969629E+09,6.31220630E+07,3.08012624E-01,6.31317165E-03,-3.07959574E+09,-6.31199816E+07,-1.46663483E+03,-3.22025814E+01,-0.00000000E+00,-0.00000000E+00,4.83287331E-38,9.95398393E-40,-0.00000000E+00,-0.00000000E+00,4.83287331E-38,9.95398393E-40,-1.15990094E+05,-2.39959672E+03,-1.14108215E+01,-2.43193760E-01,1.15992014E+04,2.39963655E+02,1.15200000E+04,2.40000000E+02,7.76983417E+06,1.63109167E+09
5.00000000E+01,1.00000000E+00,2.01683662E-02,1.39976126E+08,2.23782163E+02,6.72450271E+03,-0.00000000E+00,-0.00000000E+00,-1.33414032E-33,-2.76193847E-35,3.14282954E+09,6.31332505E+07,3.14326918E-01,6.31429410E-03,-3.14272690E+09,-6.31311691E+07,-1.49884545E+03,-3.22125587E+01,-0.00000000E+00,-0.00000000E+00,4.93240888E-38,9.95330178E-40,-0.00000000E+00,-0.00000000E+00,4.93240888E-38,9.95330178E-40,-1.18389689E+05,-2.39959553E+03,-1.16540178E+01,-2.43193543E-01,1.18391649E+04,2.39963537E+02,1.17600000E+04,2.40000000E+02,7.76982982E+06,1.63109167E+09
