Time [d],dt_flow [d],dt_tran [d],Global Water Mass in Liquid Phas [kg],Global Vaq [mol],Global Vim [mol],Top Water Mass [kg],Top Water Mass [kg/d],Top Vaq [mol],Top Vaq [mol/d],Right Water Mass [kg],Right Water Mass [kg/d],Right Vaq [mol],Right Vaq [mol/d],Left Water Mass [kg],Left Water Mass [kg/d],Left Vaq [mol],Left Vaq [mol/d],North Water Mass [kg],North Water Mass [kg/d],North Vaq [mol],North Vaq [mol/d],South Water Mass [kg],South Water Mass [kg/d],South Vaq [mol],South Vaq [mol/d],ExtractWell Water Mass [kg],ExtractWell Water Mass [kg/d],ExtractWell Vaq [mol],ExtractWell Vaq [mol/d],InjectWell Water Mass [kg],InjectWell Water Mass [kg/d],InjectWell Vaq [mol],InjectWell Vaq [mol/d],Region Region__all Water Mass [kg],Region Region__all Total Mass [kg]
1.00000000E+00,4.89000000E-01,9.00000000E-03,1.39978471E+08,6.19304819E-03,5.77628964E-03,-0.00000000E+00,-0.00000000E+00,5.89847284E-40,9.63600910E-40,2.08533510E+07,2.08537680E+07,2.08564406E-03,2.08568580E-03,-2.08526390E+07,-2.08526789E+07,-1.33991049E-03,-8.42822440E-04,-0.00000000E+00,-0.00000000E+00,5.86183655E-40,9.57615867E-40,-0.00000000E+00,-0.00000000E+00,5.86183655E-40,9.57615867E-40,-8.08073319E+02,-1.22621139E+03,-4.49587983E-08,-4.95609871E-08,8.08077716E+01,1.22621807E+02,8.08197600E-09,1.22640000E-08,7.76995997E+06,1.63109144E+09
2.00000000E+00,4.88000000E-01,8.00000000E-03,1.39978458E+08,1.55279873E+02,5.68330316E+01,-0.00000000E+00,-0.00000000E+00,-1.12729312E-35,-1.91642449E-35,4.17080786E+07,2.08548815E+07,4.17142593E-03,2.08579730E-03,-4.17052199E+07,-2.08527342E+07,-1.88520007E-03,-3.37060982E-04,-0.00000000E+00,-0.00000000E+00,1.74318118E-39,1.28831361E-39,-0.00000000E+00,-0.00000000E+00,1.74318118E-39,1.28831361E-39,-3.20770404E+03,-2.39963067E+03,-1.56832998E-06,-1.48880078E-05,3.20772158E+02,2.39964383E+02,2.40000000E+02,2.40000000E+02,7.76995925E+06,1.63109160E+09
3.00000000E+00,1.00000000E+00,5.60000000E-02,1.39978447E+08,2.17333744E+02,1.76182011E+02,-0.00000000E+00,-0.00000000E+00,-3.49515563E-35,-2.68234656E-35,6.25634941E+07,2.08554155E+07,6.25727676E-03,2.08585083E-03,-6.25584864E+07,-2.08532665E+07,-2.10315370E-03,-1.35125477E-04,-0.00000000E+00,-0.00000000E+00,3.09704273E-39,1.39625248E-39,-0.00000000E+00,-0.00000000E+00,3.09704273E-39,1.39625248E-39,-5.60733453E+03,-2.39963049E+03,-1.98469033E-03,-8.02975367E-03,5.60736527E+02,2.39964369E+02,4.80000000E+02,2.40000000E+02,7.76995865E+06,1.63109166E+09
4.00000000E+00,1.00000000E+00,4.00000000E-02,1.39978437E+08,2.41988168E+02,3.20594718E+02,-0.00000000E+00,-0.00000000E+00,-6.36031430E-35,-2.98665259E-35,8.34193902E+07,2.08558961E+07,8.34317578E-03,2.08589902E-03,-8.34122324E+07,-2.08537460E+07,-2.27749351E-03,-4.97195935E-04,-0.00000000E+00,-0.00000000E+00,4.51403184E-39,1.42953315E-39,-0.00000000E+00,-0.00000000E+00,4.51403184E-39,1.42953315E-39,-8.00696487E+03,-2.39963034E+03,-3.41385845E-02,-5.88481099E-02,8.00700881E+02,2.39964354E+02,7.20000000E+02,2.40000000E+02,7.76995812E+06,1.63109168E+09
5.00000000E+00,1.00000000E+00,4.00000000E-02,1.39978428E+08,2.51919232E+02,4.74843943E+02,-0.00000000E+00,-0.00000000E+00,-9.42064200E-35,-3.10923029E-35,1.04275737E+08,2.08563464E+07,1.04291200E-02,2.08594419E-03,-1.04266428E+08,-2.08541958E+07,-9.29383346E-03,-2.15589917E-02,-0.00000000E+00,-0.00000000E+00,5.94967110E-39,1.43920344E-39,-0.00000000E+00,-0.00000000E+00,5.94967110E-39,1.43920344E-39,-1.04065951E+04,-2.39963019E+03,-1.16834629E-01,-9.77760726E-02,1.04066522E+03,2.39964340E+02,9.60000000E+02,2.40000000E+02,7.76995762E+06,1.63109169E+09
6.00000000E+00,1.00000000E+00,4.00000000E-02,1.39978420E+08,2.55868282E+02,6.33041044E+02,-0.00000000E+00,-0.00000000E+00,-1.25593006E-34,-3.15797285E-35,1.25132518E+08,2.08567815E+07,1.25151078E-02,2.08598783E-03,-1.25121059E+08,-2.08546306E+07,-9.11380431E-02,-1.63965288E-01,-0.00000000E+00,-0.00000000E+00,7.39045368E-39,1.44165223E-39,-0.00000000E+00,-0.00000000E+00,7.39045368E-39,1.44165223E-39,-1.28062251E+04,-2.39963005E+03,-2.20542200E-01,-1.06448545E-01,1.28062955E+03,2.39964326E+02,1.20000000E+03,2.40000000E+02,7.76995713E+06,1.63109170E+09
7.00000000E+00,1.00000000E+00,6.01203879E-02,1.39978411E+08,2.57301308E+02,7.92772522E+02,-0.00000000E+00,-0.00000000E+00,-1.57284031E-34,-3.17566049E-35,1.45989728E+08,2.08572096E+07,1.46011386E-02,2.08603078E-03,-1.45976117E+08,-2.08550585E+07,-3.97914137E-01,-4.32319119E-01,-0.00000000E+00,-0.00000000E+00,8.83244137E-39,1.44214966E-39,-0.00000000E+00,-0.00000000E+00,8.83244137E-39,1.44214966E-39,-1.52058550E+04,-2.39962991E+03,-3.27630542E-01,-1.07323066E-01,1.52059386E+03,2.39964312E+02,1.44000000E+03,2.40000000E+02,7.76995666E+06,1.63109170E+09
8.00000000E+00,1.00000000E+00,3.11863982E-02,1.39978402E+08,2.57732608E+02,9.53010198E+02,-0.00000000E+00,-0.00000000E+00,-1.89075493E-34,-3.18098396E-35,1.66847362E+08,2.08576346E+07,1.66872120E-02,2.08607341E-03,-1.66831601E+08,-2.08554835E+07,-9.51407085E-01,-6.33543944E-01,-0.00000000E+00,-0.00000000E+00,1.02746465E-38,1.44222887E-39,-0.00000000E+00,-0.00000000E+00,1.02746465E-38,1.44222887E-39,-1.76054848E+04,-2.39962977E+03,-4.34999566E-01,-1.07384556E-01,1.76055816E+03,2.39964298E+02,1.68000000E+03,2.40000000E+02,7.76995619E+06,1.63109170E+09
9.00000000E+00,1.00000000E+00,3.12077798E-02,1.39978394E+08,2.57831580E+02,1.11338248E+03,-0.00000000E+00,-0.00000000E+00,-2.20893662E-34,-3.18220556E-35,1.87705421E+08,2.08580583E+07,1.87733279E-02,2.08611590E-03,-1.87687508E+08,-2.08559071E+07,-1.63651817E+00,-7.12710667E-01,-0.00000000E+00,-0.00000000E+00,1.17168803E-38,1.44223507E-39,-0.00000000E+00,-0.00000000E+00,1.17168803E-38,1.44223507E-39,-2.00051144E+04,-2.39962963E+03,-5.42388558E-01,-1.07391108E-01,2.00052244E+03,2.39964284E+02,1.92000000E+03,2.40000000E+02,7.76995572E+06,1.63109170E+09
1.00000000E+01,1.00000000E+00,8.82122702E-02,1.39978386E+08,2.57848965E+02,1.27378195E+03,-0.00000000E+00,-0.00000000E+00,-2.52717225E-34,-3.18242014E-35,2.08563902E+08,2.08584812E+07,2.08594862E-02,2.08615833E-03,-2.08543838E+08,-2.08563300E+07,-2.36267036E+00,-7.32396624E-01,-0.00000000E+00,-0.00000000E+00,1.31591130E-38,1.44223116E-39,-0.00000000E+00,-0.00000000E+00,1.31591130E-38,1.44223116E-39,-2.24047439E+04,-2.39962949E+03,-6.49781951E-01,-1.07394871E-01,2.24048671E+03,2.39964270E+02,2.16000000E+03,2.40000000E+02,7.76995525E+06,1.63109170E+09
1.10000000E+01,1.00000000E+00,8.82300911E-02,1.39978377E+08,2.57851289E+02,1.43418568E+03,-0.00000000E+00,-0.00000000E+00,-2.84541634E-34,-3.18244882E-35,2.29422805E+08,2.08589036E+07,2.29456869E-02,2.08620071E-03,-2.29400590E+08,-2.08567524E+07,-3.09752965E+00,-7.35895649E-01,-0.00000000E+00,-0.00000000E+00,1.46013410E-38,1.44222611E-39,-0.00000000E+00,-0.00000000E+00,1.46013410E-38,1.44222611E-39,-2.48043733E+04,-2.39962935E+03,-7.57179009E-01,-1.07398510E-01,2.48045097E+03,2.39964257E+02,2.40000000E+03,2.40000000E+02,7.76995478E+06,1.63109170E+09
1.20000000E+01,1.00000000E+00,8.82478374E-02,1.39978369E+08,2.57851467E+02,1.59458990E+03,-0.00000000E+00,-0.00000000E+00,-3.16366141E-34,-3.18245103E-35,2.50282131E+08,2.08593257E+07,2.50319300E-02,2.08624304E-03,-2.50257765E+08,-2.08571745E+07,-3.83380047E+00,-7.36422560E-01,-0.00000000E+00,-0.00000000E+00,1.60435639E-38,1.44222097E-39,-0.00000000E+00,-0.00000000E+00,1.60435639E-38,1.44222097E-39,-2.72040025E+04,-2.39962921E+03,-8.64579700E-01,-1.07402137E-01,2.72041521E+03,2.39964243E+02,2.64000000E+03,2.40000000E+02,7.76995431E+06,1.63109170E+09
1.30000000E+01,1.00000000E+00,8.82655134E-02,1.39978360E+08,2.57851404E+02,1.75499412E+03,-0.00000000E+00,-0.00000000E+00,-3.48190647E-34,-3.18245024E-35,2.71141878E+08,2.08597474E+07,2.71182153E-02,2.08628535E-03,-2.71115361E+08,-2.08575962E+07,-4.57030790E+00,-7.36546609E-01,-0.00000000E+00,-0.00000000E+00,1.74857816E-38,1.44221587E-39,-0.00000000E+00,-0.00000000E+00,1.74857816E-38,1.44221587E-39,-2.96036315E+04,-2.39962907E+03,-9.71984007E-01,-1.07405746E-01,2.96037944E+03,2.39964229E+02,2.88000000E+03,2.40000000E+02,7.76995384E+06,1.63109170E+09
1.40000000E+01,1.00000000E+00,8.82831221E-02,1.39978352E+08,2.57851319E+02,1.91539829E+03,-0.00000000E+00,-0.00000000E+00,-3.80015143E-34,-3.18244919E-35,2.92002047E+08,2.08601688E+07,2.92045429E-02,2.08632762E-03,-2.91973378E+08,-2.08580175E+07,-5.30690786E+00,-7.36627724E-01,-0.00000000E+00,-0.00000000E+00,1.89279943E-38,1.44221079E-39,-0.00000000E+00,-0.00000000E+00,1.89279943E-38,1.44221079E-39,-3.20032605E+04,-2.39962893E+03,-1.07939191E+00,-1.07409339E-01,3.20034366E+03,2.39964216E+02,3.12000000E+03,2.40000000E+02,7.76995337E+06,1.63109170E+09
1.50000000E+01,1.00000000E+00,8.83006662E-02,1.39978343E+08,2.57851232E+02,2.07580241E+03,-0.00000000E+00,-0.00000000E+00,-4.11839629E-34,-3.18244812E-35,3.12862637E+08,2.08605898E+07,3.12909128E-02,2.08636985E-03,-3.12831817E+08,-2.08584385E+07,-6.04358600E+00,-7.36704859E-01,-0.00000000E+00,-0.00000000E+00,2.03702019E-38,1.44220575E-39,-0.00000000E+00,-0.00000000E+00,2.03702019E-38,1.44220575E-39,-3.44028893E+04,-2.39962879E+03,-1.18680340E+00,-1.07412919E-01,3.44030786E+03,2.39964202E+02,3.36000000E+03,2.40000000E+02,7.76995291E+06,1.63109170E+09
1.60000000E+01,1.00000000E+00,8.83181479E-02,1.39978335E+08,2.57851145E+02,2.23620647E+03,-0.00000000E+00,-0.00000000E+00,-4.43664104E-34,-3.18244705E-35,3.33723647E+08,2.08610105E+07,3.33773248E-02,2.08641205E-03,-3.33690676E+08,-2.08588592E+07,-6.78034089E+00,-7.36781436E-01,-0.00000000E+00,-0.00000000E+00,2.18124045E-38,1.44220074E-39,-0.00000000E+00,-0.00000000E+00,2.18124045E-38,1.44220074E-39,-3.68025179E+04,-2.39962866E+03,-1.29421847E+00,-1.07416486E-01,3.68027205E+03,2.39964188E+02,3.60000000E+03,2.40000000E+02,7.76995244E+06,1.63109170E+09
1.70000000E+01,1.00000000E+00,8.83355693E-02,1.39978327E+08,2.57851059E+02,2.39661048E+03,-0.00000000E+00,-0.00000000E+00,-4.75488569E-34,-3.18244598E-35,3.54585078E+08,2.08614308E+07,3.54637791E-02,2.08645422E-03,-3.54549956E+08,-2.08592796E+07,-7.51717216E+00,-7.36857722E-01,-0.00000000E+00,-0.00000000E+00,2.32546021E-38,1.44219576E-39,-0.00000000E+00,-0.00000000E+00,2.32546021E-38,1.44219576E-39,-3.92021464E+04,-2.39962852E+03,-1.40163709E+00,-1.07420041E-01,3.92023622E+03,2.39964175E+02,3.84000000E+03,2.40000000E+02,7.76995197E+06,1.63109170E+09
1.80000000E+01,1.00000000E+00,8.83529325E-02,1.39978318E+08,2.57850973E+02,2.55701444E+03,-0.00000000E+00,-0.00000000E+00,-5.07313022E-34,-3.18244492E-35,3.75446929E+08,2.08618508E+07,3.75502754E-02,2.08649635E-03,-3.75409655E+08,-2.08596996E+07,-8.25407954E+00,-7.36933747E-01,-0.00000000E+00,-0.00000000E+00,2.46967948E-38,1.44219081E-39,-0.00000000E+00,-0.00000000E+00,2.46967948E-38,1.44219081E-39,-4.16017748E+04,-2.39962838E+03,-1.50905926E+00,-1.07423584E-01,4.16020038E+03,2.39964161E+02,4.08000000E+03,2.40000000E+02,7.76995151E+06,1.63109170E+09
1.90000000E+01,1.00000000E+00,8.83702391E-02,1.39978310E+08,2.57850887E+02,2.71741834E+03,-0.00000000E+00,-0.00000000E+00,-5.39137465E-34,-3.18244386E-35,3.96309200E+08,2.08622705E+07,3.96368138E-02,2.08653845E-03,-3.96269774E+08,-2.08601192E+07,-8.99106279E+00,-7.37009522E-01,-0.00000000E+00,-0.00000000E+00,2.61389825E-38,1.44218590E-39,-0.00000000E+00,-0.00000000E+00,2.61389825E-38,1.44218590E-39,-4.40014031E+04,-2.39962825E+03,-1.61648497E+00,-1.07427115E-01,4.40016453E+03,2.39964148E+02,4.32000000E+03,2.40000000E+02,7.76995104E+06,1.63109170E+09
2.00000000E+01,1.00000000E+00,8.83874910E-02,1.39978301E+08,2.57850801E+02,2.87782219E+03,-0.00000000E+00,-0.00000000E+00,-5.70961898E-34,-3.18244281E-35,4.17171889E+08,2.08626898E+07,4.17233944E-02,2.08658051E-03,-4.17130313E+08,-2.08605385E+07,-9.72812165E+00,-7.37085056E-01,-0.00000000E+00,-0.00000000E+00,2.75811653E-38,1.44218101E-39,-0.00000000E+00,-0.00000000E+00,2.75811653E-38,1.44218101E-39,-4.64010312E+04,-2.39962811E+03,-1.72391420E+00,-1.07430636E-01,4.64012867E+03,2.39964135E+02,4.56000000E+03,2.40000000E+02,7.76995057E+06,1.63109170E+09
2.10000000E+01,1.00000000E+00,8.84046897E-02,1.39978293E+08,2.57850716E+02,3.03822599E+03,-0.00000000E+00,-0.00000000E+00,-6.02786320E-34,-3.18244175E-35,4.38034998E+08,2.08631088E+07,4.38100169E-02,2.08662254E-03,-4.37991270E+08,-2.08609575E+07,-1.04652559E+01,-7.37160357E-01,-0.00000000E+00,-0.00000000E+00,2.90233433E-38,1.44217616E-39,-0.00000000E+00,-0.00000000E+00,2.90233433E-38,1.44217616E-39,-4.88006592E+04,-2.39962798E+03,-1.83134695E+00,-1.07434145E-01,4.88009279E+03,2.39964121E+02,4.80000000E+03,2.40000000E+02,7.76995011E+06,1.63109170E+09
2.20000000E+01,1.00000000E+00,8.84218366E-02,1.39978285E+08,2.57850631E+02,3.19862973E+03,-0.00000000E+00,-0.00000000E+00,-6.34610732E-34,-3.18244071E-35,4.58898526E+08,2.08635275E+07,4.58966814E-02,2.08666454E-03,-4.58852647E+08,-2.08613762E+07,-1.12024653E+01,-7.37235430E-01,-0.00000000E+00,-0.00000000E+00,3.04655164E-38,1.44217133E-39,-0.00000000E+00,-0.00000000E+00,3.04655164E-38,1.44217133E-39,-5.12002870E+04,-2.39962784E+03,-1.93878320E+00,-1.07437644E-01,5.12005690E+03,2.39964108E+02,5.04000000E+03,2.40000000E+02,7.76994964E+06,1.63109170E+09
2.30000000E+01,1.00000000E+00,8.84389333E-02,1.39978276E+08,2.57850547E+02,3.35903342E+03,-0.00000000E+00,-0.00000000E+00,-6.66435133E-34,-3.18243966E-35,4.79762471E+08,2.08639458E+07,4.79833879E-02,2.08670650E-03,-4.79714441E+08,-2.08617945E+07,-1.19397496E+01,-7.37310284E-01,-0.00000000E+00,-0.00000000E+00,3.19076847E-38,1.44216654E-39,-0.00000000E+00,-0.00000000E+00,3.19076847E-38,1.44216654E-39,-5.35999147E+04,-2.39962771E+03,-2.04622294E+00,-1.07441133E-01,5.36002099E+03,2.39964095E+02,5.28000000E+03,2.40000000E+02,7.76994918E+06,1.63109170E+09
2.40000000E+01,1.00000000E+00,8.84559810E-02,1.39978268E+08,2.57850462E+02,3.51943706E+03,-0.00000000E+00,-0.00000000E+00,-6.98259524E-34,-3.18243862E-35,5.00626835E+08,2.08643638E+07,5.00701364E-02,2.08674844E-03,-5.00576654E+08,-2.08622125E+07,-1.26771087E+01,-7.37384923E-01,-0.00000000E+00,-0.00000000E+00,3.33498483E-38,1.44216178E-39,-0.00000000E+00,-0.00000000E+00,3.33498483E-38,1.44216178E-39,-5.59995423E+04,-2.39962758E+03,-2.15366616E+00,-1.07444612E-01,5.59998507E+03,2.39964082E+02,5.52000000E+03,2.40000000E+02,7.76994871E+06,1.63109170E+09
2.50000000E+01,1.00000000E+00,8.84729810E-02,1.39978259E+08,2.57850378E+02,3.67984064E+03,-0.00000000E+00,-0.00000000E+00,-7.30083904E-34,-3.18243758E-35,5.21491617E+08,2.08647815E+07,5.21569267E-02,2.08679034E-03,-5.21439284E+08,-2.08626302E+07,-1.34145422E+01,-7.37459354E-01,-0.00000000E+00,-0.00000000E+00,3.47920071E-38,1.44215705E-39,-0.00000000E+00,-0.00000000E+00,3.47920071E-38,1.44215705E-39,-5.83991697E+04,-2.39962744E+03,-2.26111286E+00,-1.07448081E-01,5.83994914E+03,2.39964068E+02,5.76000000E+03,2.40000000E+02,7.76994825E+06,1.63109170E+09
2.60000000E+01,1.00000000E+00,8.84899343E-02,1.39978251E+08,2.57850294E+02,3.84024418E+03,-0.00000000E+00,-0.00000000E+00,-7.61908274E-34,-3.18243654E-35,5.42356816E+08,2.08651989E+07,5.42437589E-02,2.08683220E-03,-5.42302331E+08,-2.08630476E+07,-1.41520501E+01,-7.37533583E-01,-0.00000000E+00,-0.00000000E+00,3.62341612E-38,1.44215234E-39,-0.00000000E+00,-0.00000000E+00,3.62341612E-38,1.44215234E-39,-6.07987970E+04,-2.39962731E+03,-2.36856302E+00,-1.07451541E-01,6.07991320E+03,2.39964055E+02,6.00000000E+03,2.40000000E+02,7.76994778E+06,1.63109170E+09
2.70000000E+01,1.00000000E+00,8.85068422E-02,1.39978243E+08,2.57850210E+02,4.00064766E+03,-0.00000000E+00,-0.00000000E+00,-7.93732633E-34,-3.18243551E-35,5.63222432E+08,2.08656159E+07,5.63306330E-02,2.08687404E-03,-5.63165796E+08,-2.08634646E+07,-1.48896320E+01,-7.37607614E-01,-0.00000000E+00,-0.00000000E+00,3.76763106E-38,1.44214767E-39,-0.00000000E+00,-0.00000000E+00,3.76763106E-38,1.44214767E-39,-6.31984242E+04,-2.39962718E+03,-2.47601664E+00,-1.07454991E-01,6.31987724E+03,2.39964042E+02,6.24000000E+03,2.40000000E+02,7.76994732E+06,1.63109170E+09
2.80000000E+01,1.00000000E+00,8.85237056E-02,1.39978234E+08,2.57850127E+02,4.16105109E+03,-0.00000000E+00,-0.00000000E+00,-8.25556982E-34,-3.18243448E-35,5.84088464E+08,2.08660326E+07,5.84175488E-02,2.08691584E-03,-5.84029677E+08,-2.08638813E+07,-1.56272879E+01,-7.37681452E-01,-0.00000000E+00,-0.00000000E+00,3.91184553E-38,1.44214302E-39,-0.00000000E+00,-0.00000000E+00,3.91184553E-38,1.44214302E-39,-6.55980513E+04,-2.39962705E+03,-2.58347370E+00,-1.07458432E-01,6.55984127E+03,2.39964029E+02,6.48000000E+03,2.40000000E+02,7.76994686E+06,1.63109170E+09
2.90000000E+01,1.00000000E+00,8.85405255E-02,1.39978226E+08,2.57850044E+02,4.32145447E+03,-0.00000000E+00,-0.00000000E+00,-8.57381321E-34,-3.18243345E-35,6.04954913E+08,2.08664490E+07,6.05045064E-02,2.08695761E-03,-6.04893975E+08,-2.08642977E+07,-1.63650175E+01,-7.37755102E-01,-0.00000000E+00,-0.00000000E+00,4.05605954E-38,1.44213840E-39,-0.00000000E+00,-0.00000000E+00,4.05605954E-38,1.44213840E-39,-6.79976782E+04,-2.39962691E+03,-2.69093419E+00,-1.07461865E-01,6.79980528E+03,2.39964016E+02,6.72000000E+03,2.40000000E+02,7.76994639E+06,1.63109170E+09
3.00000000E+01,1.00000000E+00,8.85573028E-02,1.39978218E+08,2.57849961E+02,4.48185779E+03,-0.00000000E+00,-0.00000000E+00,-8.89205650E-34,-3.18243243E-35,6.25821778E+08,2.08668650E+07,6.25915057E-02,2.08699934E-03,-6.25758689E+08,-2.08647137E+07,-1.71028206E+01,-7.37828567E-01,-0.00000000E+00,-0.00000000E+00,4.20027310E-38,1.44213382E-39,-0.00000000E+00,-0.00000000E+00,4.20027310E-38,1.44213382E-39,-7.03973050E+04,-2.39962678E+03,-2.79839812E+00,-1.07465289E-01,7.03976929E+03,2.39964003E+02,6.96000000E+03,2.40000000E+02,7.76994593E+06,1.63109170E+09
3.10000000E+01,1.00000000E+00,8.85740384E-02,1.39978209E+08,2.57849878E+02,4.64226107E+03,-0.00000000E+00,-0.00000000E+00,-9.21029969E-34,-3.18243140E-35,6.46689059E+08,2.08672808E+07,6.46785468E-02,2.08704105E-03,-6.46623818E+08,-2.08651294E+07,-1.78406970E+01,-7.37901853E-01,-0.00000000E+00,-0.00000000E+00,4.34448619E-38,1.44212925E-39,-0.00000000E+00,-0.00000000E+00,4.34448619E-38,1.44212925E-39,-7.27969316E+04,-2.39962665E+03,-2.90586546E+00,-1.07468704E-01,7.27973328E+03,2.39963990E+02,7.20000000E+03,2.40000000E+02,7.76994547E+06,1.63109170E+09
3.20000000E+01,1.00000000E+00,8.85907331E-02,1.39978201E+08,2.57849795E+02,4.80266429E+03,-0.00000000E+00,-0.00000000E+00,-9.52854277E-34,-3.18243038E-35,6.67556755E+08,2.08676962E+07,6.67656295E-02,2.08708272E-03,-6.67489363E+08,-2.08655449E+07,-1.85786466E+01,-7.37974963E-01,-0.00000000E+00,-0.00000000E+00,4.48869883E-38,1.44212472E-39,-0.00000000E+00,-0.00000000E+00,4.48869883E-38,1.44212472E-39,-7.51965581E+04,-2.39962652E+03,-3.01333621E+00,-1.07472111E-01,7.51969725E+03,2.39963977E+02,7.44000000E+03,2.40000000E+02,7.76994501E+06,1.63109170E+09
3.30000000E+01,1.00000000E+00,8.86073877E-02,1.39978193E+08,2.57849713E+02,4.96306746E+03,-0.00000000E+00,-0.00000000E+00,-9.84678575E-34,-3.18242937E-35,6.88424866E+08,2.08681113E+07,6.88527539E-02,2.08712436E-03,-6.88355323E+08,-2.08659600E+07,-1.93166692E+01,-7.38047900E-01,-0.00000000E+00,-0.00000000E+00,4.63291102E-38,1.44212022E-39,-0.00000000E+00,-0.00000000E+00,4.63291102E-38,1.44212022E-39,-7.75961845E+04,-2.39962639E+03,-3.12081036E+00,-1.07475510E-01,7.75966122E+03,2.39963964E+02,7.68000000E+03,2.40000000E+02,7.76994454E+06,1.63109170E+09
3.40000000E+01,1.00000000E+00,8.86240030E-02,1.39978184E+08,2.57849630E+02,5.12347058E+03,-0.00000000E+00,-0.00000000E+00,-1.01650286E-33,-3.18242835E-35,7.09293393E+08,2.08685261E+07,7.09399198E-02,2.08716597E-03,-7.09221698E+08,-2.08663747E+07,-2.00547647E+01,-7.38120669E-01,-0.00000000E+00,-0.00000000E+00,4.77712276E-38,1.44211574E-39,-0.00000000E+00,-0.00000000E+00,4.77712276E-38,1.44211574E-39,-7.99958108E+04,-2.39962626E+03,-3.22828791E+00,-1.07478901E-01,7.99962517E+03,2.39963951E+02,7.92000000E+03,2.40000000E+02,7.76994408E+06,1.63109170E+09
3.50000000E+01,1.00000000E+00,8.86405796E-02,1.39978176E+08,2.57849548E+02,5.28387365E+03,-0.00000000E+00,-0.00000000E+00,-1.04832714E-33,-3.18242734E-35,7.30162333E+08,2.08689405E+07,7.30271274E-02,2.08720754E-03,-7.30088487E+08,-2.08667892E+07,-2.07929328E+01,-7.38193272E-01,-0.00000000E+00,-0.00000000E+00,4.92133405E-38,1.44211128E-39,-0.00000000E+00,-0.00000000E+00,4.92133405E-38,1.44211128E-39,-8.23954369E+04,-2.39962613E+03,-3.33576885E+00,-1.07482284E-01,8.23958911E+03,2.39963938E+02,8.16000000E+03,2.40000000E+02,7.76994362E+06,1.63109170E+09
3.60000000E+01,1.00000000E+00,8.86571183E-02,1.39978168E+08,2.57849466E+02,5.44427667E+03,-0.00000000E+00,-0.00000000E+00,-1.08015141E-33,-3.18242633E-35,7.51031688E+08,2.08693547E+07,7.51143765E-02,2.08724909E-03,-7.50955690E+08,-2.08672033E+07,-2.15311734E+01,-7.38265712E-01,-0.00000000E+00,-0.00000000E+00,5.06554490E-38,1.44210686E-39,-0.00000000E+00,-0.00000000E+00,5.06554490E-38,1.44210686E-39,-8.47950629E+04,-2.39962600E+03,-3.44325316E+00,-1.07485660E-01,8.47955303E+03,2.39963926E+02,8.40000000E+03,2.40000000E+02,7.76994316E+06,1.63109170E+09
3.70000000E+01,1.00000000E+00,8.86736197E-02,1.39978160E+08,2.57849385E+02,5.60467963E+03,-0.00000000E+00,-0.00000000E+00,-1.11197567E-33,-3.18242532E-35,7.71901456E+08,2.08697685E+07,7.72016671E-02,2.08729060E-03,-7.71823307E+08,-2.08676172E+07,-2.22694863E+01,-7.38337992E-01,-0.00000000E+00,-0.00000000E+00,5.20975531E-38,1.44210246E-39,-0.00000000E+00,-0.00000000E+00,5.20975531E-38,1.44210246E-39,-8.71946888E+04,-2.39962587E+03,-3.55074085E+00,-1.07489028E-01,8.71951694E+03,2.39963913E+02,8.64000000E+03,2.40000000E+02,7.76994270E+06,1.63109170E+09
3.80000000E+01,1.00000000E+00,8.86900843E-02,1.39978151E+08,2.57849303E+02,5.76508255E+03,-0.00000000E+00,-0.00000000E+00,-1.14379991E-33,-3.18242431E-35,7.92771638E+08,2.08701821E+07,7.92889992E-02,2.08733209E-03,-7.92691338E+08,-2.08680307E+07,-2.30078714E+01,-7.38410115E-01,-0.00000000E+00,-0.00000000E+00,5.35396528E-38,1.44209809E-39,-0.00000000E+00,-0.00000000E+00,5.35396528E-38,1.44209809E-39,-8.95943145E+04,-2.39962574E+03,-3.65823189E+00,-1.07492388E-01,8.95948084E+03,2.39963900E+02,8.88000000E+03,2.40000000E+02,7.76994224E+06,1.63109170E+09
3.90000000E+01,1.00000000E+00,8.87065128E-02,1.39978143E+08,2.57849222E+02,5.92548542E+03,-0.00000000E+00,-0.00000000E+00,-1.17562415E-33,-3.18242331E-35,8.13642234E+08,2.08705953E+07,8.13763727E-02,2.08737354E-03,-8.13559782E+08,-2.08684439E+07,-2.37463286E+01,-7.38482085E-01,-0.00000000E+00,-0.00000000E+00,5.49817482E-38,1.44209374E-39,-0.00000000E+00,-0.00000000E+00,5.49817482E-38,1.44209374E-39,-9.19939401E+04,-2.39962561E+03,-3.76572630E+00,-1.07495741E-01,9.19944473E+03,2.39963887E+02,9.12000000E+03,2.40000000E+02,7.76994178E+06,1.63109170E+09
4.00000000E+01,1.00000000E+00,8.87229057E-02,1.39978135E+08,2.57849141E+02,6.08588823E+03,-0.00000000E+00,-0.00000000E+00,-1.20744838E-33,-3.18242231E-35,8.34513242E+08,2.08710082E+07,8.34637877E-02,2.08741496E-03,-8.34428639E+08,-2.08688568E+07,-2.44848576E+01,-7.38553903E-01,-0.00000000E+00,-0.00000000E+00,5.64238392E-38,1.44208942E-39,-0.00000000E+00,-0.00000000E+00,5.64238392E-38,1.44208942E-39,-9.43935656E+04,-2.39962548E+03,-3.87322405E+00,-1.07499087E-01,9.43940861E+03,2.39963874E+02,9.36000000E+03,2.40000000E+02,7.76994132E+06,1.63109170E+09
4.10000000E+01,1.00000000E+00,8.87392637E-02,1.39978126E+08,2.57849060E+02,6.24629100E+03,-0.00000000E+00,-0.00000000E+00,-1.23927260E-33,-3.18242131E-35,8.55384663E+08,2.08714208E+07,8.55512440E-02,2.08745635E-03,-8.55297908E+08,-2.08692694E+07,-2.52234583E+01,-7.38625571E-01,-0.00000000E+00,-0.00000000E+00,5.78659259E-38,1.44208513E-39,-0.00000000E+00,-0.00000000E+00,5.78659259E-38,1.44208513E-39,-9.67931909E+04,-2.39962535E+03,-3.98072514E+00,-1.07502426E-01,9.67937247E+03,2.39963862E+02,9.60000000E+03,2.40000000E+02,7.76994086E+06,1.63109170E+09
4.20000000E+01,1.00000000E+00,8.87555871E-02,1.39978118E+08,2.57848979E+02,6.40669371E+03,-0.00000000E+00,-0.00000000E+00,-1.27109680E-33,-3.18242031E-35,8.76256496E+08,2.08718331E+07,8.76387417E-02,2.08749771E-03,-8.76167590E+08,-2.08696817E+07,-2.59621306E+01,-7.38697093E-01,-0.00000000E+00,-0.00000000E+00,5.93080084E-38,1.44208086E-39,-0.00000000E+00,-0.00000000E+00,5.93080084E-38,1.44208086E-39,-9.91928162E+04,-2.39962522E+03,-4.08822957E+00,-1.07505758E-01,9.91933632E+03,2.39963849E+02,9.84000000E+03,2.40000000E+02,7.76994040E+06,1.63109170E+09
4.30000000E+01,1.00000000E+00,8.87718764E-02,1.39978110E+08,2.57848898E+02,6.56709638E+03,-0.00000000E+00,-0.00000000E+00,-1.30292100E-33,-3.18241931E-35,8.97128741E+08,2.08722451E+07,8.97262807E-02,2.08753904E-03,-8.97037684E+08,-2.08700937E+07,-2.67008744E+01,-7.38768470E-01,-0.00000000E+00,-0.00000000E+00,6.07500866E-38,1.44207661E-39,-0.00000000E+00,-0.00000000E+00,6.07500866E-38,1.44207661E-39,-1.01592441E+05,-2.39962509E+03,-4.19573733E+00,-1.07509083E-01,1.01593002E+04,2.39963836E+02,1.00800000E+04,2.40000000E+02,7.76993994E+06,1.63109170E+09
4.40000000E+01,1.00000000E+00,8.87881323E-02,1.39978102E+08,2.57848818E+02,6.72749899E+03,-0.00000000E+00,-0.00000000E+00,-1.33474519E-33,-3.18241832E-35,9.18001398E+08,2.08726568E+07,9.18138611E-02,2.08758033E-03,-9.17908189E+08,-2.08705054E+07,-2.74396894E+01,-7.38839705E-01,-0.00000000E+00,-0.00000000E+00,6.21921605E-38,1.44207239E-39,-0.00000000E+00,-0.00000000E+00,6.21921605E-38,1.44207239E-39,-1.03992066E+05,-2.39962497E+03,-4.30324841E+00,-1.07512401E-01,1.03992640E+04,2.39963824E+02,1.03200000E+04,2.40000000E+02,7.76993948E+06,1.63109170E+09
4.50000000E+01,1.00000000E+00,8.88043550E-02,1.39978093E+08,2.57848737E+02,6.88790155E+03,-0.00000000E+00,-0.00000000E+00,-1.36656937E-33,-3.18241733E-35,9.38874466E+08,2.08730681E+07,9.39014827E-02,2.08762160E-03,-9.38779106E+08,-2.08709167E+07,-2.81785755E+01,-7.38910799E-01,-0.00000000E+00,-0.00000000E+00,6.36342303E-38,1.44206819E-39,-0.00000000E+00,-0.00000000E+00,6.36342303E-38,1.44206819E-39,-1.06391691E+05,-2.39962484E+03,-4.41076280E+00,-1.07515712E-01,1.06392278E+04,2.39963811E+02,1.05600000E+04,2.40000000E+02,7.76993902E+06,1.63109170E+09
4.60000000E+01,1.00000000E+00,8.88205452E-02,1.39978085E+08,2.57848657E+02,7.04830407E+03,-0.00000000E+00,-0.00000000E+00,-1.39839353E-33,-3.18241634E-35,9.59747945E+08,2.08734792E+07,9.59891455E-02,2.08766284E-03,-9.59650433E+08,-2.08713278E+07,-2.89175327E+01,-7.38981755E-01,-0.00000000E+00,-0.00000000E+00,6.50762958E-38,1.44206402E-39,-0.00000000E+00,-0.00000000E+00,6.50762958E-38,1.44206402E-39,-1.08791316E+05,-2.39962471E+03,-4.51828050E+00,-1.07519017E-01,1.08791916E+04,2.39963798E+02,1.08000000E+04,2.40000000E+02,7.76993857E+06,1.63109170E+09
4.70000000E+01,1.00000000E+00,8.88367030E-02,1.39978077E+08,2.57848577E+02,7.20870653E+03,-0.00000000E+00,-0.00000000E+00,-1.43021769E-33,-3.18241535E-35,9.80621835E+08,2.08738900E+07,9.80768496E-02,2.08770404E-03,-9.80522172E+08,-2.08717386E+07,-2.96565607E+01,-7.39052575E-01,-0.00000000E+00,-0.00000000E+00,6.65183573E-38,1.44205987E-39,-0.00000000E+00,-0.00000000E+00,6.65183573E-38,1.44205987E-39,-1.11190940E+05,-2.39962458E+03,-4.62580150E+00,-1.07522316E-01,1.11191554E+04,2.39963786E+02,1.10400000E+04,2.40000000E+02,7.76993811E+06,1.63109170E+09
4.80000000E+01,1.00000000E+00,8.88528291E-02,1.39978069E+08,2.57848497E+02,7.36910895E+03,-0.00000000E+00,-0.00000000E+00,-1.46204184E-33,-3.18241437E-35,1.00149614E+09,2.08743004E+07,1.00164595E-01,2.08774522E-03,-1.00139432E+09,-2.08721490E+07,-3.03956595E+01,-7.39123260E-01,-0.00000000E+00,-0.00000000E+00,6.79604145E-38,1.44205575E-39,-0.00000000E+00,-0.00000000E+00,6.79604145E-38,1.44205575E-39,-1.13590565E+05,-2.39962446E+03,-4.73332579E+00,-1.07525608E-01,1.13591191E+04,2.39963773E+02,1.12800000E+04,2.40000000E+02,7.76993765E+06,1.63109170E+09
4.90000000E+01,1.00000000E+00,8.88689237E-02,1.39978060E+08,2.57848418E+02,7.52951131E+03,-0.00000000E+00,-0.00000000E+00,-1.49386598E-33,-3.18241338E-35,1.02237085E+09,2.08747106E+07,1.02252381E-01,2.08778636E-03,-1.02226688E+09,-2.08725592E+07,-3.11348289E+01,-7.39193812E-01,-0.00000000E+00,-0.00000000E+00,6.94024677E-38,1.44205165E-39,-0.00000000E+00,-0.00000000E+00,6.94024677E-38,1.44205165E-39,-1.15990189E+05,-2.39962433E+03,-4.84085338E+00,-1.07528893E-01,1.15990829E+04,2.39963761E+02,1.15200000E+04,2.40000000E+02,7.76993719E+06,1.63109170E+09
5.00000000E+01,1.00000000E+00,8.88849873E-02,1.39978052E+08,2.57848338E+02,7.68991363E+03,-0.00000000E+00,-0.00000000E+00,-1.52569010E-33,-3.18241240E-35,1.04324597E+09,2.08751205E+07,1.04340209E-01,2.08782748E-03,-1.04313985E+09,-2.08729691E+07,-3.18740687E+01,-7.39264233E-01,-0.00000000E+00,-0.00000000E+00,7.08445168E-38,1.44204757E-39,-0.00000000E+00,-0.00000000E+00,7.08445168E-38,1.44204757E-39,-1.18389813E+05,-2.39962420E+03,-4.94838424E+00,-1.07532172E-01,1.18390467E+04,2.39963748E+02,1.17600000E+04,2.40000000E+02,7.76993674E+06,1.63109170E+09
