Time [d],dt_flow [d],dt_tran [d],Global Water Mass in Liquid Phas [kg],Global Vaq [mol],Global Vim [mol],Top Water Mass [kg],Top Water Mass [kg/d],Top Vaq [mol],Top Vaq [mol/d],Right Water Mass [kg],Right Water Mass [kg/d],Right Vaq [mol],Right Vaq [mol/d],Left Water Mass [kg],Left Water Mass [kg/d],Left Vaq [mol],Left Vaq [mol/d],North Water Mass [kg],North Water Mass [kg/d],North Vaq [mol],North Vaq [mol/d],South Water Mass [kg],South Water Mass [kg/d],South Vaq [mol],South Vaq [mol/d],ExtractWell Water Mass [kg],ExtractWell Water Mass [kg/d],ExtractWell Vaq [mol],ExtractWell Vaq [mol/d],InjectWell Water Mass [kg],InjectWell Water Mass [kg/d],InjectWell Vaq [mol],InjectWell Vaq [mol/d],Region Region__all Water Mass [kg],Region Region__all Total Mass [kg]
1.00000000E+00,4.89000000E-01,9.00000000E-03,1.39978219E+08,6.01457282E-03,5.72928094E-03,-0.00000000E+00,-0.00000000E+00,5.99174405E-40,9.85629870E-40,1.39021200E+07,1.39023649E+07,1.39042311E-03,1.39044761E-03,-1.39013998E+07,-1.39012681E+07,-8.93253567E-04,-5.61861190E-04,-0.00000000E+00,-0.00000000E+00,5.95452842E-40,9.79507995E-40,-0.00000000E+00,-0.00000000E+00,5.95452842E-40,9.79507996E-40,-8.08071862E+02,-1.22620919E+03,-4.49587848E-08,-4.95607182E-08,8.08074784E+01,1.22621363E+02,8.08197600E-09,1.22640000E-08,7.76994597E+06,1.63109144E+09
2.00000000E+00,4.88000000E-01,8.00000000E-03,1.39978212E+08,1.55279463E+02,5.68327966E+01,-0.00000000E+00,-0.00000000E+00,-1.12728846E-35,-1.91641943E-35,2.78051143E+07,1.39030450E+07,2.78093370E-03,1.39051568E-03,-2.78022406E+07,-1.39008915E+07,-1.25675770E-03,-2.24692667E-04,-0.00000000E+00,-0.00000000E+00,1.78954313E-39,1.33878708E-39,-0.00000000E+00,-0.00000000E+00,1.78954313E-39,1.33878708E-39,-3.20769836E+03,-2.39962647E+03,-1.13441742E-07,-1.03164624E-07,3.20771002E+02,2.39963522E+02,2.40000000E+02,2.40000000E+02,7.76994563E+06,1.63109160E+09
3.00000000E+00,1.00000000E+00,5.60000000E-02,1.39978207E+08,2.17291482E+02,1.76210736E+02,-0.00000000E+00,-0.00000000E+00,-3.49572557E-35,-2.68182493E-35,4.17083416E+07,1.39032274E+07,4.17146765E-03,1.39053395E-03,-4.17033138E+07,-1.39010732E+07,-1.40193363E-03,-9.00442492E-05,-0.00000000E+00,-0.00000000E+00,3.20481609E-39,1.46613050E-39,-0.00000000E+00,-0.00000000E+00,3.20481609E-39,1.46613050E-39,-5.60732474E+03,-2.39962638E+03,-3.37320584E-05,-1.72017180E-04,5.60734517E+02,2.39963515E+02,4.80000000E+02,2.40000000E+02,7.76994532E+06,1.63109166E+09
4.00000000E+00,1.00000000E+00,4.00000000E-02,1.39978202E+08,2.41992528E+02,3.20612121E+02,-0.00000000E+00,-0.00000000E+00,-6.36065961E-35,-2.98670640E-35,5.56117332E+07,1.39033915E+07,5.56201806E-03,1.39055041E-03,-5.56045506E+07,-1.39012368E+07,-1.45977239E-03,-3.64527486E-05,-0.00000000E+00,-0.00000000E+00,4.69805795E-39,1.51043994E-39,-0.00000000E+00,-0.00000000E+00,4.69805795E-39,1.51043994E-39,-8.00695103E+03,-2.39962630E+03,-1.86715748E-03,-4.83287350E-03,8.00698026E+02,2.39963509E+02,7.20000000E+02,2.40000000E+02,7.76994505E+06,1.63109168E+09
5.00000000E+00,1.00000000E+00,4.00000000E-02,1.39978197E+08,2.51972422E+02,4.74880155E+02,-0.00000000E+00,-0.00000000E+00,-9.42136049E-35,-3.10988680E-35,6.95152746E+07,1.39035414E+07,6.95258349E-03,1.39056544E-03,-6.95059369E+07,-1.39013863E+07,-1.48569230E-03,-2.52475587E-05,-0.00000000E+00,-0.00000000E+00,6.21793522E-39,1.52581702E-39,-0.00000000E+00,-0.00000000E+00,6.21793522E-39,1.52581702E-39,-1.04065773E+04,-2.39962623E+03,-1.39853992E-02,-1.98364975E-02,1.04066153E+03,2.39963503E+02,9.60000000E+02,2.40000000E+02,7.76994479E+06,1.63109169E+09
6.00000000E+00,1.00000000E+00,4.00000000E-02,1.39978193E+08,2.55997176E+02,6.33131559E+02,-0.00000000E+00,-0.00000000E+00,-1.25610965E-34,-3.15956377E-35,8.34189559E+07,1.39036813E+07,8.34316295E-03,1.39057946E-03,-8.34074628E+07,-1.39015258E+07,-1.60550969E-03,-3.30346521E-04,-0.00000000E+00,-0.00000000E+00,7.74695136E-39,1.53100772E-39,-0.00000000E+00,-0.00000000E+00,7.74695136E-39,1.53100772E-39,-1.28062034E+04,-2.39962616E+03,-4.20537080E-02,-3.43338102E-02,1.28062503E+03,2.39963496E+02,1.20000000E+03,2.40000000E+02,7.76994456E+06,1.63109170E+09
7.00000000E+00,1.00000000E+00,4.00000000E-02,1.39978189E+08,2.57595150E+02,7.93002772E+02,-0.00000000E+00,-0.00000000E+00,-1.57329716E-34,-3.17928734E-35,9.73227705E+07,1.39038146E+07,9.73375579E-03,1.39059284E-03,-9.73091217E+07,-1.39016590E+07,-3.09807804E-03,-3.08590764E-03,-0.00000000E+00,-0.00000000E+00,9.27902426E-39,1.53266620E-39,-0.00000000E+00,-0.00000000E+00,9.27902426E-39,1.53266620E-39,-1.52058295E+04,-2.39962609E+03,-8.04392759E-02,-4.06398732E-02,1.52058852E+03,2.39963490E+02,1.44000000E+03,2.40000000E+02,7.76994434E+06,1.63109170E+09
8.00000000E+00,1.00000000E+00,4.00000000E-02,1.39978185E+08,2.58248260E+02,9.53501507E+02,-0.00000000E+00,-0.00000000E+00,-1.89172975E-34,-3.18734858E-35,1.11226715E+08,1.39039441E+07,1.11243616E-02,1.39060582E-03,-1.11210910E+08,-1.39017884E+07,-1.04352285E-02,-1.18110326E-02,-0.00000000E+00,-0.00000000E+00,1.08120300E-38,1.53319100E-39,-0.00000000E+00,-0.00000000E+00,1.08120300E-38,1.53319100E-39,-1.76054555E+04,-2.39962603E+03,-1.22227050E-01,-4.23478209E-02,1.76055200E+03,2.39963484E+02,1.68000000E+03,2.40000000E+02,7.76994412E+06,1.63109170E+09
9.00000000E+00,1.00000000E+00,4.00000000E-02,1.39978181E+08,2.58509378E+02,1.11425461E+03,-0.00000000E+00,-0.00000000E+00,-2.21066703E-34,-3.19057152E-35,1.25130786E+08,1.39040715E+07,1.25149802E-02,1.39061860E-03,-1.25112826E+08,-1.39019156E+07,-2.97254876E-02,-2.57708917E-02,-0.00000000E+00,-0.00000000E+00,1.23453217E-38,1.53334500E-39,-0.00000000E+00,-0.00000000E+00,1.23453217E-38,1.53334500E-39,-2.00050815E+04,-2.39962597E+03,-1.64803479E-01,-4.26780056E-02,2.00051548E+03,2.39963478E+02,1.92000000E+03,2.40000000E+02,7.76994391E+06,1.63109170E+09
1.00000000E+01,1.00000000E+00,4.00000000E-02,1.39978178E+08,2.58608037E+02,1.27510705E+03,-0.00000000E+00,-0.00000000E+00,-2.52980142E-34,-3.19178926E-35,1.39034984E+08,1.39041976E+07,1.39056115E-02,1.39063125E-03,-1.39014867E+08,-1.39020417E+07,-6.32221103E-02,-3.92618236E-02,-0.00000000E+00,-0.00000000E+00,1.38786935E-38,1.53338554E-39,-0.00000000E+00,-0.00000000E+00,1.38786935E-38,1.53338554E-39,-2.24047074E+04,-2.39962591E+03,-2.07516941E-01,-4.27282938E-02,2.24047895E+03,2.39963472E+02,2.16000000E+03,2.40000000E+02,7.76994370E+06,1.63109170E+09
1.10000000E+01,1.00000000E+00,6.00929654E-02,1.39978174E+08,2.58641541E+02,1.43599568E+03,-0.00000000E+00,-0.00000000E+00,-2.84900762E-34,-3.19220279E-35,1.52939307E+08,1.39043232E+07,1.52962553E-02,1.39064385E-03,-1.52917035E+08,-1.39021673E+07,-1.07891275E-01,-4.79844896E-02,-0.00000000E+00,-0.00000000E+00,1.54120850E-38,1.53339416E-39,-0.00000000E+00,-0.00000000E+00,1.54120850E-38,1.53339416E-39,-2.48043333E+04,-2.39962584E+03,-2.50250239E-01,-4.27353302E-02,2.48044241E+03,2.39963466E+02,2.40000000E+03,2.40000000E+02,7.76994349E+06,1.63109170E+09
1.20000000E+01,1.00000000E+00,6.01026391E-02,1.39978170E+08,2.58651934E+02,1.59689578E+03,-0.00000000E+00,-0.00000000E+00,-3.16823656E-34,-3.19233107E-35,1.66843755E+08,1.39044484E+07,1.66869117E-02,1.39065641E-03,-1.66819327E+08,-1.39022925E+07,-1.58581370E-01,-5.21606270E-02,-0.00000000E+00,-0.00000000E+00,1.69454798E-38,1.53339494E-39,-0.00000000E+00,-0.00000000E+00,1.69454798E-38,1.53339494E-39,-2.72039590E+04,-2.39962578E+03,-2.92986712E-01,-4.27370610E-02,2.72040587E+03,2.39963459E+02,2.64000000E+03,2.40000000E+02,7.76994328E+06,1.63109170E+09
1.30000000E+01,1.00000000E+00,1.45554446E-01,1.39978166E+08,2.58654820E+02,1.75779921E+03,-0.00000000E+00,-0.00000000E+00,-3.48747212E-34,-3.19236669E-35,1.80748329E+08,1.39045734E+07,1.80775807E-02,1.39066895E-03,-1.80721745E+08,-1.39024175E+07,-2.11801726E-01,-5.37445834E-02,-0.00000000E+00,-0.00000000E+00,1.84788741E-38,1.53339389E-39,-0.00000000E+00,-0.00000000E+00,1.84788741E-38,1.53339389E-39,-2.96035848E+04,-2.39962572E+03,-3.35724465E-01,-4.27381762E-02,2.96036933E+03,2.39963453E+02,2.88000000E+03,2.40000000E+02,7.76994308E+06,1.63109170E+09
1.40000000E+01,1.00000000E+00,1.45561818E-01,1.39978163E+08,2.58655539E+02,1.91870351E+03,-0.00000000E+00,-0.00000000E+00,-3.80670941E-34,-3.19237557E-35,1.94653027E+08,1.39046983E+07,1.94682621E-02,1.39068147E-03,-1.94624287E+08,-1.39025423E+07,-2.65888495E-01,-5.42464894E-02,-0.00000000E+00,-0.00000000E+00,2.00122670E-38,1.53339246E-39,-0.00000000E+00,-0.00000000E+00,2.00122670E-38,1.53339246E-39,-3.20032104E+04,-2.39962566E+03,-3.78463283E-01,-4.27392247E-02,3.20033277E+03,2.39963447E+02,3.12000000E+03,2.40000000E+02,7.76994287E+06,1.63109170E+09
1.50000000E+01,1.00000000E+00,1.45569161E-01,1.39978159E+08,2.58655697E+02,2.07960802E+03,-0.00000000E+00,-0.00000000E+00,-4.12594710E-34,-3.19237752E-35,2.08557850E+08,1.39048230E+07,2.08589561E-02,1.39069399E-03,-2.08526954E+08,-1.39026671E+07,-3.20230223E-01,-5.43841730E-02,-0.00000000E+00,-0.00000000E+00,2.15456585E-38,1.53339095E-39,-0.00000000E+00,-0.00000000E+00,2.15456585E-38,1.53339095E-39,-3.44028360E+04,-2.39962560E+03,-4.21203144E-01,-4.27402662E-02,3.44029622E+03,2.39963441E+02,3.36000000E+03,2.40000000E+02,7.76994266E+06,1.63109170E+09
1.60000000E+01,1.00000000E+00,1.45576478E-01,1.39978155E+08,2.58655725E+02,2.24051257E+03,-0.00000000E+00,-0.00000000E+00,-4.44518488E-34,-3.19237787E-35,2.22462798E+08,1.39049477E+07,2.22496626E-02,1.39070649E-03,-2.22429746E+08,-1.39027917E+07,-3.74638828E-01,-5.44192546E-02,-0.00000000E+00,-0.00000000E+00,2.30790485E-38,1.53338944E-39,-0.00000000E+00,-0.00000000E+00,2.30790485E-38,1.53338944E-39,-3.68024615E+04,-2.39962554E+03,-4.63944046E-01,-4.27413078E-02,3.68025965E+03,2.39963435E+02,3.60000000E+03,2.40000000E+02,7.76994245E+06,1.63109170E+09
1.70000000E+01,1.00000000E+00,1.45583769E-01,1.39978151E+08,2.58655727E+02,2.40141712E+03,-0.00000000E+00,-0.00000000E+00,-4.76442267E-34,-3.19237788E-35,2.36367870E+08,1.39050722E+07,2.36403816E-02,1.39071898E-03,-2.36332662E+08,-1.39029163E+07,-4.29065058E-01,-5.44293811E-02,-0.00000000E+00,-0.00000000E+00,2.46124370E-38,1.53338794E-39,-0.00000000E+00,-0.00000000E+00,2.46124370E-38,1.53338794E-39,-3.92020870E+04,-2.39962547E+03,-5.06685989E-01,-4.27423479E-02,3.92022308E+03,2.39963429E+02,3.84000000E+03,2.40000000E+02,7.76994225E+06,1.63109170E+09
1.80000000E+01,1.00000000E+00,1.45591036E-01,1.39978148E+08,2.58655723E+02,2.56232167E+03,-0.00000000E+00,-0.00000000E+00,-5.08366046E-34,-3.19237784E-35,2.50273066E+08,1.39051966E+07,2.50311131E-02,1.39073147E-03,-2.50235703E+08,-1.39030407E+07,-4.83497623E-01,-5.44341576E-02,-0.00000000E+00,-0.00000000E+00,2.61458239E-38,1.53338645E-39,-0.00000000E+00,-0.00000000E+00,2.61458239E-38,1.53338645E-39,-4.16017124E+04,-2.39962541E+03,-5.49428970E-01,-4.27433822E-02,4.16018650E+03,2.39963423E+02,4.08000000E+03,2.40000000E+02,7.76994204E+06,1.63109170E+09
1.90000000E+01,1.00000000E+00,1.45598279E-01,1.39978144E+08,2.58655718E+02,2.72322623E+03,-0.00000000E+00,-0.00000000E+00,-5.40289824E-34,-3.19237778E-35,2.64178387E+08,1.39053210E+07,2.64218570E-02,1.39074394E-03,-2.64138868E+08,-1.39031650E+07,-5.37934227E-01,-5.44379028E-02,-0.00000000E+00,-0.00000000E+00,2.76792094E-38,1.53338496E-39,-0.00000000E+00,-0.00000000E+00,2.76792094E-38,1.53338496E-39,-4.40013378E+04,-2.39962535E+03,-5.92172981E-01,-4.27444116E-02,4.40014992E+03,2.39963417E+02,4.32000000E+03,2.40000000E+02,7.76994183E+06,1.63109170E+09
2.00000000E+01,1.00000000E+00,1.45605500E-01,1.39978140E+08,2.58655713E+02,2.88413077E+03,-0.00000000E+00,-0.00000000E+00,-5.72213601E-34,-3.19237772E-35,2.78083833E+08,1.39054452E+07,2.78126134E-02,1.39075640E-03,-2.78042157E+08,-1.39032893E+07,-5.92374441E-01,-5.44414585E-02,-0.00000000E+00,-0.00000000E+00,2.92125934E-38,1.53338349E-39,-0.00000000E+00,-0.00000000E+00,2.92125934E-38,1.53338349E-39,-4.64009631E+04,-2.39962529E+03,-6.34918020E-01,-4.27454372E-02,4.64011333E+03,2.39963411E+02,4.56000000E+03,2.40000000E+02,7.76994162E+06,1.63109170E+09
2.10000000E+01,1.00000000E+00,1.45612698E-01,1.39978136E+08,2.58655708E+02,3.04503532E+03,-0.00000000E+00,-0.00000000E+00,-6.04137378E-34,-3.19237766E-35,2.91989402E+08,1.39055693E+07,2.92033822E-02,1.39076885E-03,-2.91945570E+08,-1.39034134E+07,-6.46818182E-01,-5.44449728E-02,-0.00000000E+00,-0.00000000E+00,3.07459759E-38,1.53338202E-39,-0.00000000E+00,-0.00000000E+00,3.07459759E-38,1.53338202E-39,-4.88005883E+04,-2.39962523E+03,-6.77664082E-01,-4.27464595E-02,4.88007674E+03,2.39963406E+02,4.80000000E+03,2.40000000E+02,7.76994142E+06,1.63109170E+09
2.20000000E+01,1.00000000E+00,1.45619874E-01,1.39978133E+08,2.58655703E+02,3.20593986E+03,-0.00000000E+00,-0.00000000E+00,-6.36061154E-34,-3.19237760E-35,3.05895095E+08,1.39056934E+07,3.05941635E-02,1.39078129E-03,-3.05849108E+08,-1.39035374E+07,-7.01265426E-01,-5.44484699E-02,-0.00000000E+00,-0.00000000E+00,3.22793570E-38,1.53338057E-39,-0.00000000E+00,-0.00000000E+00,3.22793570E-38,1.53338057E-39,-5.12002135E+04,-2.39962517E+03,-7.20411164E-01,-4.27474787E-02,5.12004014E+03,2.39963400E+02,5.04000000E+03,2.40000000E+02,7.76994121E+06,1.63109170E+09
2.30000000E+01,1.00000000E+00,1.45627030E-01,1.39978129E+08,2.58655698E+02,3.36684440E+03,-0.00000000E+00,-0.00000000E+00,-6.67984930E-34,-3.19237754E-35,3.19800913E+08,1.39058173E+07,3.19849573E-02,1.39079373E-03,-3.19752769E+08,-1.39036613E+07,-7.55716158E-01,-5.44519541E-02,-0.00000000E+00,-0.00000000E+00,3.38127366E-38,1.53337912E-39,-0.00000000E+00,-0.00000000E+00,3.38127366E-38,1.53337912E-39,-5.35998386E+04,-2.39962511E+03,-7.63159264E-01,-4.27484949E-02,5.36000353E+03,2.39963394E+02,5.28000000E+03,2.40000000E+02,7.76994101E+06,1.63109170E+09
2.40000000E+01,1.00000000E+00,1.45634165E-01,1.39978125E+08,2.58655694E+02,3.52774893E+03,-0.00000000E+00,-0.00000000E+00,-6.99908705E-34,-3.19237748E-35,3.33706854E+08,1.39059411E+07,3.33757634E-02,1.39080615E-03,-3.33656554E+08,-1.39037852E+07,-8.10170368E-01,-5.44554270E-02,-0.00000000E+00,-0.00000000E+00,3.53461148E-38,1.53337768E-39,-0.00000000E+00,-0.00000000E+00,3.53461148E-38,1.53337768E-39,-5.59994637E+04,-2.39962505E+03,-8.05908379E-01,-4.27495082E-02,5.59996692E+03,2.39963388E+02,5.52000000E+03,2.40000000E+02,7.76994080E+06,1.63109170E+09
2.50000000E+01,1.00000000E+00,1.45641279E-01,1.39978122E+08,2.58655689E+02,3.68865346E+03,-0.00000000E+00,-0.00000000E+00,-7.31832479E-34,-3.19237742E-35,3.47612918E+08,1.39060648E+07,3.47665820E-02,1.39081856E-03,-3.47560463E+08,-1.39039089E+07,-8.64628043E-01,-5.44588894E-02,-0.00000000E+00,-0.00000000E+00,3.68794916E-38,1.53337626E-39,-0.00000000E+00,-0.00000000E+00,3.68794916E-38,1.53337626E-39,-5.83990886E+04,-2.39962499E+03,-8.48658504E-01,-4.27505187E-02,5.83993030E+03,2.39963382E+02,5.76000000E+03,2.40000000E+02,7.76994059E+06,1.63109170E+09
2.60000000E+01,1.00000000E+00,1.45648375E-01,1.39978118E+08,2.58655684E+02,3.84955799E+03,-0.00000000E+00,-0.00000000E+00,-7.63756253E-34,-3.19237736E-35,3.61519107E+08,1.39061885E+07,3.61574129E-02,1.39083096E-03,-3.61464496E+08,-1.39040325E+07,-9.19089175E-01,-5.44623419E-02,-0.00000000E+00,-0.00000000E+00,3.84128669E-38,1.53337484E-39,-0.00000000E+00,-0.00000000E+00,3.84128669E-38,1.53337484E-39,-6.07987136E+04,-2.39962493E+03,-8.91409639E-01,-4.27515263E-02,6.07989368E+03,2.39963376E+02,6.00000000E+03,2.40000000E+02,7.76994039E+06,1.63109170E+09
2.70000000E+01,1.00000000E+00,1.45655451E-01,1.39978114E+08,2.58655679E+02,4.01046252E+03,-0.00000000E+00,-0.00000000E+00,-7.95680026E-34,-3.19237730E-35,3.75425419E+08,1.39063120E+07,3.75482563E-02,1.39084335E-03,-3.75368652E+08,-1.39041561E+07,-9.73553752E-01,-5.44657849E-02,-0.00000000E+00,-0.00000000E+00,3.99462408E-38,1.53337343E-39,-0.00000000E+00,-0.00000000E+00,3.99462408E-38,1.53337343E-39,-6.31983385E+04,-2.39962488E+03,-9.34161780E-01,-4.27525312E-02,6.31985705E+03,2.39963370E+02,6.24000000E+03,2.40000000E+02,7.76994018E+06,1.63109170E+09
2.80000000E+01,1.00000000E+00,1.45662509E-01,1.39978110E+08,2.58655674E+02,4.17136704E+03,-0.00000000E+00,-0.00000000E+00,-8.27603799E-34,-3.19237724E-35,3.89331854E+08,1.39064355E+07,3.89391120E-02,1.39085574E-03,-3.89272931E+08,-1.39042795E+07,-1.02802177E+00,-5.44692185E-02,-0.00000000E+00,-0.00000000E+00,4.14796133E-38,1.53337202E-39,-0.00000000E+00,-0.00000000E+00,4.14796133E-38,1.53337202E-39,-6.55979633E+04,-2.39962482E+03,-9.76914923E-01,-4.27535333E-02,6.55982041E+03,2.39963365E+02,6.48000000E+03,2.40000000E+02,7.76993998E+06,1.63109170E+09
2.90000000E+01,1.00000000E+00,1.45669549E-01,1.39978107E+08,2.58655670E+02,4.33227156E+03,-0.00000000E+00,-0.00000000E+00,-8.59527571E-34,-3.19237718E-35,4.03238413E+08,1.39065588E+07,4.03299801E-02,1.39086811E-03,-4.03177334E+08,-1.39044028E+07,-1.08249321E+00,-5.44726431E-02,-0.00000000E+00,-0.00000000E+00,4.30129844E-38,1.53337063E-39,-0.00000000E+00,-0.00000000E+00,4.30129844E-38,1.53337063E-39,-6.79975880E+04,-2.39962476E+03,-1.01966907E+00,-4.27545328E-02,6.79978377E+03,2.39963359E+02,6.72000000E+03,2.40000000E+02,7.76993977E+06,1.63109170E+09
3.00000000E+01,1.00000000E+00,1.45676571E-01,1.39978103E+08,2.58655665E+02,4.49317608E+03,-0.00000000E+00,-0.00000000E+00,-8.91451342E-34,-3.19237712E-35,4.17145095E+08,1.39066820E+07,4.17208606E-02,1.39088047E-03,-4.17081860E+08,-1.39045261E+07,-1.13696807E+00,-5.44760587E-02,-0.00000000E+00,-0.00000000E+00,4.45463541E-38,1.53336925E-39,-0.00000000E+00,-0.00000000E+00,4.45463541E-38,1.53336925E-39,-7.03972127E+04,-2.39962470E+03,-1.06242421E+00,-4.27555296E-02,7.03974712E+03,2.39963353E+02,6.96000000E+03,2.40000000E+02,7.76993957E+06,1.63109170E+09
3.10000000E+01,1.00000000E+00,1.45683575E-01,1.39978099E+08,2.58655660E+02,4.65408059E+03,-0.00000000E+00,-0.00000000E+00,-9.23375113E-34,-3.19237706E-35,4.31051900E+08,1.39068052E+07,4.31117534E-02,1.39089282E-03,-4.30986509E+08,-1.39046492E+07,-1.19144634E+00,-5.44794657E-02,-0.00000000E+00,-0.00000000E+00,4.60797225E-38,1.53336787E-39,-0.00000000E+00,-0.00000000E+00,4.60797225E-38,1.53336787E-39,-7.27968374E+04,-2.39962464E+03,-1.10518035E+00,-4.27565239E-02,7.27971047E+03,2.39963347E+02,7.20000000E+03,2.40000000E+02,7.76993936E+06,1.63109170E+09
3.20000000E+01,1.00000000E+00,1.45690562E-01,1.39978096E+08,2.58655655E+02,4.81498510E+03,-0.00000000E+00,-0.00000000E+00,-9.55298883E-34,-3.19237700E-35,4.44958829E+08,1.39069282E+07,4.45026586E-02,1.39090517E-03,-4.44891282E+08,-1.39047723E+07,-1.24592802E+00,-5.44828642E-02,-0.00000000E+00,-0.00000000E+00,4.76130895E-38,1.53336650E-39,-0.00000000E+00,-0.00000000E+00,4.76130895E-38,1.53336650E-39,-7.51964620E+04,-2.39962458E+03,-1.14793748E+00,-4.27575157E-02,7.51967381E+03,2.39963342E+02,7.44000000E+03,2.40000000E+02,7.76993916E+06,1.63109170E+09
3.30000000E+01,1.00000000E+00,1.45697533E-01,1.39978092E+08,2.58655651E+02,4.97588961E+03,-0.00000000E+00,-0.00000000E+00,-9.87222653E-34,-3.19237695E-35,4.58865880E+08,1.39070512E+07,4.58935761E-02,1.39091750E-03,-4.58796177E+08,-1.39048952E+07,-1.30041308E+00,-5.44862544E-02,-0.00000000E+00,-0.00000000E+00,4.91464551E-38,1.53336514E-39,-0.00000000E+00,-0.00000000E+00,4.91464551E-38,1.53336514E-39,-7.75960865E+04,-2.39962452E+03,-1.19069560E+00,-4.27585052E-02,7.75963715E+03,2.39963336E+02,7.68000000E+03,2.40000000E+02,7.76993895E+06,1.63109170E+09
3.40000000E+01,1.00000000E+00,1.45704487E-01,1.39978088E+08,2.58655646E+02,5.13679412E+03,-0.00000000E+00,-0.00000000E+00,-1.01914642E-33,-3.19237689E-35,4.72773054E+08,1.39071740E+07,4.72845059E-02,1.39092983E-03,-4.72701195E+08,-1.39050181E+07,-1.35490153E+00,-5.44896365E-02,-0.00000000E+00,-0.00000000E+00,5.06798193E-38,1.53336379E-39,-0.00000000E+00,-0.00000000E+00,5.06798193E-38,1.53336379E-39,-7.99957109E+04,-2.39962447E+03,-1.23345471E+00,-4.27594923E-02,7.99960048E+03,2.39963330E+02,7.92000000E+03,2.40000000E+02,7.76993875E+06,1.63109170E+09
3.50000000E+01,1.00000000E+00,1.45711425E-01,1.39978085E+08,2.58655641E+02,5.29769862E+03,-0.00000000E+00,-0.00000000E+00,-1.05107019E-33,-3.19237683E-35,4.86680351E+08,1.39072968E+07,4.86754481E-02,1.39094214E-03,-4.86606336E+08,-1.39051408E+07,-1.40939336E+00,-5.44930105E-02,-0.00000000E+00,-0.00000000E+00,5.22131823E-38,1.53336245E-39,-0.00000000E+00,-0.00000000E+00,5.22131823E-38,1.53336245E-39,-8.23953353E+04,-2.39962441E+03,-1.27621480E+00,-4.27604771E-02,8.23956380E+03,2.39963324E+02,8.16000000E+03,2.40000000E+02,7.76993854E+06,1.63109170E+09
3.60000000E+01,1.00000000E+00,1.45718347E-01,1.39978081E+08,2.58655637E+02,5.45860312E+03,-0.00000000E+00,-0.00000000E+00,-1.08299396E-33,-3.19237677E-35,5.00587770E+08,1.39074195E+07,5.00664025E-02,1.39095445E-03,-5.00511599E+08,-1.39052635E+07,-1.46388856E+00,-5.44963768E-02,-0.00000000E+00,-0.00000000E+00,5.37465438E-38,1.53336111E-39,-0.00000000E+00,-0.00000000E+00,5.37465438E-38,1.53336111E-39,-8.47949597E+04,-2.39962435E+03,-1.31897588E+00,-4.27614596E-02,8.47952712E+03,2.39963319E+02,8.40000000E+03,2.40000000E+02,7.76993834E+06,1.63109170E+09
3.70000000E+01,1.00000000E+00,1.45725253E-01,1.39978077E+08,2.58655632E+02,5.61950762E+03,-0.00000000E+00,-0.00000000E+00,-1.11491773E-33,-3.19237671E-35,5.14495312E+08,1.39075420E+07,5.14573693E-02,1.39096674E-03,-5.14416985E+08,-1.39053861E+07,-1.51838711E+00,-5.44997354E-02,-0.00000000E+00,-0.00000000E+00,5.52799041E-38,1.53335979E-39,-0.00000000E+00,-0.00000000E+00,5.52799041E-38,1.53335979E-39,-8.71945840E+04,-2.39962429E+03,-1.36173794E+00,-4.27624399E-02,8.71949044E+03,2.39963313E+02,8.64000000E+03,2.40000000E+02,7.76993813E+06,1.63109170E+09
3.80000000E+01,1.00000000E+00,1.45732144E-01,1.39978074E+08,2.58655627E+02,5.78041211E+03,-0.00000000E+00,-0.00000000E+00,-1.14684149E-33,-3.19237666E-35,5.28402977E+08,1.39076645E+07,5.28483483E-02,1.39097903E-03,-5.28322494E+08,-1.39055085E+07,-1.57288903E+00,-5.45030864E-02,-0.00000000E+00,-0.00000000E+00,5.68132630E-38,1.53335847E-39,-0.00000000E+00,-0.00000000E+00,5.68132630E-38,1.53335847E-39,-8.95942082E+04,-2.39962423E+03,-1.40450098E+00,-4.27634180E-02,8.95945374E+03,2.39963307E+02,8.88000000E+03,2.40000000E+02,7.76993793E+06,1.63109170E+09
3.90000000E+01,1.00000000E+00,1.45739020E-01,1.39978070E+08,2.58655623E+02,5.94131660E+03,-0.00000000E+00,-0.00000000E+00,-1.17876526E-33,-3.19237660E-35,5.42310764E+08,1.39077869E+07,5.42393396E-02,1.39099130E-03,-5.42228125E+08,-1.39056309E+07,-1.62739428E+00,-5.45064300E-02,-0.00000000E+00,-0.00000000E+00,5.83466206E-38,1.53335716E-39,-0.00000000E+00,-0.00000000E+00,5.83466206E-38,1.53335716E-39,-9.19938324E+04,-2.39962418E+03,-1.44726499E+00,-4.27643940E-02,9.19941704E+03,2.39963302E+02,9.12000000E+03,2.40000000E+02,7.76993773E+06,1.63109170E+09
4.00000000E+01,1.00000000E+00,1.45745882E-01,1.39978066E+08,2.58655618E+02,6.10222109E+03,-0.00000000E+00,-0.00000000E+00,-1.21068902E-33,-3.19237654E-35,5.56218673E+08,1.39079092E+07,5.56303432E-02,1.39100357E-03,-5.56133878E+08,-1.39057532E+07,-1.68190288E+00,-5.45097664E-02,-0.00000000E+00,-0.00000000E+00,5.98799769E-38,1.53335585E-39,-0.00000000E+00,-0.00000000E+00,5.98799769E-38,1.53335585E-39,-9.43934565E+04,-2.39962412E+03,-1.49002998E+00,-4.27653678E-02,9.43938034E+03,2.39963296E+02,9.36000000E+03,2.40000000E+02,7.76993752E+06,1.63109170E+09
4.10000000E+01,1.00000000E+00,1.45752728E-01,1.39978063E+08,2.58655613E+02,6.26312558E+03,-0.00000000E+00,-0.00000000E+00,-1.24261279E-33,-3.19237648E-35,5.70126704E+08,1.39080314E+07,5.70213590E-02,1.39101583E-03,-5.70039753E+08,-1.39058754E+07,-1.73641481E+00,-5.45130956E-02,-0.00000000E+00,-0.00000000E+00,6.14133319E-38,1.53335456E-39,-0.00000000E+00,-0.00000000E+00,6.14133319E-38,1.53335456E-39,-9.67930806E+04,-2.39962406E+03,-1.53279594E+00,-4.27663396E-02,9.67934363E+03,2.39963290E+02,9.60000000E+03,2.40000000E+02,7.76993732E+06,1.63109170E+09
4.20000000E+01,1.00000000E+00,1.45759560E-01,1.39978059E+08,2.58655609E+02,6.42403006E+03,-0.00000000E+00,-0.00000000E+00,-1.27453655E-33,-3.19237643E-35,5.84034858E+08,1.39081535E+07,5.84123871E-02,1.39102808E-03,-5.83945751E+08,-1.39059975E+07,-1.79093006E+00,-5.45164178E-02,-0.00000000E+00,-0.00000000E+00,6.29466856E-38,1.53335327E-39,-0.00000000E+00,-0.00000000E+00,6.29466856E-38,1.53335327E-39,-9.91927046E+04,-2.39962400E+03,-1.57556287E+00,-4.27673093E-02,9.91930692E+03,2.39963285E+02,9.84000000E+03,2.40000000E+02,7.76993711E+06,1.63109170E+09
4.30000000E+01,1.00000000E+00,1.45766378E-01,1.39978055E+08,2.58655604E+02,6.58493454E+03,-0.00000000E+00,-0.00000000E+00,-1.30646032E-33,-3.19237637E-35,5.97943133E+08,1.39082755E+07,5.98034274E-02,1.39104032E-03,-5.97851870E+08,-1.39061195E+07,-1.84544863E+00,-5.45197330E-02,-0.00000000E+00,-0.00000000E+00,6.44800381E-38,1.53335199E-39,-0.00000000E+00,-0.00000000E+00,6.44800381E-38,1.53335199E-39,-1.01592329E+05,-2.39962395E+03,-1.61833077E+00,-4.27682770E-02,1.01592702E+04,2.39963279E+02,1.00800000E+04,2.40000000E+02,7.76993691E+06,1.63109170E+09
4.40000000E+01,1.00000000E+00,1.45773182E-01,1.39978052E+08,2.58655600E+02,6.74583901E+03,-0.00000000E+00,-0.00000000E+00,-1.33838408E-33,-3.19237631E-35,6.11851531E+08,1.39083974E+07,6.11944799E-02,1.39105255E-03,-6.11758112E+08,-1.39062414E+07,-1.89997052E+00,-5.45230414E-02,-0.00000000E+00,-0.00000000E+00,6.60133892E-38,1.53335071E-39,-0.00000000E+00,-0.00000000E+00,6.60133892E-38,1.53335071E-39,-1.03991952E+05,-2.39962389E+03,-1.66109964E+00,-4.27692427E-02,1.03992335E+04,2.39963274E+02,1.03200000E+04,2.40000000E+02,7.76993671E+06,1.63109170E+09
4.50000000E+01,1.00000000E+00,1.45779972E-01,1.39978048E+08,2.58655595E+02,6.90674349E+03,-0.00000000E+00,-0.00000000E+00,-1.37030784E-33,-3.19237626E-35,6.25760050E+08,1.39085193E+07,6.25855447E-02,1.39106477E-03,-6.25664475E+08,-1.39063632E+07,-1.95449570E+00,-5.45263431E-02,-0.00000000E+00,-0.00000000E+00,6.75467391E-38,1.53334945E-39,-0.00000000E+00,-0.00000000E+00,6.75467391E-38,1.53334945E-39,-1.06391576E+05,-2.39962383E+03,-1.70386947E+00,-4.27702065E-02,1.06391967E+04,2.39963268E+02,1.05600000E+04,2.40000000E+02,7.76993651E+06,1.63109170E+09
4.60000000E+01,1.00000000E+00,1.45786748E-01,1.39978044E+08,2.58655590E+02,7.06764796E+03,-0.00000000E+00,-0.00000000E+00,-1.40223161E-33,-3.19237620E-35,6.39668691E+08,1.39086410E+07,6.39766217E-02,1.39107698E-03,-6.39570960E+08,-1.39064850E+07,-2.00902419E+00,-5.45296382E-02,-0.00000000E+00,-0.00000000E+00,6.90800878E-38,1.53334819E-39,-0.00000000E+00,-0.00000000E+00,6.90800878E-38,1.53334819E-39,-1.08791200E+05,-2.39962378E+03,-1.74664027E+00,-4.27711683E-02,1.08791600E+04,2.39963262E+02,1.08000000E+04,2.40000000E+02,7.76993630E+06,1.63109170E+09
4.70000000E+01,1.00000000E+00,1.45793511E-01,1.39978041E+08,2.58655586E+02,7.22855243E+03,-0.00000000E+00,-0.00000000E+00,-1.43415537E-33,-3.19237614E-35,6.53577453E+08,1.39087626E+07,6.53677109E-02,1.39108918E-03,-6.53477567E+08,-1.39066066E+07,-2.06355596E+00,-5.45329267E-02,-0.00000000E+00,-0.00000000E+00,7.06134351E-38,1.53334694E-39,-0.00000000E+00,-0.00000000E+00,7.06134351E-38,1.53334694E-39,-1.11190824E+05,-2.39962372E+03,-1.78941202E+00,-4.27721282E-02,1.11191233E+04,2.39963257E+02,1.10400000E+04,2.40000000E+02,7.76993610E+06,1.63109170E+09
4.80000000E+01,1.00000000E+00,1.45800261E-01,1.39978037E+08,2.58655581E+02,7.38945689E+03,-0.00000000E+00,-0.00000000E+00,-1.46607913E-33,-3.19237609E-35,6.67486338E+08,1.39088842E+07,6.67588122E-02,1.39110138E-03,-6.67384295E+08,-1.39067282E+07,-2.11809102E+00,-5.45362088E-02,-0.00000000E+00,-0.00000000E+00,7.21467813E-38,1.53334570E-39,-0.00000000E+00,-0.00000000E+00,7.21467813E-38,1.53334570E-39,-1.13590447E+05,-2.39962366E+03,-1.83218474E+00,-4.27730862E-02,1.13590865E+04,2.39963251E+02,1.12800000E+04,2.40000000E+02,7.76993590E+06,1.63109170E+09
4.90000000E+01,1.00000000E+00,1.45806998E-01,1.39978033E+08,2.58655577E+02,7.55036135E+03,-0.00000000E+00,-0.00000000E+00,-1.49800289E-33,-3.19237603E-35,6.81395343E+08,1.39090056E+07,6.81499258E-02,1.39111356E-03,-6.81291144E+08,-1.39068496E+07,-2.17262935E+00,-5.45394845E-02,-0.00000000E+00,-0.00000000E+00,7.36801261E-38,1.53334446E-39,-0.00000000E+00,-0.00000000E+00,7.36801261E-38,1.53334446E-39,-1.15990071E+05,-2.39962361E+03,-1.87495841E+00,-4.27740424E-02,1.15990498E+04,2.39963246E+02,1.15200000E+04,2.40000000E+02,7.76993569E+06,1.63109170E+09
5.00000000E+01,1.00000000E+00,1.45813721E-01,1.39978030E+08,2.58655572E+02,7.71126581E+03,-0.00000000E+00,-0.00000000E+00,-1.52992665E-33,-3.19237598E-35,6.95304470E+08,1.39091270E+07,6.95410515E-02,1.39112574E-03,-6.95198115E+08,-1.39069710E+07,-2.22717096E+00,-5.45427540E-02,-0.00000000E+00,-0.00000000E+00,7.52134698E-38,1.53334323E-39,-0.00000000E+00,-0.00000000E+00,7.52134698E-38,1.53334323E-39,-1.18389695E+05,-2.39962355E+03,-1.91773303E+00,-4.27749967E-02,1.18390130E+04,2.39963240E+02,1.17600000E+04,2.40000000E+02,7.76993549E+06,1.63109170E+09
