Time [d],dt_flow [d],dt_tran [d],Global Water Mass in Liquid Phas [kg],Global Vaq [mol],Global Vim [mol],Top Water Mass [kg],Top Water Mass [kg/d],Top Vaq [mol],Top Vaq [mol/d],Right Water Mass [kg],Right Water Mass [kg/d],Right Vaq [mol],Right Vaq [mol/d],Left Water Mass [kg],Left Water Mass [kg/d],Left Vaq [mol],Left Vaq [mol/d],North Water Mass [kg],North Water Mass [kg/d],North Vaq [mol],North Vaq [mol/d],South Water Mass [kg],South Water Mass [kg/d],South Vaq [mol],South Vaq [mol/d],ExtractWell Water Mass [kg],ExtractWell Water Mass [kg/d],ExtractWell Vaq [mol],ExtractWell Vaq [mol/d],InjectWell Water Mass [kg],InjectWell Water Mass [kg/d],InjectWell Vaq [mol],InjectWell Vaq [mol/d],Region Region__all Water Mass [kg],Region Region__all Total Mass [kg]
1.00000000E+00,4.89000000E-01,6.26579355E-02,1.39979211E+08,6.72317149E-03,5.91978117E-03,-0.00000000E+00,-0.00000000E+00,5.61376794E-40,8.98168548E-40,4.17094641E+07,4.17113877E+07,4.17151832E-03,4.17171106E-03,-4.17087924E+07,-4.17103341E+07,-2.68171955E-03,-1.68425773E-03,-0.00000000E+00,-0.00000000E+00,5.57890016E-40,8.92589977E-40,-0.00000000E+00,-0.00000000E+00,5.57890016E-40,8.92589977E-40,-8.08077612E+02,-1.22621786E+03,-4.49585226E-08,-4.97899726E-08,8.08086453E+01,1.22623130E+02,8.08197600E-09,1.22640000E-08,7.77000108E+06,1.63109144E+09
2.00000000E+00,4.88000000E-01,2.56970828E-02,1.39979170E+08,1.55318317E+02,5.68076674E+01,-0.00000000E+00,-0.00000000E+00,-1.12678986E-35,-1.91689900E-35,8.34244634E+07,4.17159727E+07,8.34359134E-03,4.17217063E-03,-8.34216733E+07,-4.17138521E+07,-3.77228684E-03,-6.80192034E-04,-0.00000000E+00,-0.00000000E+00,1.60391650E-39,1.13713729E-39,-0.00000000E+00,-0.00000000E+00,1.60391650E-39,1.13713729E-39,-3.20772065E+03,-2.39964288E+03,-1.65976346E-03,-1.22510186E-02,3.20775588E+02,2.39966928E+02,2.40000000E+02,2.40000000E+02,7.76999878E+06,1.63109160E+09
3.00000000E+00,1.00000000E+00,2.10055872E-02,1.39979134E+08,2.17029536E+02,1.76295725E+02,-0.00000000E+00,-0.00000000E+00,-3.49741186E-35,-2.67859175E-35,1.25143989E+08,4.17195253E+07,1.25161183E-02,4.17252695E-03,-1.25139074E+08,-4.17174012E+07,-4.27032123E-02,-2.16631817E-01,-0.00000000E+00,-0.00000000E+00,2.77425575E-39,1.18700399E-39,-0.00000000E+00,-0.00000000E+00,2.77425575E-39,1.18700399E-39,-5.60736295E+03,-2.39964229E+03,-1.02307761E-01,-1.85288400E-01,5.60742458E+02,2.39966870E+02,4.80000000E+02,2.40000000E+02,7.76999680E+06,1.63109166E+09
4.00000000E+00,1.00000000E+00,1.70786046E-02,1.39979100E+08,2.40140419E+02,3.20158293E+02,-0.00000000E+00,-0.00000000E+00,-6.35165509E-35,-2.96384609E-35,1.66866954E+08,4.17229651E+07,1.66889903E-02,4.17287200E-03,-1.66859914E+08,-4.17208399E+07,-2.22807335E+00,-5.21635588E+00,-0.00000000E+00,-0.00000000E+00,3.96541064E-39,1.19275582E-39,-0.00000000E+00,-0.00000000E+00,3.96541064E-39,1.19275582E-39,-8.00700466E+03,-2.39964172E+03,-3.15134942E-01,-2.21468948E-01,8.00709271E+02,2.39966813E+02,7.20000000E+02,2.40000000E+02,7.76999489E+06,1.63109168E+09
5.00000000E+00,1.00000000E+00,3.09615073E-02,1.39979066E+08,2.45200459E+02,4.71716549E+02,-0.00000000E+00,-0.00000000E+00,-9.35859057E-35,-3.02630144E-35,2.08593325E+08,4.17263718E+07,2.08622040E-02,4.17321372E-03,-2.08584160E+08,-4.17242462E+07,-1.09810672E+01,-1.09596458E+01,-0.00000000E+00,-0.00000000E+00,5.15836495E-39,1.19300535E-39,-0.00000000E+00,-0.00000000E+00,5.15836495E-39,1.19300535E-39,-1.04066458E+04,-2.39964115E+03,-5.37124117E-01,-2.22096485E-01,1.04067603E+03,2.39966757E+02,9.60000000E+02,2.40000000E+02,7.76999300E+06,1.63109169E+09
6.00000000E+00,1.00000000E+00,3.10386764E-02,1.39979032E+08,2.45609682E+02,6.24443239E+02,-0.00000000E+00,-0.00000000E+00,-1.23887092E-34,-3.03135242E-35,2.50323094E+08,4.17297683E+07,2.50357584E-02,4.17355443E-03,-2.50311803E+08,-4.17276426E+07,-2.26426604E+01,-1.19245925E+01,-0.00000000E+00,-0.00000000E+00,6.35135384E-39,1.19297661E-39,-0.00000000E+00,-0.00000000E+00,6.35135384E-39,1.19297661E-39,-1.28062864E+04,-2.39964058E+03,-7.59228977E-01,-2.22107944E-01,1.28064273E+03,2.39966700E+02,1.20000000E+03,2.40000000E+02,7.76999111E+06,1.63109169E+09
7.00000000E+00,1.00000000E+00,3.11154130E-02,1.39978998E+08,2.45619423E+02,7.77237378E+02,-0.00000000E+00,-0.00000000E+00,-1.54201662E-34,-3.03147265E-35,2.92056254E+08,4.17331606E+07,2.92096532E-02,4.17389472E-03,-2.92042838E+08,-4.17310349E+07,-3.46031632E+01,-1.19706338E+01,-0.00000000E+00,-0.00000000E+00,7.54430903E-39,1.19294178E-39,-0.00000000E+00,-0.00000000E+00,7.54430904E-39,1.19294178E-39,-1.52059264E+04,-2.39964001E+03,-9.81342504E-01,-2.22116121E-01,1.52060937E+03,2.39966644E+02,1.44000000E+03,2.40000000E+02,7.76998922E+06,1.63109169E+09
8.00000000E+00,1.00000000E+00,3.11917725E-02,1.39978964E+08,2.45616640E+02,9.30031378E+02,-0.00000000E+00,-0.00000000E+00,-1.84516204E-34,-3.03143830E-35,3.33792804E+08,4.17365500E+07,3.33838879E-02,4.17423472E-03,-3.33777262E+08,-4.17344243E+07,-4.65763892E+01,-1.19741344E+01,-0.00000000E+00,-0.00000000E+00,8.73722949E-39,1.19290712E-39,-0.00000000E+00,-0.00000000E+00,8.73722949E-39,1.19290712E-39,-1.76055658E+04,-2.39963945E+03,-1.20346417E+00,-2.22124252E-01,1.76057596E+03,2.39966588E+02,1.68000000E+03,2.40000000E+02,7.76998734E+06,1.63109169E+09
9.00000000E+00,1.00000000E+00,3.12677798E-02,1.39978930E+08,2.45613692E+02,1.08282356E+03,-0.00000000E+00,-0.00000000E+00,-2.14830385E-34,-3.03140191E-35,3.75532741E+08,4.17399368E+07,3.75584623E-02,4.17457447E-03,-3.75515073E+08,-4.17378111E+07,-5.85524836E+01,-1.19768579E+01,-0.00000000E+00,-0.00000000E+00,9.93011542E-39,1.19287268E-39,-0.00000000E+00,-0.00000000E+00,9.93011542E-39,1.19287268E-39,-2.00052047E+04,-2.39963889E+03,-1.42559395E+00,-2.22132349E-01,2.00054249E+03,2.39966532E+02,1.92000000E+03,2.40000000E+02,7.76998545E+06,1.63109169E+09
1.00000000E+01,1.00000000E+00,3.13434515E-02,1.39978896E+08,2.45610755E+02,1.23561391E+03,-0.00000000E+00,-0.00000000E+00,-2.45144202E-34,-3.03136566E-35,4.17276062E+08,4.17433211E+07,4.17333763E-02,4.17491396E-03,-4.17256269E+08,-4.17411954E+07,-7.05312873E+01,-1.19795629E+01,-0.00000000E+00,-0.00000000E+00,1.11229670E-38,1.19283847E-39,-0.00000000E+00,-0.00000000E+00,1.11229671E-38,1.19283847E-39,-2.24048431E+04,-2.39963833E+03,-1.64773180E+00,-2.22140410E-01,2.24050897E+03,2.39966476E+02,2.16000000E+03,2.40000000E+02,7.76998356E+06,1.63109169E+09
1.10000000E+01,1.00000000E+00,3.14188018E-02,1.39978862E+08,2.45607831E+02,1.38840244E+03,-0.00000000E+00,-0.00000000E+00,-2.75457659E-34,-3.03132957E-35,4.59022765E+08,4.17467029E+07,4.59086295E-02,4.17525319E-03,-4.59000846E+08,-4.17445771E+07,-8.25127883E+01,-1.19822571E+01,-0.00000000E+00,-0.00000000E+00,1.23157846E-38,1.19280448E-39,-0.00000000E+00,-0.00000000E+00,1.23157846E-38,1.19280448E-39,-2.48044808E+04,-2.39963777E+03,-1.86987769E+00,-2.22148438E-01,2.48047539E+03,2.39966421E+02,2.40000000E+03,2.40000000E+02,7.76998168E+06,1.63109169E+09
1.20000000E+01,1.00000000E+00,3.14938436E-02,1.39978828E+08,2.45604918E+02,1.54118915E+03,-0.00000000E+00,-0.00000000E+00,-3.05770755E-34,-3.03129362E-35,5.00772847E+08,4.17500822E+07,5.00842217E-02,4.17559218E-03,-5.00748802E+08,-4.17479564E+07,-9.44969761E+01,-1.19849409E+01,-0.00000000E+00,-0.00000000E+00,1.35085683E-38,1.19277071E-39,-0.00000000E+00,-0.00000000E+00,1.35085683E-38,1.19277071E-39,-2.72041180E+04,-2.39963721E+03,-2.09203158E+00,-2.22156433E-01,2.72044175E+03,2.39966365E+02,2.64000000E+03,2.40000000E+02,7.76997980E+06,1.63109169E+09
1.30000000E+01,1.00000000E+00,3.15685888E-02,1.39978794E+08,2.45602017E+02,1.69397406E+03,-0.00000000E+00,-0.00000000E+00,-3.36083492E-34,-3.03125781E-35,5.42526306E+08,4.17534590E+07,5.42601526E-02,4.17593093E-03,-5.42500135E+08,-4.17513332E+07,-1.06483840E+02,-1.19876146E+01,-0.00000000E+00,-0.00000000E+00,1.47013184E-38,1.19273716E-39,-0.00000000E+00,-0.00000000E+00,1.47013184E-38,1.19273716E-39,-2.96037547E+04,-2.39963666E+03,-2.31419345E+00,-2.22164397E-01,2.96040806E+03,2.39966310E+02,2.88000000E+03,2.40000000E+02,7.76997791E+06,1.63109169E+09
1.40000000E+01,1.00000000E+00,3.16430485E-02,1.39978760E+08,2.45599127E+02,1.84675717E+03,-0.00000000E+00,-0.00000000E+00,-3.66395872E-34,-3.03122213E-35,5.84283140E+08,4.17568333E+07,5.84364220E-02,4.17626942E-03,-5.84254843E+08,-4.17547076E+07,-1.18473371E+02,-1.19902786E+01,-0.00000000E+00,-0.00000000E+00,1.58940350E-38,1.19270382E-39,-0.00000000E+00,-0.00000000E+00,1.58940350E-38,1.19270382E-39,-3.20033908E+04,-2.39963611E+03,-2.53636326E+00,-2.22172331E-01,3.20037432E+03,2.39966256E+02,3.12000000E+03,2.40000000E+02,7.76997603E+06,1.63109169E+09
1.50000000E+01,1.00000000E+00,3.17172330E-02,1.39978726E+08,2.45596247E+02,1.99953848E+03,-0.00000000E+00,-0.00000000E+00,-3.96707896E-34,-3.03118659E-35,6.26043345E+08,4.17602052E+07,6.26130297E-02,4.17660767E-03,-6.26012923E+08,-4.17580795E+07,-1.30465560E+02,-1.19929334E+01,-0.00000000E+00,-0.00000000E+00,1.70867185E-38,1.19267070E-39,-0.00000000E+00,-0.00000000E+00,1.70867185E-38,1.19267070E-39,-3.44030264E+04,-2.39963556E+03,-2.75854098E+00,-2.22180236E-01,3.44034052E+03,2.39966201E+02,3.36000000E+03,2.40000000E+02,7.76997415E+06,1.63109169E+09
1.60000000E+01,1.00000000E+00,3.17911518E-02,1.39978692E+08,2.45593377E+02,2.15231800E+03,-0.00000000E+00,-0.00000000E+00,-4.27019566E-34,-3.03115117E-35,6.67806919E+08,4.17635747E+07,6.67899754E-02,4.17694567E-03,-6.67774371E+08,-4.17614489E+07,-1.42460397E+02,-1.19955792E+01,-0.00000000E+00,-0.00000000E+00,1.82793689E-38,1.19263779E-39,-0.00000000E+00,-0.00000000E+00,1.82793689E-38,1.19263779E-39,-3.68026614E+04,-2.39963501E+03,-2.98072659E+00,-2.22188112E-01,3.68030667E+03,2.39966146E+02,3.60000000E+03,2.40000000E+02,7.76997226E+06,1.63109169E+09
1.70000000E+01,1.00000000E+00,3.18648139E-02,1.39978658E+08,2.45590517E+02,2.30509574E+03,-0.00000000E+00,-0.00000000E+00,-4.57330881E-34,-3.03111586E-35,7.09573861E+08,4.17669417E+07,7.09672588E-02,4.17728343E-03,-7.09539187E+08,-4.17648159E+07,-1.54457873E+02,-1.19982164E+01,-0.00000000E+00,-0.00000000E+00,1.94719866E-38,1.19260508E-39,-0.00000000E+00,-0.00000000E+00,1.94719866E-38,1.19260508E-39,-3.92022958E+04,-2.39963446E+03,-3.20292006E+00,-2.22195961E-01,3.92027276E+03,2.39966092E+02,3.84000000E+03,2.40000000E+02,7.76997038E+06,1.63109169E+09
1.80000000E+01,1.00000000E+00,3.19382274E-02,1.39978624E+08,2.45587666E+02,2.45787170E+03,-0.00000000E+00,-0.00000000E+00,-4.87641845E-34,-3.03108068E-35,7.51344167E+08,4.17703063E+07,7.51448798E-02,4.17762095E-03,-7.51307368E+08,-4.17681805E+07,-1.66457981E+02,-1.20008452E+01,-0.00000000E+00,-0.00000000E+00,2.06645717E-38,1.19257258E-39,-0.00000000E+00,-0.00000000E+00,2.06645717E-38,1.19257258E-39,-4.16019298E+04,-2.39963392E+03,-3.42512136E+00,-2.22203784E-01,4.16023880E+03,2.39966038E+02,4.08000000E+03,2.40000000E+02,7.76996850E+06,1.63109169E+09
1.90000000E+01,1.00000000E+00,3.20114002E-02,1.39978590E+08,2.45584824E+02,2.61064590E+03,-0.00000000E+00,-0.00000000E+00,-5.17952457E-34,-3.03104560E-35,7.93117836E+08,4.17736684E+07,7.93228380E-02,4.17795823E-03,-7.93078910E+08,-4.17715426E+07,-1.78460712E+02,-1.20034660E+01,-0.00000000E+00,-0.00000000E+00,2.18571244E-38,1.19254029E-39,-0.00000000E+00,-0.00000000E+00,2.18571244E-38,1.19254029E-39,-4.40015631E+04,-2.39963337E+03,-3.64733046E+00,-2.22211580E-01,4.40020478E+03,2.39965984E+02,4.32000000E+03,2.40000000E+02,7.76996662E+06,1.63109169E+09
2.00000000E+01,1.00000000E+00,3.20843395E-02,1.39978557E+08,2.45581991E+02,2.76341833E+03,-0.00000000E+00,-0.00000000E+00,-5.48262719E-34,-3.03101063E-35,8.34894864E+08,4.17770282E+07,8.35011332E-02,4.17829526E-03,-8.34853813E+08,-4.17749024E+07,-1.90466057E+02,-1.20060789E+01,-0.00000000E+00,-0.00000000E+00,2.30496449E-38,1.19250820E-39,-0.00000000E+00,-0.00000000E+00,2.30496449E-38,1.19250820E-39,-4.64011960E+04,-2.39963283E+03,-3.86954734E+00,-2.22219350E-01,4.64017071E+03,2.39965930E+02,4.56000000E+03,2.40000000E+02,7.76996474E+06,1.63109169E+09
2.10000000E+01,1.00000000E+00,3.21570519E-02,1.39978523E+08,2.45579166E+02,2.91618900E+03,-0.00000000E+00,-0.00000000E+00,-5.78572632E-34,-3.03097576E-35,8.76675250E+08,4.17803856E+07,8.76797653E-02,4.17863206E-03,-8.76632073E+08,-4.17782598E+07,-2.02474011E+02,-1.20086843E+01,-0.00000000E+00,-0.00000000E+00,2.42421335E-38,1.19247631E-39,-0.00000000E+00,-0.00000000E+00,2.42421335E-38,1.19247631E-39,-4.88008282E+04,-2.39963229E+03,-4.09177198E+00,-2.22227092E-01,4.88013659E+03,2.39965876E+02,4.80000000E+03,2.40000000E+02,7.76996286E+06,1.63109169E+09
2.20000000E+01,1.00000000E+00,3.22295438E-02,1.39978489E+08,2.45576350E+02,3.06895791E+03,-0.00000000E+00,-0.00000000E+00,-6.08882196E-34,-3.03094100E-35,9.18458990E+08,4.17837406E+07,9.18587339E-02,4.17896862E-03,-9.18413687E+08,-4.17816147E+07,-2.14484565E+02,-1.20112824E+01,-0.00000000E+00,-0.00000000E+00,2.54345903E-38,1.19244462E-39,-0.00000000E+00,-0.00000000E+00,2.54345903E-38,1.19244462E-39,-5.12004600E+04,-2.39963175E+03,-4.31400433E+00,-2.22234810E-01,5.12010241E+03,2.39965822E+02,5.04000000E+03,2.40000000E+02,7.76996098E+06,1.63109169E+09
2.30000000E+01,1.00000000E+00,3.23018211E-02,1.39978455E+08,2.45573541E+02,3.22172508E+03,-0.00000000E+00,-0.00000000E+00,-6.39191414E-34,-3.03090633E-35,9.60246083E+08,4.17870932E+07,9.60380389E-02,4.17930494E-03,-9.60198655E+08,-4.17849674E+07,-2.26497711E+02,-1.20138733E+01,-0.00000000E+00,-0.00000000E+00,2.66270155E-38,1.19241313E-39,-0.00000000E+00,-0.00000000E+00,2.66270156E-38,1.19241313E-39,-5.36000912E+04,-2.39963121E+03,-4.53624440E+00,-2.22242505E-01,5.36006818E+03,2.39965769E+02,5.28000000E+03,2.40000000E+02,7.76995910E+06,1.63109169E+09
2.40000000E+01,1.00000000E+00,3.23738894E-02,1.39978421E+08,2.45570740E+02,3.37449050E+03,-0.00000000E+00,-0.00000000E+00,-6.69500285E-34,-3.03087176E-35,1.00203653E+09,4.17904434E+07,1.00217680E-01,4.17964102E-03,-1.00198697E+09,-4.17883176E+07,-2.38513444E+02,-1.20164572E+01,-0.00000000E+00,-0.00000000E+00,2.78194094E-38,1.19238183E-39,-0.00000000E+00,-0.00000000E+00,2.78194094E-38,1.19238183E-39,-5.59997219E+04,-2.39963067E+03,-4.75849214E+00,-2.22250178E-01,5.60003389E+03,2.39965715E+02,5.52000000E+03,2.40000000E+02,7.76995722E+06,1.63109169E+09
2.50000000E+01,1.00000000E+00,3.24457540E-02,1.39978387E+08,2.45567947E+02,3.52725418E+03,-0.00000000E+00,-0.00000000E+00,-6.99808812E-34,-3.03083729E-35,1.04383032E+09,4.17937913E+07,1.04397657E-01,4.17997687E-03,-1.04377864E+09,-4.17916655E+07,-2.50531755E+02,-1.20190344E+01,-0.00000000E+00,-0.00000000E+00,2.90117721E-38,1.19235073E-39,-0.00000000E+00,-0.00000000E+00,2.90117721E-38,1.19235073E-39,-5.83993520E+04,-2.39963014E+03,-4.98074754E+00,-2.22257829E-01,5.83999955E+03,2.39965662E+02,5.76000000E+03,2.40000000E+02,7.76995535E+06,1.63109169E+09
2.60000000E+01,1.00000000E+00,3.25174196E-02,1.39978354E+08,2.45565161E+02,3.68001613E+03,-0.00000000E+00,-0.00000000E+00,-7.30116994E-34,-3.03080290E-35,1.08562746E+09,4.17971369E+07,1.08577969E-01,4.18031248E-03,-1.08557365E+09,-4.17950110E+07,-2.62552639E+02,-1.20216050E+01,-0.00000000E+00,-0.00000000E+00,3.02041038E-38,1.19231982E-39,-0.00000000E+00,-0.00000000E+00,3.02041038E-38,1.19231982E-39,-6.07989816E+04,-2.39962960E+03,-5.20301057E+00,-2.22265458E-01,6.07996516E+03,2.39965609E+02,6.00000000E+03,2.40000000E+02,7.76995347E+06,1.63109169E+09
2.70000000E+01,1.00000000E+00,3.25888910E-02,1.39978320E+08,2.45562382E+02,3.83277635E+03,-0.00000000E+00,-0.00000000E+00,-7.60424832E-34,-3.03076860E-35,1.12742794E+09,4.18004801E+07,1.12758617E-01,4.18064786E-03,-1.12737200E+09,-4.17983543E+07,-2.74576089E+02,-1.20241692E+01,-0.00000000E+00,-0.00000000E+00,3.13964047E-38,1.19228909E-39,-0.00000000E+00,-0.00000000E+00,3.13964047E-38,1.19228909E-39,-6.31986107E+04,-2.39962907E+03,-5.42528122E+00,-2.22273066E-01,6.31993072E+03,2.39965556E+02,6.24000000E+03,2.40000000E+02,7.76995159E+06,1.63109169E+09
2.80000000E+01,1.00000000E+00,3.26601724E-02,1.39978286E+08,2.45559610E+02,3.98553484E+03,-0.00000000E+00,-0.00000000E+00,-7.90732328E-34,-3.03073438E-35,1.16923176E+09,4.18038210E+07,1.16939600E-01,4.18098301E-03,-1.16917370E+09,-4.18016952E+07,-2.86602099E+02,-1.20267271E+01,-0.00000000E+00,-0.00000000E+00,3.25886750E-38,1.19225856E-39,-0.00000000E+00,-0.00000000E+00,3.25886750E-38,1.19225856E-39,-6.55982392E+04,-2.39962854E+03,-5.64755946E+00,-2.22280653E-01,6.55989622E+03,2.39965503E+02,6.48000000E+03,2.40000000E+02,7.76994972E+06,1.63109169E+09
2.90000000E+01,1.00000000E+00,3.27312682E-02,1.39978252E+08,2.45556845E+02,4.13829160E+03,-0.00000000E+00,-0.00000000E+00,-8.21039483E-34,-3.03070025E-35,1.21103892E+09,4.18071596E+07,1.21120918E-01,4.18131793E-03,-1.21097873E+09,-4.18050337E+07,-2.98630663E+02,-1.20292789E+01,-0.00000000E+00,-0.00000000E+00,3.37809149E-38,1.19222821E-39,-0.00000000E+00,-0.00000000E+00,3.37809149E-38,1.19222821E-39,-6.79978672E+04,-2.39962800E+03,-5.86984528E+00,-2.22288220E-01,6.79986167E+03,2.39965450E+02,6.72000000E+03,2.40000000E+02,7.76994784E+06,1.63109169E+09
3.00000000E+01,1.00000000E+00,3.28021820E-02,1.39978218E+08,2.45554086E+02,4.29104665E+03,-0.00000000E+00,-0.00000000E+00,-8.51346296E-34,-3.03066620E-35,1.25284941E+09,4.18104959E+07,1.25302571E-01,4.18165261E-03,-1.25278710E+09,-4.18083700E+07,-3.10661773E+02,-1.20318247E+01,-0.00000000E+00,-0.00000000E+00,3.49731245E-38,1.19219804E-39,-0.00000000E+00,-0.00000000E+00,3.49731246E-38,1.19219804E-39,-7.03974947E+04,-2.39962747E+03,-6.09213865E+00,-2.22295768E-01,7.03982707E+03,2.39965397E+02,6.96000000E+03,2.40000000E+02,7.76994596E+06,1.63109169E+09
3.10000000E+01,1.00000000E+00,3.28729178E-02,1.39978185E+08,2.45551334E+02,4.44379999E+03,-0.00000000E+00,-0.00000000E+00,-8.81652770E-34,-3.03063223E-35,1.29466324E+09,4.18138299E+07,1.29484558E-01,4.18198707E-03,-1.29459881E+09,-4.18117040E+07,-3.22695426E+02,-1.20343646E+01,-0.00000000E+00,-0.00000000E+00,3.61653041E-38,1.19216806E-39,-0.00000000E+00,-0.00000000E+00,3.61653041E-38,1.19216806E-39,-7.27971216E+04,-2.39962694E+03,-6.31443956E+00,-2.22303296E-01,7.27979241E+03,2.39965345E+02,7.20000000E+03,2.40000000E+02,7.76994409E+06,1.63109169E+09
3.20000000E+01,1.00000000E+00,3.29434788E-02,1.39978151E+08,2.45548588E+02,4.59655162E+03,-0.00000000E+00,-0.00000000E+00,-9.11958904E-34,-3.03059834E-35,1.33648040E+09,4.18171616E+07,1.33666879E-01,4.18232130E-03,-1.33641384E+09,-4.18150357E+07,-3.34731614E+02,-1.20368988E+01,-0.00000000E+00,-0.00000000E+00,3.73574539E-38,1.19213826E-39,-0.00000000E+00,-0.00000000E+00,3.73574539E-38,1.19213826E-39,-7.51967481E+04,-2.39962642E+03,-6.53674798E+00,-2.22310805E-01,7.51975770E+03,2.39965292E+02,7.44000000E+03,2.40000000E+02,7.76994222E+06,1.63109169E+09
3.30000000E+01,1.00000000E+00,3.30138686E-02,1.39978117E+08,2.45545848E+02,4.74930154E+03,-0.00000000E+00,-0.00000000E+00,-9.42264700E-34,-3.03056453E-35,1.37830089E+09,4.18204910E+07,1.37849534E-01,4.18265530E-03,-1.37823221E+09,-4.18183651E+07,-3.46770333E+02,-1.20394274E+01,-0.00000000E+00,-0.00000000E+00,3.85495739E-38,1.19210863E-39,-0.00000000E+00,-0.00000000E+00,3.85495739E-38,1.19210864E-39,-7.75963739E+04,-2.39962589E+03,-6.75906389E+00,-2.22318295E-01,7.75972294E+03,2.39965240E+02,7.68000000E+03,2.40000000E+02,7.76994034E+06,1.63109169E+09
3.40000000E+01,1.00000000E+00,3.30840901E-02,1.39978083E+08,2.45543115E+02,4.90204975E+03,-0.00000000E+00,-0.00000000E+00,-9.72570158E-34,-3.03053079E-35,1.42012471E+09,4.18238182E+07,1.42032523E-01,4.18298907E-03,-1.42005390E+09,-4.18216923E+07,-3.58811576E+02,-1.20419504E+01,-0.00000000E+00,-0.00000000E+00,3.97416644E-38,1.19207919E-39,-0.00000000E+00,-0.00000000E+00,3.97416644E-38,1.19207919E-39,-7.99959993E+04,-2.39962536E+03,-6.98138729E+00,-2.22325767E-01,7.99968813E+03,2.39965187E+02,7.92000000E+03,2.40000000E+02,7.76993847E+06,1.63109169E+09
3.50000000E+01,1.00000000E+00,3.31541465E-02,1.39978050E+08,2.45540387E+02,5.05479627E+03,-0.00000000E+00,-0.00000000E+00,-1.00287528E-33,-3.03049712E-35,1.46195186E+09,4.18271431E+07,1.46215846E-01,4.18332262E-03,-1.46187892E+09,-4.18250172E+07,-3.70855338E+02,-1.20444681E+01,-0.00000000E+00,-0.00000000E+00,4.09337256E-38,1.19204992E-39,-0.00000000E+00,-0.00000000E+00,4.09337256E-38,1.19204992E-39,-8.23956241E+04,-2.39962484E+03,-7.20371814E+00,-2.22333221E-01,8.23965327E+03,2.39965135E+02,8.16000000E+03,2.40000000E+02,7.76993659E+06,1.63109169E+09
3.60000000E+01,1.00000000E+00,3.32240407E-02,1.39978016E+08,2.45537666E+02,5.20754110E+03,-0.00000000E+00,-0.00000000E+00,-1.03318006E-33,-3.03046353E-35,1.50378232E+09,4.18304657E+07,1.50399502E-01,4.18365594E-03,-1.50370726E+09,-4.18283398E+07,-3.82901614E+02,-1.20469804E+01,-0.00000000E+00,-0.00000000E+00,4.21257576E-38,1.19202082E-39,-0.00000000E+00,-0.00000000E+00,4.21257576E-38,1.19202082E-39,-8.47952485E+04,-2.39962431E+03,-7.42605644E+00,-2.22340657E-01,8.47961835E+03,2.39965083E+02,8.40000000E+03,2.40000000E+02,7.76993472E+06,1.63109169E+09
3.70000000E+01,1.00000000E+00,3.32937752E-02,1.39977982E+08,2.45534950E+02,5.36028423E+03,-0.00000000E+00,-0.00000000E+00,-1.06348451E-33,-3.03043001E-35,1.54561611E+09,4.18337862E+07,1.54583491E-01,4.18398904E-03,-1.54553892E+09,-4.18316602E+07,-3.94950399E+02,-1.20494875E+01,-0.00000000E+00,-0.00000000E+00,4.33177606E-38,1.19199190E-39,-0.00000000E+00,-0.00000000E+00,4.33177606E-38,1.19199190E-39,-8.71948722E+04,-2.39962379E+03,-7.64840216E+00,-2.22348076E-01,8.71958338E+03,2.39965031E+02,8.64000000E+03,2.40000000E+02,7.76993285E+06,1.63109169E+09
3.80000000E+01,1.00000000E+00,3.33633528E-02,1.39977948E+08,2.45532239E+02,5.51302568E+03,-0.00000000E+00,-0.00000000E+00,-1.09378863E-33,-3.03039655E-35,1.58745321E+09,4.18371043E+07,1.58767813E-01,4.18432191E-03,-1.58737389E+09,-4.18349784E+07,-4.07001687E+02,-1.20519896E+01,-0.00000000E+00,-0.00000000E+00,4.45097348E-38,1.19196315E-39,-0.00000000E+00,-0.00000000E+00,4.45097348E-38,1.19196315E-39,-8.95944955E+04,-2.39962326E+03,-7.87075529E+00,-2.22355477E-01,8.95954836E+03,2.39964979E+02,8.88000000E+03,2.40000000E+02,7.76993098E+06,1.63109169E+09
3.90000000E+01,1.00000000E+00,3.34327760E-02,1.39977915E+08,2.45529535E+02,5.66576544E+03,-0.00000000E+00,-0.00000000E+00,-1.12409241E-33,-3.03036317E-35,1.62929363E+09,4.18404203E+07,1.62952467E-01,4.18465456E-03,-1.62921219E+09,-4.18382943E+07,-4.19055474E+02,-1.20544865E+01,-0.00000000E+00,-0.00000000E+00,4.57016804E-38,1.19193456E-39,-0.00000000E+00,-0.00000000E+00,4.57016804E-38,1.19193456E-39,-9.19941182E+04,-2.39962274E+03,-8.09311580E+00,-2.22362862E-01,9.19951328E+03,2.39964927E+02,9.12000000E+03,2.40000000E+02,7.76992911E+06,1.63109169E+09
4.00000000E+01,1.00000000E+00,3.35020471E-02,1.39977881E+08,2.45526835E+02,5.81850352E+03,-0.00000000E+00,-0.00000000E+00,-1.15439585E-33,-3.03032985E-35,1.67113737E+09,4.18437341E+07,1.67137454E-01,4.18498700E-03,-1.67105380E+09,-4.18416081E+07,-4.31111754E+02,-1.20569786E+01,-0.00000000E+00,-0.00000000E+00,4.68935975E-38,1.19190615E-39,-0.00000000E+00,-0.00000000E+00,4.68935975E-38,1.19190615E-39,-9.43937405E+04,-2.39962222E+03,-8.31548369E+00,-2.22370229E-01,9.43947816E+03,2.39964875E+02,9.36000000E+03,2.40000000E+02,7.76992723E+06,1.63109169E+09
4.10000000E+01,1.00000000E+00,3.35711684E-02,1.39977847E+08,2.45524141E+02,5.97123992E+03,-0.00000000E+00,-0.00000000E+00,-1.18469897E-33,-3.03029660E-35,1.71298441E+09,4.18470456E+07,1.71322774E-01,4.18531921E-03,-1.71289872E+09,-4.18449196E+07,-4.43170522E+02,-1.20594657E+01,-0.00000000E+00,-0.00000000E+00,4.80854862E-38,1.19187790E-39,-0.00000000E+00,-0.00000000E+00,4.80854862E-38,1.19187790E-39,-9.67933622E+04,-2.39962170E+03,-8.53785894E+00,-2.22377581E-01,9.67944298E+03,2.39964823E+02,9.60000000E+03,2.40000000E+02,7.76992536E+06,1.63109169E+09
4.20000000E+01,1.00000000E+00,3.36401421E-02,1.39977814E+08,2.45521452E+02,6.12397465E+03,-0.00000000E+00,-0.00000000E+00,-1.21500175E-33,-3.03026341E-35,1.75483477E+09,4.18503549E+07,1.75508425E-01,4.18565120E-03,-1.75474695E+09,-4.18482290E+07,-4.55231775E+02,-1.20619481E+01,-0.00000000E+00,-0.00000000E+00,4.92773468E-38,1.19184981E-39,-0.00000000E+00,-0.00000000E+00,4.92773469E-38,1.19184981E-39,-9.91929833E+04,-2.39962118E+03,-8.76024153E+00,-2.22384916E-01,9.91940775E+03,2.39964772E+02,9.84000000E+03,2.40000000E+02,7.76992349E+06,1.63109169E+09
4.30000000E+01,1.00000000E+00,3.37089703E-02,1.39977780E+08,2.45518769E+02,6.27670771E+03,-0.00000000E+00,-0.00000000E+00,-1.24530420E-33,-3.03023029E-35,1.79668843E+09,4.18536621E+07,1.79694408E-01,4.18598297E-03,-1.79659848E+09,-4.18515361E+07,-4.67295506E+02,-1.20644257E+01,-0.00000000E+00,-0.00000000E+00,5.04691795E-38,1.19182189E-39,-0.00000000E+00,-0.00000000E+00,5.04691795E-38,1.19182189E-39,-1.01592604E+05,-2.39962066E+03,-8.98263144E+00,-2.22392235E-01,1.01593725E+04,2.39964720E+02,1.00800000E+04,2.40000000E+02,7.76992162E+06,1.63109169E+09
4.40000000E+01,1.00000000E+00,3.37776550E-02,1.39977746E+08,2.45516090E+02,6.42943910E+03,-0.00000000E+00,-0.00000000E+00,-1.27560632E-33,-3.03019723E-35,1.83854540E+09,4.18569671E+07,1.83880722E-01,4.18631452E-03,-1.83845332E+09,-4.18548411E+07,-4.79361712E+02,-1.20668987E+01,-0.00000000E+00,-0.00000000E+00,5.16609843E-38,1.19179413E-39,-0.00000000E+00,-0.00000000E+00,5.16609843E-38,1.19179413E-39,-1.03992224E+05,-2.39962014E+03,-9.20502866E+00,-2.22399538E-01,1.03993371E+04,2.39964669E+02,1.03200000E+04,2.40000000E+02,7.76991975E+06,1.63109169E+09
4.50000000E+01,1.00000000E+00,3.38461982E-02,1.39977712E+08,2.45513417E+02,6.58216883E+03,-0.00000000E+00,-0.00000000E+00,-1.30590811E-33,-3.03016423E-35,1.88040567E+09,4.18602699E+07,1.88067368E-01,4.18664586E-03,-1.88031147E+09,-4.18581439E+07,-4.91430387E+02,-1.20693670E+01,-0.00000000E+00,-0.00000000E+00,5.28527614E-38,1.19176653E-39,-0.00000000E+00,-0.00000000E+00,5.28527614E-38,1.19176653E-39,-1.06391844E+05,-2.39961963E+03,-9.42743317E+00,-2.22406825E-01,1.06393018E+04,2.39964617E+02,1.05600000E+04,2.40000000E+02,7.76991788E+06,1.63109169E+09
4.60000000E+01,1.00000000E+00,3.39146017E-02,1.39977679E+08,2.45510749E+02,6.73489690E+03,-0.00000000E+00,-0.00000000E+00,-1.33620957E-33,-3.03013130E-35,1.92226924E+09,4.18635706E+07,1.92254345E-01,4.18697698E-03,-1.92217291E+09,-4.18614446E+07,-5.03501528E+02,-1.20718309E+01,-0.00000000E+00,-0.00000000E+00,5.40445111E-38,1.19173908E-39,-0.00000000E+00,-0.00000000E+00,5.40445111E-38,1.19173908E-39,-1.08791463E+05,-2.39961911E+03,-9.64984496E+00,-2.22414098E-01,1.08792663E+04,2.39964566E+02,1.08000000E+04,2.40000000E+02,7.76991602E+06,1.63109169E+09
4.70000000E+01,1.00000000E+00,3.39828674E-02,1.39977645E+08,2.45508085E+02,6.88762330E+03,-0.00000000E+00,-0.00000000E+00,-1.36651070E-33,-3.03009842E-35,1.96413611E+09,4.18668691E+07,1.96441653E-01,4.18730789E-03,-1.96403765E+09,-4.18647430E+07,-5.15575129E+02,-1.20742903E+01,-0.00000000E+00,-0.00000000E+00,5.52362333E-38,1.19171180E-39,-0.00000000E+00,-0.00000000E+00,5.52362334E-38,1.19171180E-39,-1.11191081E+05,-2.39961860E+03,-9.87226401E+00,-2.22421354E-01,1.11192308E+04,2.39964515E+02,1.10400000E+04,2.40000000E+02,7.76991415E+06,1.63109169E+09
4.80000000E+01,1.00000000E+00,3.40509969E-02,1.39977611E+08,2.45505426E+02,7.04034806E+03,-0.00000000E+00,-0.00000000E+00,-1.39681150E-33,-3.03006560E-35,2.00600627E+09,4.18701654E+07,2.00629292E-01,4.18763858E-03,-2.00590569E+09,-4.18680394E+07,-5.27651186E+02,-1.20767453E+01,-0.00000000E+00,-0.00000000E+00,5.64279284E-38,1.19168467E-39,-0.00000000E+00,-0.00000000E+00,5.64279285E-38,1.19168467E-39,-1.13590700E+05,-2.39961808E+03,-1.00946903E+01,-2.22428596E-01,1.13591953E+04,2.39964464E+02,1.12800000E+04,2.40000000E+02,7.76991228E+06,1.63109169E+09
4.90000000E+01,1.00000000E+00,3.41189920E-02,1.39977578E+08,2.45502772E+02,7.19307116E+03,-0.00000000E+00,-0.00000000E+00,-1.42711198E-33,-3.03003285E-35,2.04787973E+09,4.18734596E+07,2.04817261E-01,4.18796906E-03,-2.04777703E+09,-4.18713336E+07,-5.39729696E+02,-1.20791960E+01,-0.00000000E+00,-0.00000000E+00,5.76195965E-38,1.19165769E-39,-0.00000000E+00,-0.00000000E+00,5.76195965E-38,1.19165769E-39,-1.15990317E+05,-2.39961757E+03,-1.03171238E+01,-2.22435823E-01,1.15991597E+04,2.39964412E+02,1.15200000E+04,2.40000000E+02,7.76991041E+06,1.63109169E+09
5.00000000E+01,1.00000000E+00,3.41868542E-02,1.39977544E+08,2.45500123E+02,7.34579261E+03,-0.00000000E+00,-0.00000000E+00,-1.45741212E-33,-3.03000015E-35,2.08975648E+09,4.18767517E+07,2.09005560E-01,4.18829932E-03,-2.08965165E+09,-4.18746257E+07,-5.51810653E+02,-1.20816423E+01,-0.00000000E+00,-0.00000000E+00,5.88112377E-38,1.19163086E-39,-0.00000000E+00,-0.00000000E+00,5.88112377E-38,1.19163086E-39,-1.18389934E+05,-2.39961705E+03,-1.05395646E+01,-2.22443035E-01,1.18391241E+04,2.39964361E+02,1.17600000E+04,2.40000000E+02,7.76990855E+06,1.63109169E+09
