Time [d],dt_flow [d],dt_tran [d],Global Water Mass in Liquid Phas [kg],Global Vaq [mol],Global Vim [mol],Top Water Mass [kg],Top Water Mass [kg/d],Top Vaq [mol],Top Vaq [mol/d],Right Water Mass [kg],Right Water Mass [kg/d],Right Vaq [mol],Right Vaq [mol/d],Left Water Mass [kg],Left Water Mass [kg/d],Left Vaq [mol],Left Vaq [mol/d],North Water Mass [kg],North Water Mass [kg/d],North Vaq [mol],North Vaq [mol/d],South Water Mass [kg],South Water Mass [kg/d],South Vaq [mol],South Vaq [mol/d],ExtractWell Water Mass [kg],ExtractWell Water Mass [kg/d],ExtractWell Vaq [mol],ExtractWell Vaq [mol/d],InjectWell Water Mass [kg],InjectWell Water Mass [kg/d],InjectWell Vaq [mol],InjectWell Vaq [mol/d],Region Region__all Water Mass [kg],Region Region__all Total Mass [kg]
1.00000000E+00,4.89000000E-01,9.00000000E-03,1.39977963E+08,5.83610260E-03,5.68227286E-03,-0.00000000E+00,-0.00000000E+00,6.08501405E-40,1.00765819E-39,6.95114608E+06,6.95132405E+06,6.95222741E-04,6.95240542E-04,-6.95042063E+06,-6.95022225E+06,-4.46611158E-04,-2.80914099E-04,-0.00000000E+00,-0.00000000E+00,6.04721910E-40,1.00139950E-39,-0.00000000E+00,-0.00000000E+00,6.04721910E-40,1.00139950E-39,-8.08070387E+02,-1.22620696E+03,-4.49588001E-08,-4.95607441E-08,8.08071844E+01,1.22620917E+02,8.08197600E-09,1.22640000E-08,7.76993181E+06,1.63109144E+09
2.00000000E+00,4.88000000E-01,2.40000000E-02,1.39977962E+08,1.55267905E+02,5.68400373E+01,-0.00000000E+00,-0.00000000E+00,-1.12743213E-35,-1.91627677E-35,1.39029629E+07,6.95182387E+06,1.39051257E-03,6.95290536E-04,-1.39000795E+07,-6.94966590E+06,-6.28330509E-04,-1.12345948E-04,-0.00000000E+00,-0.00000000E+00,1.83593214E-39,1.38922869E-39,-0.00000000E+00,-0.00000000E+00,1.83593214E-39,1.38922869E-39,-3.20769259E+03,-2.39962219E+03,-1.07703993E-07,-3.87924858E-08,3.20769839E+02,2.39962654E+02,2.40000000E+02,2.40000000E+02,7.76993172E+06,1.63109160E+09
3.00000000E+00,1.00000000E+00,4.00000000E-02,1.39977960E+08,2.16916457E+02,1.76461361E+02,-0.00000000E+00,-0.00000000E+00,-3.50069831E-35,-2.67719604E-35,2.08548136E+07,6.95185063E+06,2.08580579E-03,6.95293217E-04,-2.08497721E+07,-6.94969258E+06,-7.00484498E-04,-4.54232531E-05,-0.00000000E+00,-0.00000000E+00,3.31343655E-39,1.53517458E-39,-0.00000000E+00,-0.00000000E+00,3.31343655E-39,1.53517458E-39,-5.60731475E+03,-2.39962216E+03,-1.37050435E-07,-4.15168521E-08,5.60732491E+02,2.39962652E+02,4.80000000E+02,2.40000000E+02,7.76993163E+06,1.63109166E+09
4.00000000E+00,1.00000000E+00,4.00000000E-02,1.39977959E+08,2.41841880E+02,3.20713038E+02,-0.00000000E+00,-0.00000000E+00,-6.36266193E-35,-2.98484697E-35,2.78066896E+07,6.95187601E+06,2.78110155E-03,6.95295760E-04,-2.77994900E+07,-6.94971788E+06,-7.29657497E-04,-1.83653400E-05,-0.00000000E+00,-0.00000000E+00,4.88240094E-39,1.59101675E-39,-0.00000000E+00,-0.00000000E+00,4.88240094E-39,1.59101675E-39,-8.00693688E+03,-2.39962213E+03,-9.55559798E-07,-2.94336282E-06,8.00695142E+02,2.39962651E+02,7.20000000E+02,2.40000000E+02,7.76993154E+06,1.63109168E+09
5.00000000E+00,1.00000000E+00,4.00000000E-02,1.39977957E+08,2.51919585E+02,4.74923127E+02,-0.00000000E+00,-0.00000000E+00,-9.42221313E-35,-3.10923464E-35,3.47585896E+07,6.95190000E+06,3.47639972E-03,6.95298165E-04,-3.47492318E+07,-6.94974179E+06,-7.41452600E-04,-7.42539622E-06,-0.00000000E+00,-0.00000000E+00,6.48631060E-39,1.61231444E-39,-0.00000000E+00,-0.00000000E+00,6.48631060E-39,1.61231444E-39,-1.04065590E+04,-2.39962211E+03,-1.96485121E-05,-4.67093190E-05,1.04065779E+03,2.39962649E+02,9.60000000E+02,2.40000000E+02,7.76993146E+06,1.63109169E+09
6.00000000E+00,1.00000000E+00,4.00000000E-02,1.39977956E+08,2.55994067E+02,6.33159524E+02,-0.00000000E+00,-0.00000000E+00,-1.25616514E-34,-3.15952539E-35,4.17105122E+07,6.95192264E+06,4.17170015E-03,6.95300434E-04,-4.16989961E+07,-6.94976434E+06,-7.46221550E-04,-3.00222288E-06,-0.00000000E+00,-0.00000000E+00,8.10352693E-39,1.62040774E-39,-0.00000000E+00,-0.00000000E+00,8.10352693E-39,1.62040774E-39,-1.28061811E+04,-2.39962208E+03,-1.56114229E-04,-2.54937674E-04,1.28062044E+03,2.39962648E+02,1.20000000E+03,2.40000000E+02,7.76993139E+06,1.63109170E+09
7.00000000E+00,1.00000000E+00,4.00000000E-02,1.39977954E+08,2.57618751E+02,7.93038770E+02,-0.00000000E+00,-0.00000000E+00,-1.57336858E-34,-3.17957864E-35,4.86624562E+07,6.95194398E+06,4.86700272E-03,6.95302573E-04,-4.86487817E+07,-6.94978561E+06,-7.48123764E-04,-1.23922963E-06,-0.00000000E+00,-0.00000000E+00,9.72583386E-39,1.62342744E-39,-0.00000000E+00,-0.00000000E+00,9.72583386E-39,1.62342744E-39,-1.52058031E+04,-2.39962206E+03,-6.50784955E-04,-7.23515422E-04,1.52058308E+03,2.39962646E+02,1.44000000E+03,2.40000000E+02,7.76993132E+06,1.63109170E+09
8.00000000E+00,1.00000000E+00,4.00000000E-02,1.39977953E+08,2.58288464E+02,9.53558144E+02,-0.00000000E+00,-0.00000000E+00,-1.89184213E-34,-3.18784481E-35,5.56144203E+07,6.95196413E+06,5.56230732E-03,6.95304592E-04,-5.55985874E+07,-6.94980568E+06,-7.48915323E-04,-5.28419181E-07,-0.00000000E+00,-0.00000000E+00,1.13499937E-38,1.62459124E-39,-0.00000000E+00,-0.00000000E+00,1.13499937E-38,1.62459124E-39,-1.76054252E+04,-2.39962204E+03,-1.70398891E-03,-1.32404078E-03,1.76054573E+03,2.39962645E+02,1.68000000E+03,2.40000000E+02,7.76993125E+06,1.63109170E+09
9.00000000E+00,1.00000000E+00,4.00000000E-02,1.39977952E+08,2.58564317E+02,1.11434130E+03,-0.00000000E+00,-0.00000000E+00,-2.21083904E-34,-3.19124962E-35,6.25664036E+07,6.95198322E+06,6.25761382E-03,6.95306507E-04,-6.25484121E+07,-6.94982472E+06,-7.49310841E-04,-3.60456612E-07,-0.00000000E+00,-0.00000000E+00,1.29748659E-38,1.62503748E-39,-0.00000000E+00,-0.00000000E+00,1.29748659E-38,1.62503748E-39,-2.00050472E+04,-2.39962203E+03,-3.33097092E-03,-1.84995232E-03,2.00050837E+03,2.39962643E+02,1.92000000E+03,2.40000000E+02,7.76993118E+06,1.63109170E+09
1.00000000E+01,1.00000000E+00,2.32000000E-01,1.39977951E+08,2.58676910E+02,1.27523366E+03,-0.00000000E+00,-0.00000000E+00,-2.53005263E-34,-3.19263934E-35,6.95184050E+07,6.95200142E+06,6.95292215E-03,6.95308332E-04,-6.94982550E+07,-6.94984286E+06,-7.49883871E-04,-8.64260957E-07,-0.00000000E+00,-0.00000000E+00,1.46000120E-38,1.62520612E-39,-0.00000000E+00,-0.00000000E+00,1.46000120E-38,1.62520612E-39,-2.24046692E+04,-2.39962201E+03,-5.39120564E-03,-2.19384354E-03,2.24047101E+03,2.39962641E+02,2.16000000E+03,2.40000000E+02,7.76993112E+06,1.63109170E+09
1.10000000E+01,1.00000000E+00,2.32000000E-01,1.39977950E+08,2.58722743E+02,1.43617063E+03,-0.00000000E+00,-0.00000000E+00,-2.84935473E-34,-3.19320506E-35,7.64704239E+07,6.95201890E+06,7.64823224E-03,6.95310084E-04,-7.64481153E+07,-6.94986029E+06,-7.51771830E-04,-2.78017865E-06,-0.00000000E+00,-0.00000000E+00,1.62252611E-38,1.62526932E-39,-0.00000000E+00,-0.00000000E+00,1.62252611E-38,1.62526932E-39,-2.48042912E+04,-2.39962199E+03,-7.70369438E-03,-2.37233791E-03,2.48043365E+03,2.39962640E+02,2.40000000E+03,2.40000000E+02,7.76993106E+06,1.63109170E+09
1.20000000E+01,1.00000000E+00,2.32000000E-01,1.39977949E+08,2.58742355E+02,1.59712510E+03,-0.00000000E+00,-0.00000000E+00,-3.16869157E-34,-3.19344712E-35,8.34224597E+07,6.95203581E+06,8.34354402E-03,6.95311780E-04,-8.33979925E+07,-6.94987717E+06,-7.56842527E-04,-6.85161433E-06,-0.00000000E+00,-0.00000000E+00,1.78505473E-38,1.62529414E-39,-0.00000000E+00,-0.00000000E+00,1.78505473E-38,1.62529414E-39,-2.72039132E+04,-2.39962198E+03,-1.01312066E-02,-2.45410718E-03,2.72039629E+03,2.39962638E+02,2.64000000E+03,2.40000000E+02,7.76993101E+06,1.63109170E+09
1.30000000E+01,1.00000000E+00,2.32000000E-01,1.39977948E+08,2.58750743E+02,1.75808707E+03,-0.00000000E+00,-0.00000000E+00,-3.48804327E-34,-3.19355066E-35,9.03745120E+07,6.95205229E+06,9.03885745E-03,6.95313433E-04,-9.03478861E+07,-6.94989362E+06,-7.67428070E-04,-1.32636555E-05,-0.00000000E+00,-0.00000000E+00,1.94758480E-38,1.62530374E-39,-0.00000000E+00,-0.00000000E+00,1.94758480E-38,1.62530374E-39,-2.96035352E+04,-2.39962196E+03,-1.26080075E-02,-2.48734128E-03,2.96035893E+03,2.39962637E+02,2.88000000E+03,2.40000000E+02,7.76993095E+06,1.63109170E+09
1.40000000E+01,1.00000000E+00,2.32000000E-01,1.39977947E+08,2.58754330E+02,1.91905223E+03,-0.00000000E+00,-0.00000000E+00,-3.80740132E-34,-3.19359493E-35,9.73265804E+07,6.95206846E+06,9.73417251E-03,6.95315056E-04,-9.72977959E+07,-6.94990978E+06,-7.85521161E-04,-2.13378844E-05,-0.00000000E+00,-0.00000000E+00,2.11011542E-38,1.62530734E-39,-0.00000000E+00,-0.00000000E+00,2.11011542E-38,1.62530734E-39,-3.20031571E+04,-2.39962195E+03,-1.51037914E-02,-2.49958625E-03,3.20032156E+03,2.39962635E+02,3.12000000E+03,2.40000000E+02,7.76993090E+06,1.63109170E+09
1.50000000E+01,1.00000000E+00,2.32072785E-01,1.39977946E+08,2.58755843E+02,2.08001878E+03,-0.00000000E+00,-0.00000000E+00,-4.12676211E-34,-3.19361360E-35,1.04278665E+08,6.95208442E+06,1.04294892E-02,6.95316656E-04,-1.04247722E+08,-6.94992572E+06,-8.12211741E-04,-2.97519170E-05,-0.00000000E+00,-0.00000000E+00,2.27264624E-38,1.62530859E-39,-0.00000000E+00,-0.00000000E+00,2.27264624E-38,1.62530859E-39,-3.44027790E+04,-2.39962193E+03,-1.76063106E-02,-2.50369091E-03,3.44028420E+03,2.39962634E+02,3.36000000E+03,2.40000000E+02,7.76993085E+06,1.63109170E+09
1.60000000E+01,1.00000000E+00,1.46788726E-01,1.39977945E+08,2.58756495E+02,2.24098590E+03,-0.00000000E+00,-0.00000000E+00,-4.44612404E-34,-3.19362165E-35,1.11230765E+08,6.95210023E+06,1.11248074E-02,6.95318242E-04,-1.11197663E+08,-6.94994152E+06,-8.46899731E-04,-3.72996037E-05,-0.00000000E+00,-0.00000000E+00,2.43517713E-38,1.62530896E-39,-0.00000000E+00,-0.00000000E+00,2.43517713E-38,1.62530896E-39,-3.68024009E+04,-2.39962192E+03,-2.01109749E-02,-2.50503564E-03,3.68024683E+03,2.39962632E+02,3.60000000E+03,2.40000000E+02,7.76993079E+06,1.63109170E+09
1.70000000E+01,1.00000000E+00,3.17432624E-01,1.39977944E+08,2.58756773E+02,2.40195327E+03,-0.00000000E+00,-0.00000000E+00,-4.76548645E-34,-3.19362508E-35,1.18182881E+08,6.95211593E+06,1.18201272E-02,6.95319817E-04,-1.18147620E+08,-6.94995722E+06,-8.88274943E-04,-4.32076950E-05,-0.00000000E+00,-0.00000000E+00,2.59770803E-38,1.62530898E-39,-0.00000000E+00,-0.00000000E+00,2.59770803E-38,1.62530898E-39,-3.92020228E+04,-2.39962190E+03,-2.26163315E-02,-2.50546562E-03,3.92020946E+03,2.39962631E+02,3.84000000E+03,2.40000000E+02,7.76993074E+06,1.63109170E+09
1.80000000E+01,1.00000000E+00,3.17434105E-01,1.39977943E+08,2.58756893E+02,2.56292074E+03,-0.00000000E+00,-0.00000000E+00,-5.08484907E-34,-3.19362657E-35,1.25135013E+08,6.95213157E+06,1.25154486E-02,6.95321386E-04,-1.25097593E+08,-6.94997285E+06,-9.34368402E-04,-4.73386217E-05,-0.00000000E+00,-0.00000000E+00,2.76023892E-38,1.62530887E-39,-0.00000000E+00,-0.00000000E+00,2.76023892E-38,1.62530887E-39,-4.16016447E+04,-2.39962188E+03,-2.51219092E-02,-2.50561700E-03,4.16017209E+03,2.39962629E+02,4.08000000E+03,2.40000000E+02,7.76993069E+06,1.63109170E+09
1.90000000E+01,1.00000000E+00,3.17435577E-01,1.39977942E+08,2.58756945E+02,2.72388825E+03,-0.00000000E+00,-0.00000000E+00,-5.40421177E-34,-3.19362721E-35,1.32087160E+08,6.95214716E+06,1.32107716E-02,6.95322950E-04,-1.32047582E+08,-6.94998844E+06,-9.83585327E-04,-5.00053435E-05,-0.00000000E+00,-0.00000000E+00,2.92276979E-38,1.62530872E-39,-0.00000000E+00,-0.00000000E+00,2.92276979E-38,1.62530872E-39,-4.40012666E+04,-2.39962187E+03,-2.76275735E-02,-2.50568229E-03,4.40013472E+03,2.39962628E+02,4.32000000E+03,2.40000000E+02,7.76993064E+06,1.63109170E+09
2.00000000E+01,1.00000000E+00,3.17437041E-01,1.39977941E+08,2.58756967E+02,2.88485578E+03,-0.00000000E+00,-0.00000000E+00,-5.72357452E-34,-3.19362748E-35,1.39039322E+08,6.95216272E+06,1.39060961E-02,6.95324511E-04,-1.38997586E+08,-6.95000400E+06,-1.03472031E-03,-5.15976004E-05,-0.00000000E+00,-0.00000000E+00,3.08530065E-38,1.62530854E-39,-0.00000000E+00,-0.00000000E+00,3.08530065E-38,1.62530854E-39,-4.64008885E+04,-2.39962185E+03,-3.01332836E-02,-2.50572179E-03,4.64009735E+03,2.39962626E+02,4.56000000E+03,2.40000000E+02,7.76993059E+06,1.63109170E+09
2.10000000E+01,1.00000000E+00,3.17438500E-01,1.39977940E+08,2.58756976E+02,3.04582332E+03,-0.00000000E+00,-0.00000000E+00,-6.04293727E-34,-3.19362759E-35,1.45991501E+08,6.95217826E+06,1.46014221E-02,6.95326069E-04,-1.45947605E+08,-6.95001953E+06,-1.08695144E-03,-5.24848793E-05,-0.00000000E+00,-0.00000000E+00,3.24783149E-38,1.62530836E-39,-0.00000000E+00,-0.00000000E+00,3.24783149E-38,1.62530836E-39,-4.88005103E+04,-2.39962184E+03,-3.26390275E-02,-2.50575380E-03,4.88005997E+03,2.39962625E+02,4.80000000E+03,2.40000000E+02,7.76993053E+06,1.63109170E+09
2.20000000E+01,1.00000000E+00,3.17439953E-01,1.39977939E+08,2.58756980E+02,3.20679086E+03,-0.00000000E+00,-0.00000000E+00,-6.36230003E-34,-3.19362764E-35,1.52943695E+08,6.95219378E+06,1.52967498E-02,6.95327626E-04,-1.52897640E+08,-6.95003505E+06,-1.13977023E-03,-5.29498698E-05,-0.00000000E+00,-0.00000000E+00,3.41036232E-38,1.62530818E-39,-0.00000000E+00,-0.00000000E+00,3.41036232E-38,1.62530818E-39,-5.12001321E+04,-2.39962182E+03,-3.51448018E-02,-2.50578366E-03,5.12002259E+03,2.39962623E+02,5.04000000E+03,2.40000000E+02,7.76993048E+06,1.63109170E+09
2.30000000E+01,1.00000000E+00,3.17441402E-01,1.39977938E+08,2.58756981E+02,3.36775840E+03,-0.00000000E+00,-0.00000000E+00,-6.68166280E-34,-3.19362766E-35,1.59895904E+08,6.95220928E+06,1.59920789E-02,6.95329181E-04,-1.59847691E+08,-6.95005055E+06,-1.19288666E-03,-5.31806522E-05,-0.00000000E+00,-0.00000000E+00,3.57289312E-38,1.62530800E-39,-0.00000000E+00,-0.00000000E+00,3.57289312E-38,1.62530800E-39,-5.35997539E+04,-2.39962181E+03,-3.76506054E-02,-2.50581288E-03,5.35998522E+03,2.39962622E+02,5.28000000E+03,2.40000000E+02,7.76993043E+06,1.63109170E+09
2.40000000E+01,1.00000000E+00,3.17442846E-01,1.39977938E+08,2.58756982E+02,3.52872594E+03,-0.00000000E+00,-0.00000000E+00,-7.00102557E-34,-3.19362766E-35,1.66848129E+08,6.95222476E+06,1.66874097E-02,6.95330734E-04,-1.66797757E+08,-6.95006603E+06,-1.24614654E-03,-5.32899268E-05,-0.00000000E+00,-0.00000000E+00,3.73542391E-38,1.62530782E-39,-0.00000000E+00,-0.00000000E+00,3.73542391E-38,1.62530782E-39,-5.59993757E+04,-2.39962179E+03,-4.01564381E-02,-2.50584186E-03,5.59994784E+03,2.39962621E+02,5.52000000E+03,2.40000000E+02,7.76993038E+06,1.63109170E+09
2.50000000E+01,1.00000000E+00,3.17444286E-01,1.39977937E+08,2.58756982E+02,3.68969349E+03,-0.00000000E+00,-0.00000000E+00,-7.32038833E-34,-3.19362767E-35,1.73800369E+08,6.95224024E+06,1.73827420E-02,6.95332286E-04,-1.73747838E+08,-6.95008151E+06,-1.29947273E-03,-5.33397672E-05,-0.00000000E+00,-0.00000000E+00,3.89795468E-38,1.62530764E-39,-0.00000000E+00,-0.00000000E+00,3.89795468E-38,1.62530764E-39,-5.83989975E+04,-2.39962178E+03,-4.26622997E-02,-2.50587072E-03,5.83991046E+03,2.39962619E+02,5.76000000E+03,2.40000000E+02,7.76993033E+06,1.63109170E+09
2.60000000E+01,1.00000000E+00,3.17445722E-01,1.39977936E+08,2.58756982E+02,3.85066103E+03,-0.00000000E+00,-0.00000000E+00,-7.63975110E-34,-3.19362767E-35,1.80752624E+08,6.95225570E+06,1.80780758E-02,6.95333837E-04,-1.80697935E+08,-6.95009696E+06,-1.35282873E-03,-5.33620254E-05,-0.00000000E+00,-0.00000000E+00,4.06048543E-38,1.62530747E-39,-0.00000000E+00,-0.00000000E+00,4.06048543E-38,1.62530747E-39,-6.07986193E+04,-2.39962176E+03,-4.51681901E-02,-2.50589949E-03,6.07987307E+03,2.39962618E+02,6.00000000E+03,2.40000000E+02,7.76993028E+06,1.63109170E+09
2.70000000E+01,1.00000000E+00,3.17447154E-01,1.39977935E+08,2.58756982E+02,4.01162857E+03,-0.00000000E+00,-0.00000000E+00,-7.95911387E-34,-3.19362767E-35,1.87704896E+08,6.95227114E+06,1.87734112E-02,6.95335387E-04,-1.87648048E+08,-6.95011241E+06,-1.40619808E-03,-5.33720759E-05,-0.00000000E+00,-0.00000000E+00,4.22301616E-38,1.62530729E-39,-0.00000000E+00,-0.00000000E+00,4.22301616E-38,1.62530729E-39,-6.31982410E+04,-2.39962175E+03,-4.76741092E-02,-2.50592817E-03,6.31983569E+03,2.39962616E+02,6.24000000E+03,2.40000000E+02,7.76993023E+06,1.63109170E+09
2.80000000E+01,1.00000000E+00,3.17448583E-01,1.39977934E+08,2.58756982E+02,4.17259612E+03,-0.00000000E+00,-0.00000000E+00,-8.27847663E-34,-3.19362767E-35,1.94657182E+08,6.95228658E+06,1.94687481E-02,6.95336935E-04,-1.94598175E+08,-6.95012785E+06,-1.45957370E-03,-5.33769504E-05,-0.00000000E+00,-0.00000000E+00,4.38554688E-38,1.62530711E-39,-0.00000000E+00,-0.00000000E+00,4.38554688E-38,1.62530711E-39,-6.55978627E+04,-2.39962173E+03,-5.01800569E-02,-2.50595676E-03,6.55979830E+03,2.39962615E+02,6.48000000E+03,2.40000000E+02,7.76993017E+06,1.63109170E+09
2.90000000E+01,1.00000000E+00,3.17450007E-01,1.39977933E+08,2.58756982E+02,4.33356366E+03,-0.00000000E+00,-0.00000000E+00,-8.59783940E-34,-3.19362767E-35,2.01609484E+08,6.95230200E+06,2.01640866E-02,6.95338482E-04,-2.01548319E+08,-6.95014327E+06,-1.51295264E-03,-5.33797139E-05,-0.00000000E+00,-0.00000000E+00,4.54807758E-38,1.62530694E-39,-0.00000000E+00,-0.00000000E+00,4.54807758E-38,1.62530694E-39,-6.79974845E+04,-2.39962172E+03,-5.26860332E-02,-2.50598528E-03,6.79976092E+03,2.39962613E+02,6.72000000E+03,2.40000000E+02,7.76993012E+06,1.63109170E+09
3.00000000E+01,1.00000000E+00,3.17451428E-01,1.39977932E+08,2.58756982E+02,4.49453120E+03,-0.00000000E+00,-0.00000000E+00,-8.91720217E-34,-3.19362767E-35,2.08561802E+08,6.95231741E+06,2.08594266E-02,6.95340028E-04,-2.08498477E+08,-6.95015868E+06,-1.56633373E-03,-5.33816460E-05,-0.00000000E+00,-0.00000000E+00,4.71060826E-38,1.62530677E-39,-0.00000000E+00,-0.00000000E+00,4.71060826E-38,1.62530677E-39,-7.03971062E+04,-2.39962170E+03,-5.51920379E-02,-2.50601372E-03,7.03972353E+03,2.39962612E+02,6.96000000E+03,2.40000000E+02,7.76993007E+06,1.63109170E+09
3.10000000E+01,1.00000000E+00,3.17452846E-01,1.39977931E+08,2.58756982E+02,4.65549875E+03,-0.00000000E+00,-0.00000000E+00,-9.23656493E-34,-3.19362767E-35,2.15514134E+08,6.95233281E+06,2.15547682E-02,6.95341573E-04,-2.15448652E+08,-6.95017407E+06,-1.61971652E-03,-5.33832598E-05,-0.00000000E+00,-0.00000000E+00,4.87313892E-38,1.62530659E-39,-0.00000000E+00,-0.00000000E+00,4.87313892E-38,1.62530659E-39,-7.27967278E+04,-2.39962169E+03,-5.76980710E-02,-2.50604208E-03,7.27968614E+03,2.39962610E+02,7.20000000E+03,2.40000000E+02,7.76993002E+06,1.63109170E+09
3.20000000E+01,1.00000000E+00,3.17454260E-01,1.39977930E+08,2.58756982E+02,4.81646629E+03,-0.00000000E+00,-0.00000000E+00,-9.55592770E-34,-3.19362766E-35,2.22466483E+08,6.95234820E+06,2.22501113E-02,6.95343116E-04,-2.22398841E+08,-6.95018946E+06,-1.67310083E-03,-5.33847540E-05,-0.00000000E+00,-0.00000000E+00,5.03566957E-38,1.62530642E-39,-0.00000000E+00,-0.00000000E+00,5.03566957E-38,1.62530642E-39,-7.51963495E+04,-2.39962167E+03,-6.02041325E-02,-2.50607037E-03,7.51964875E+03,2.39962609E+02,7.44000000E+03,2.40000000E+02,7.76992997E+06,1.63109170E+09
3.30000000E+01,1.00000000E+00,3.17455670E-01,1.39977929E+08,2.58756982E+02,4.97743384E+03,-0.00000000E+00,-0.00000000E+00,-9.87529046E-34,-3.19362766E-35,2.29418846E+08,6.95236357E+06,2.29454560E-02,6.95344658E-04,-2.29349046E+08,-6.95020483E+06,-1.72648661E-03,-5.33862031E-05,-0.00000000E+00,-0.00000000E+00,5.19820020E-38,1.62530625E-39,-0.00000000E+00,-0.00000000E+00,5.19820020E-38,1.62530625E-39,-7.75959712E+04,-2.39962166E+03,-6.27102221E-02,-2.50609859E-03,7.75961136E+03,2.39962608E+02,7.68000000E+03,2.40000000E+02,7.76992992E+06,1.63109170E+09
3.40000000E+01,1.00000000E+00,3.17457077E-01,1.39977928E+08,2.58756982E+02,5.13840138E+03,-0.00000000E+00,-0.00000000E+00,-1.01946532E-33,-3.19362766E-35,2.36371225E+08,6.95237893E+06,2.36408022E-02,6.95346199E-04,-2.36299266E+08,-6.95022019E+06,-1.77987382E-03,-5.33876341E-05,-0.00000000E+00,-0.00000000E+00,5.36073081E-38,1.62530608E-39,-0.00000000E+00,-0.00000000E+00,5.36073081E-38,1.62530608E-39,-7.99955928E+04,-2.39962164E+03,-6.52163400E-02,-2.50612675E-03,7.99957396E+03,2.39962606E+02,7.92000000E+03,2.40000000E+02,7.76992987E+06,1.63109170E+09
3.50000000E+01,1.00000000E+00,3.17458481E-01,1.39977927E+08,2.58756982E+02,5.29936892E+03,-0.00000000E+00,-0.00000000E+00,-1.05140160E-33,-3.19362766E-35,2.43323619E+08,6.95239428E+06,2.43361499E-02,6.95347739E-04,-2.43249502E+08,-6.95023554E+06,-1.83326245E-03,-5.33890566E-05,-0.00000000E+00,-0.00000000E+00,5.52326141E-38,1.62530591E-39,-0.00000000E+00,-0.00000000E+00,5.52326141E-38,1.62530591E-39,-8.23952145E+04,-2.39962163E+03,-6.77224859E-02,-2.50615483E-03,8.23953657E+03,2.39962605E+02,8.16000000E+03,2.40000000E+02,7.76992982E+06,1.63109170E+09
3.60000000E+01,1.00000000E+00,3.17459882E-01,1.39977926E+08,2.58756982E+02,5.46033647E+03,-0.00000000E+00,-0.00000000E+00,-1.08333788E-33,-3.19362766E-35,2.50276029E+08,6.95240962E+06,2.50314992E-02,6.95349277E-04,-2.50199752E+08,-6.95025088E+06,-1.88665250E-03,-5.33904738E-05,-0.00000000E+00,-0.00000000E+00,5.68579199E-38,1.62530575E-39,-0.00000000E+00,-0.00000000E+00,5.68579199E-38,1.62530575E-39,-8.47948361E+04,-2.39962161E+03,-7.02286599E-02,-2.50618285E-03,8.47949917E+03,2.39962603E+02,8.40000000E+03,2.40000000E+02,7.76992976E+06,1.63109170E+09
3.70000000E+01,1.00000000E+00,3.17461280E-01,1.39977926E+08,2.58756982E+02,5.62130401E+03,-0.00000000E+00,-0.00000000E+00,-1.11527415E-33,-3.19362766E-35,2.57228454E+08,6.95242494E+06,2.57268500E-02,6.95350815E-04,-2.57150019E+08,-6.95026620E+06,-1.94004397E-03,-5.33918871E-05,-0.00000000E+00,-0.00000000E+00,5.84832255E-38,1.62530558E-39,-0.00000000E+00,-0.00000000E+00,5.84832255E-38,1.62530558E-39,-8.71944577E+04,-2.39962160E+03,-7.27348619E-02,-2.50621080E-03,8.71946177E+03,2.39962602E+02,8.64000000E+03,2.40000000E+02,7.76992971E+06,1.63109170E+09
3.80000000E+01,1.00000000E+00,3.17462674E-01,1.39977925E+08,2.58756982E+02,5.78227155E+03,-0.00000000E+00,-0.00000000E+00,-1.14721043E-33,-3.19362766E-35,2.64180894E+08,6.95244026E+06,2.64222024E-02,6.95352351E-04,-2.64100300E+08,-6.95028151E+06,-1.99343685E-03,-5.33932968E-05,-0.00000000E+00,-0.00000000E+00,6.01085310E-38,1.62530541E-39,-0.00000000E+00,-0.00000000E+00,6.01085310E-38,1.62530541E-39,-8.95940793E+04,-2.39962159E+03,-7.52410918E-02,-2.50623869E-03,8.95942437E+03,2.39962600E+02,8.88000000E+03,2.40000000E+02,7.76992966E+06,1.63109170E+09
3.90000000E+01,1.00000000E+00,3.17464065E-01,1.39977924E+08,2.58756982E+02,5.94323910E+03,-0.00000000E+00,-0.00000000E+00,-1.17914671E-33,-3.19362766E-35,2.71133350E+08,6.95245556E+06,2.71175562E-02,6.95353886E-04,-2.71050597E+08,-6.95029682E+06,-2.04683114E-03,-5.33947031E-05,-0.00000000E+00,-0.00000000E+00,6.17338363E-38,1.62530525E-39,-0.00000000E+00,-0.00000000E+00,6.17338363E-38,1.62530525E-39,-9.19937008E+04,-2.39962157E+03,-7.77473495E-02,-2.50626651E-03,9.19938697E+03,2.39962599E+02,9.12000000E+03,2.40000000E+02,7.76992961E+06,1.63109170E+09
4.00000000E+01,1.00000000E+00,3.17465454E-01,1.39977923E+08,2.58756982E+02,6.10420664E+03,-0.00000000E+00,-0.00000000E+00,-1.21108298E-33,-3.19362766E-35,2.78085821E+08,6.95247085E+06,2.78129117E-02,6.95355420E-04,-2.78000909E+08,-6.95031210E+06,-2.10022683E-03,-5.33961061E-05,-0.00000000E+00,-0.00000000E+00,6.33591414E-38,1.62530509E-39,-0.00000000E+00,-0.00000000E+00,6.33591414E-38,1.62530509E-39,-9.43933224E+04,-2.39962156E+03,-8.02536350E-02,-2.50629427E-03,9.43934957E+03,2.39962598E+02,9.36000000E+03,2.40000000E+02,7.76992956E+06,1.63109170E+09
4.10000000E+01,1.00000000E+00,3.17466839E-01,1.39977922E+08,2.58756982E+02,6.26517418E+03,-0.00000000E+00,-0.00000000E+00,-1.24301926E-33,-3.19362766E-35,2.85038307E+08,6.95248613E+06,2.85082686E-02,6.95356952E-04,-2.84951236E+08,-6.95032738E+06,-2.15362392E-03,-5.33975059E-05,-0.00000000E+00,-0.00000000E+00,6.49844464E-38,1.62530492E-39,-0.00000000E+00,-0.00000000E+00,6.49844464E-38,1.62530492E-39,-9.67929439E+04,-2.39962154E+03,-8.27599482E-02,-2.50632198E-03,9.67931217E+03,2.39962596E+02,9.60000000E+03,2.40000000E+02,7.76992951E+06,1.63109170E+09
4.20000000E+01,1.00000000E+00,3.17468222E-01,1.39977921E+08,2.58756982E+02,6.42614173E+03,-0.00000000E+00,-0.00000000E+00,-1.27495554E-33,-3.19362766E-35,2.91990808E+08,6.95250139E+06,2.92036271E-02,6.95358483E-04,-2.91901579E+08,-6.95034265E+06,-2.20702241E-03,-5.33989026E-05,-0.00000000E+00,-0.00000000E+00,6.66097512E-38,1.62530476E-39,-0.00000000E+00,-0.00000000E+00,6.66097512E-38,1.62530476E-39,-9.91925654E+04,-2.39962153E+03,-8.52662891E-02,-2.50634962E-03,9.91927476E+03,2.39962595E+02,9.84000000E+03,2.40000000E+02,7.76992946E+06,1.63109170E+09
4.30000000E+01,1.00000000E+00,3.17469601E-01,1.39977920E+08,2.58756982E+02,6.58710927E+03,-0.00000000E+00,-0.00000000E+00,-1.30689181E-33,-3.19362766E-35,2.98943325E+08,6.95251665E+06,2.98989871E-02,6.95360014E-04,-2.98851937E+08,-6.95035790E+06,-2.26042229E-03,-5.34002962E-05,-0.00000000E+00,-0.00000000E+00,6.82350558E-38,1.62530460E-39,-0.00000000E+00,-0.00000000E+00,6.82350558E-38,1.62530460E-39,-1.01592187E+05,-2.39962151E+03,-8.77726575E-02,-2.50637720E-03,1.01592374E+04,2.39962593E+02,1.00800000E+04,2.40000000E+02,7.76992941E+06,1.63109170E+09
4.40000000E+01,1.00000000E+00,3.17470978E-01,1.39977919E+08,2.58756982E+02,6.74807681E+03,-0.00000000E+00,-0.00000000E+00,-1.33882809E-33,-3.19362766E-35,3.05895857E+08,6.95253189E+06,3.05943487E-02,6.95361543E-04,-3.05802310E+08,-6.95037314E+06,-2.31382356E-03,-5.34016867E-05,-0.00000000E+00,-0.00000000E+00,6.98603603E-38,1.62530444E-39,-0.00000000E+00,-0.00000000E+00,6.98603603E-38,1.62530444E-39,-1.03991808E+05,-2.39962150E+03,-9.02790536E-02,-2.50640473E-03,1.03991999E+04,2.39962592E+02,1.03200000E+04,2.40000000E+02,7.76992936E+06,1.63109170E+09
4.50000000E+01,1.00000000E+00,3.17472352E-01,1.39977918E+08,2.58756982E+02,6.90904435E+03,-0.00000000E+00,-0.00000000E+00,-1.37076437E-33,-3.19362766E-35,3.12848404E+08,6.95254712E+06,3.12897117E-02,6.95363071E-04,-3.12752698E+08,-6.95038837E+06,-2.36722623E-03,-5.34030742E-05,-0.00000000E+00,-0.00000000E+00,7.14856646E-38,1.62530428E-39,-0.00000000E+00,-0.00000000E+00,7.14856646E-38,1.62530428E-39,-1.06391430E+05,-2.39962148E+03,-9.27854771E-02,-2.50643219E-03,1.06391625E+04,2.39962591E+02,1.05600000E+04,2.40000000E+02,7.76992931E+06,1.63109170E+09
4.60000000E+01,1.00000000E+00,3.17473723E-01,1.39977917E+08,2.58756982E+02,7.07001190E+03,-0.00000000E+00,-0.00000000E+00,-1.40270064E-33,-3.19362766E-35,3.19800966E+08,6.95256234E+06,3.19850763E-02,6.95364597E-04,-3.19703102E+08,-6.95040359E+06,-2.42063027E-03,-5.34044589E-05,-0.00000000E+00,-0.00000000E+00,7.31109688E-38,1.62530413E-39,-0.00000000E+00,-0.00000000E+00,7.31109688E-38,1.62530413E-39,-1.08791051E+05,-2.39962147E+03,-9.52919280E-02,-2.50645960E-03,1.08791251E+04,2.39962589E+02,1.08000000E+04,2.40000000E+02,7.76992926E+06,1.63109170E+09
4.70000000E+01,1.00000000E+00,3.17475092E-01,1.39977916E+08,2.58756982E+02,7.23097944E+03,-0.00000000E+00,-0.00000000E+00,-1.43463692E-33,-3.19362766E-35,3.26753544E+08,6.95257755E+06,3.26804424E-02,6.95366123E-04,-3.26653521E+08,-6.95041880E+06,-2.47403570E-03,-5.34058406E-05,-0.00000000E+00,-0.00000000E+00,7.47362728E-38,1.62530397E-39,-0.00000000E+00,-0.00000000E+00,7.47362728E-38,1.62530397E-39,-1.11190673E+05,-2.39962146E+03,-9.77984063E-02,-2.50648696E-03,1.11190877E+04,2.39962588E+02,1.10400000E+04,2.40000000E+02,7.76992921E+06,1.63109170E+09
4.80000000E+01,1.00000000E+00,3.17476457E-01,1.39977916E+08,2.58756982E+02,7.39194698E+03,-0.00000000E+00,-0.00000000E+00,-1.46657320E-33,-3.19362766E-35,3.33706136E+08,6.95259274E+06,3.33758101E-02,6.95367647E-04,-3.33603955E+08,-6.95043399E+06,-2.52744252E-03,-5.34072194E-05,-0.00000000E+00,-0.00000000E+00,7.63615767E-38,1.62530381E-39,-0.00000000E+00,-0.00000000E+00,7.63615767E-38,1.62530381E-39,-1.13590294E+05,-2.39962144E+03,-1.00304912E-01,-2.50651426E-03,1.13590503E+04,2.39962586E+02,1.12800000E+04,2.40000000E+02,7.76992916E+06,1.63109170E+09
4.90000000E+01,1.00000000E+00,3.17477820E-01,1.39977915E+08,2.58756982E+02,7.55291453E+03,-0.00000000E+00,-0.00000000E+00,-1.49850947E-33,-3.19362766E-35,3.40658744E+08,6.95260793E+06,3.40711793E-02,6.95369171E-04,-3.40554404E+08,-6.95044918E+06,-2.58085070E-03,-5.34085955E-05,-0.00000000E+00,-0.00000000E+00,7.79868804E-38,1.62530366E-39,-0.00000000E+00,-0.00000000E+00,7.79868804E-38,1.62530366E-39,-1.15989916E+05,-2.39962143E+03,-1.02811445E-01,-2.50654151E-03,1.15990129E+04,2.39962585E+02,1.15200000E+04,2.40000000E+02,7.76992910E+06,1.63109170E+09
5.00000000E+01,1.00000000E+00,3.17479181E-01,1.39977914E+08,2.58756982E+02,7.71388207E+03,-0.00000000E+00,-0.00000000E+00,-1.53044575E-33,-3.19362766E-35,3.47611367E+08,6.95262310E+06,3.47665500E-02,6.95370693E-04,-3.47504868E+08,-6.95046435E+06,-2.63426026E-03,-5.34099687E-05,-0.00000000E+00,-0.00000000E+00,7.96121839E-38,1.62530350E-39,-0.00000000E+00,-0.00000000E+00,7.96121839E-38,1.62530350E-39,-1.18389537E+05,-2.39962141E+03,-1.05318005E-01,-2.50656870E-03,1.18389755E+04,2.39962584E+02,1.17600000E+04,2.40000000E+02,7.76992905E+06,1.63109170E+09
