Time [d],dt_flow [d],dt_tran [d],Global Water Mass in Liquid Phas [kg],Global Vaq [mol],Global Vim [mol],Top Water Mass [kg],Top Water Mass [kg/d],Top Vaq [mol],Top Vaq [mol/d],Right Water Mass [kg],Right Water Mass [kg/d],Right Vaq [mol],Right Vaq [mol/d],Left Water Mass [kg],Left Water Mass [kg/d],Left Vaq [mol],Left Vaq [mol/d],North Water Mass [kg],North Water Mass [kg/d],North Vaq [mol],North Vaq [mol/d],South Water Mass [kg],South Water Mass [kg/d],South Vaq [mol],South Vaq [mol/d],ExtractWell Water Mass [kg],ExtractWell Water Mass [kg/d],ExtractWell Vaq [mol],ExtractWell Vaq [mol/d],InjectWell Water Mass [kg],InjectWell Water Mass [kg/d],InjectWell Vaq [mol],InjectWell Vaq [mol/d],Region Region__all Water Mass [kg],Region Region__all Total Mass [kg]
1.00000000E+00,4.89000000E-01,9.00000000E-03,1.39977720E+08,5.66804856E-03,5.63800752E-03,-0.00000000E+00,-0.00000000E+00,6.17284212E-40,1.02840086E-39,4.05634454E+05,4.05753451E+05,4.05698974E-05,4.05817990E-05,-4.05163093E+05,-4.05038178E+05,-2.60363372E-05,-1.63708369E-05,-0.00000000E+00,-0.00000000E+00,6.13450621E-40,1.02201468E-39,-0.00000000E+00,-0.00000000E+00,6.13450621E-40,1.02201468E-39,-8.08068981E+02,-1.22620483E+03,-4.49637830E-08,-4.95798393E-08,3.36695410E+02,5.10918680E+02,3.36749000E-08,5.11000000E-08,7.76991831E+06,1.63109144E+09
2.00000000E+00,4.88000000E-01,8.00000000E-03,1.39977720E+08,6.43644534E+02,2.38071937E+02,-0.00000000E+00,-0.00000000E+00,-4.72330318E-35,-7.94423973E-35,8.11721838E+05,4.06087393E+05,8.11850950E-05,4.06151985E-05,-8.09850713E+05,-4.04687622E+05,-3.65819060E-05,-6.57561085E-06,-0.00000000E+00,-0.00000000E+00,1.88111910E-39,1.43533530E-39,-0.00000000E+00,-0.00000000E+00,1.88111910E-39,1.43533530E-39,-3.20768704E+03,-2.39961806E+03,-1.41092550E+00,-3.29551617E+00,1.33653627E+03,9.99840861E+02,1.00000000E+03,1.00000000E+03,7.76991830E+06,1.63109209E+09
3.00000000E+00,1.00000000E+00,8.00000000E-03,1.39977720E+08,8.98942169E+02,7.33987811E+02,-0.00000000E+00,-0.00000000E+00,-1.45627310E-34,-1.10953420E-34,1.21780924E+06,4.06087399E+05,1.21800294E-04,4.06151991E-05,-1.21453834E+06,-4.04687628E+05,-4.08056733E-05,-2.65804991E-06,-0.00000000E+00,-0.00000000E+00,3.41559350E-39,1.60041423E-39,-0.00000000E+00,-0.00000000E+00,3.41559350E-39,1.60041423E-39,-5.60730509E+03,-2.39961806E+03,-6.71653490E+00,-6.86673325E+00,2.33637713E+03,9.99840861E+02,2.00000000E+03,1.00000000E+03,7.76991830E+06,1.63109234E+09
4.00000000E+00,1.00000000E+00,4.00000000E-02,1.39977720E+08,1.00045519E+03,1.33122281E+03,-0.00000000E+00,-0.00000000E+00,-2.64124589E-34,-1.23483027E-34,1.62389664E+06,4.06087405E+05,1.62415494E-04,4.06151997E-05,-1.61922597E+06,-4.04687634E+05,-4.25127948E-05,-1.07468793E-06,-0.00000000E+00,-0.00000000E+00,5.05598129E-39,1.66694832E-39,-0.00000000E+00,-0.00000000E+00,5.05598129E-39,1.66694832E-39,-8.00692315E+03,-2.39961806E+03,-1.47427513E+01,-8.84850840E+00,3.33621799E+03,9.99840861E+02,3.00000000E+03,1.00000000E+03,7.76991830E+06,1.63109244E+09
5.00000000E+00,1.00000000E+00,4.00000000E-02,1.39977720E+08,1.04066958E+03,1.96865397E+03,-0.00000000E+00,-0.00000000E+00,-3.90597298E-34,-1.28446632E-34,2.02998405E+06,4.06087411E+05,2.03030694E-04,4.06152003E-05,-2.02391361E+06,-4.04687640E+05,-4.32030087E-05,-4.34511838E-07,-0.00000000E+00,-0.00000000E+00,6.73904638E-39,1.69377388E-39,-0.00000000E+00,-0.00000000E+00,6.73904638E-39,1.69377388E-39,-1.04065412E+04,-2.39961806E+03,-2.41362447E+01,-9.76555411E+00,4.33605885E+03,9.99840861E+02,4.00000000E+03,1.00000000E+03,7.76991830E+06,1.63109248E+09
6.00000000E+00,1.00000000E+00,7.20000000E-02,1.39977720E+08,1.05655311E+03,2.62199788E+03,-0.00000000E+00,-0.00000000E+00,-5.20227298E-34,-1.30407113E-34,2.43607147E+06,4.06087417E+05,2.43645895E-04,4.06152009E-05,-2.42860126E+06,-4.04687646E+05,-4.34818766E-05,-1.75860740E-07,-0.00000000E+00,-0.00000000E+00,8.43932641E-39,1.70458188E-39,-0.00000000E+00,-0.00000000E+00,8.43932641E-39,1.70458188E-39,-1.28061593E+04,-2.39961806E+03,-3.41351408E+01,-1.01541136E+01,5.33589971E+03,9.99840861E+02,5.00000000E+03,1.00000000E+03,7.76991830E+06,1.63109250E+09
7.00000000E+00,1.00000000E+00,4.00000000E-02,1.39977720E+08,1.06274973E+03,3.28166986E+03,-0.00000000E+00,-0.00000000E+00,-6.51112868E-34,-1.31171953E-34,2.84215889E+06,4.06087423E+05,2.84261096E-04,4.06152015E-05,-2.83328891E+06,-4.04687652E+05,-4.35932831E-05,-7.25306795E-08,-0.00000000E+00,-0.00000000E+00,1.01465949E-38,1.70888745E-39,-0.00000000E+00,-0.00000000E+00,1.01465949E-38,1.70888745E-39,-1.52057773E+04,-2.39961806E+03,-4.43859625E+01,-1.03086774E+01,6.33574058E+03,9.99840861E+02,6.00000000E+03,1.00000000E+03,7.76991830E+06,1.63109251E+09
8.00000000E+00,1.00000000E+00,4.00000000E-02,1.39977720E+08,1.06524826E+03,3.94375748E+03,-0.00000000E+00,-0.00000000E+00,-7.82477730E-34,-1.31480343E-34,3.24824632E+06,4.06087429E+05,3.24876298E-04,4.06152021E-05,-3.23797657E+06,-4.04687658E+05,-4.36392308E-05,-2.99140286E-08,-0.00000000E+00,-0.00000000E+00,1.18565874E-38,1.71065842E-39,-0.00000000E+00,-0.00000000E+00,1.18565874E-38,1.71065842E-39,-1.76053954E+04,-2.39961806E+03,-5.47332278E+01,-1.03701564E+01,7.33558144E+03,9.99840861E+02,7.00000000E+03,1.00000000E+03,7.76991830E+06,1.63109251E+09
9.00000000E+00,1.00000000E+00,4.00000000E-02,1.39977720E+08,1.06625629E+03,4.60681933E+03,-0.00000000E+00,-0.00000000E+00,-9.14035894E-34,-1.31604762E-34,3.65433375E+06,4.06087435E+05,3.65491501E-04,4.06152027E-05,-3.64266423E+06,-4.04687664E+05,-4.36581812E-05,-1.23375323E-08,-0.00000000E+00,-0.00000000E+00,1.35677003E-38,1.71138685E-39,-0.00000000E+00,-0.00000000E+00,1.35677003E-38,1.71138685E-39,-2.00050134E+04,-2.39961806E+03,-6.51184348E+01,-1.03940795E+01,8.33542230E+03,9.99840861E+02,8.00000000E+03,1.00000000E+03,7.76991830E+06,1.63109251E+09
1.00000000E+01,1.00000000E+00,4.00000000E-02,1.39977720E+08,1.06665918E+03,5.27027717E+03,-0.00000000E+00,-0.00000000E+00,-1.04567263E-33,-1.31654490E-34,4.06042119E+06,4.06087441E+05,4.06106704E-04,4.06152033E-05,-4.04735190E+06,-4.04687669E+05,-4.36659170E-05,-5.16257356E-09,-0.00000000E+00,-0.00000000E+00,1.52792774E-38,1.71168339E-39,-0.00000000E+00,-0.00000000E+00,1.52792774E-38,1.71168339E-39,-2.24046315E+04,-2.39961806E+03,-7.55183801E+01,-1.04031387E+01,9.33526316E+03,9.99840861E+02,9.00000000E+03,1.00000000E+03,7.76991830E+06,1.63109251E+09
1.10000000E+01,1.00000000E+00,1.04000000E-01,1.39977720E+08,1.06682257E+03,5.93389195E+03,-0.00000000E+00,-0.00000000E+00,-1.17734050E-33,-1.31674658E-34,4.46650864E+06,4.06087446E+05,4.46721908E-04,4.06152039E-05,-4.45203958E+06,-4.04687675E+05,-4.36691152E-05,-2.19611711E-09,-0.00000000E+00,-0.00000000E+00,1.69910418E-38,1.71180567E-39,-0.00000000E+00,-0.00000000E+00,1.69910418E-38,1.71180567E-39,-2.48042495E+04,-2.39961806E+03,-8.59238189E+01,-1.04065779E+01,1.03351040E+04,9.99840861E+02,1.00000000E+04,1.00000000E+03,7.76991830E+06,1.63109251E+09
1.20000000E+01,1.00000000E+00,2.32000000E-01,1.39977720E+08,1.06689042E+03,6.59756945E+03,-0.00000000E+00,-0.00000000E+00,-1.30902081E-33,-1.31683032E-34,4.87259609E+06,4.06087452E+05,4.87337113E-04,4.06152044E-05,-4.85672726E+06,-4.04687681E+05,-4.36704663E-05,-9.43021171E-10,-0.00000000E+00,-0.00000000E+00,1.87028823E-38,1.71185720E-39,-0.00000000E+00,-0.00000000E+00,1.87028823E-38,1.71185720E-39,-2.72038676E+04,-2.39961806E+03,-9.63313006E+01,-1.04079042E+01,1.13349449E+04,9.99840861E+02,1.10000000E+04,1.00000000E+03,7.76991830E+06,1.63109251E+09
1.30000000E+01,1.00000000E+00,2.32000000E-01,1.39977720E+08,1.06691910E+03,7.26127270E+03,-0.00000000E+00,-0.00000000E+00,-1.44070624E-33,-1.31686572E-34,5.27868355E+06,4.06087458E+05,5.27952318E-04,4.06152050E-05,-5.26141495E+06,-4.04687687E+05,-4.36710464E-05,-4.04944099E-10,-0.00000000E+00,-0.00000000E+00,2.04147543E-38,1.71187926E-39,-0.00000000E+00,-0.00000000E+00,2.04147543E-38,1.71187926E-39,-2.96034857E+04,-2.39961806E+03,-1.06739558E+02,-1.04084218E+01,1.23347857E+04,9.99840860E+02,1.20000000E+04,1.00000000E+03,7.76991830E+06,1.63109251E+09
1.40000000E+01,1.00000000E+00,3.60000000E-01,1.39977720E+08,1.06693107E+03,7.92498695E+03,-0.00000000E+00,-0.00000000E+00,-1.57239384E-33,-1.31688050E-34,5.68477102E+06,4.06087464E+05,5.68567523E-04,4.06152056E-05,-5.66610264E+06,-4.04687693E+05,-4.36712920E-05,-1.77194111E-10,-0.00000000E+00,-0.00000000E+00,2.21266401E-38,1.71188858E-39,-0.00000000E+00,-0.00000000E+00,2.21266401E-38,1.71188858E-39,-3.20031037E+04,-2.39961806E+03,-1.17148119E+02,-1.04086196E+01,1.33346266E+04,9.99840860E+02,1.30000000E+04,1.00000000E+03,7.76991830E+06,1.63109251E+09
1.50000000E+01,1.00000000E+00,2.32000000E-01,1.39977720E+08,1.06693612E+03,8.58870576E+03,-0.00000000E+00,-0.00000000E+00,-1.70408236E-33,-1.31688673E-34,6.09085849E+06,4.06087470E+05,6.09182729E-04,4.06152062E-05,-6.07079034E+06,-4.04687699E+05,-4.36713968E-05,-7.98874397E-11,-0.00000000E+00,-0.00000000E+00,2.38385317E-38,1.71189255E-39,-0.00000000E+00,-0.00000000E+00,2.38385317E-38,1.71189255E-39,-3.44027218E+04,-2.39961806E+03,-1.27556796E+02,-1.04086958E+01,1.43344675E+04,9.99840860E+02,1.40000000E+04,1.00000000E+03,7.76991830E+06,1.63109251E+09
1.60000000E+01,1.00000000E+00,2.32000000E-01,1.39977720E+08,1.06693836E+03,9.25242642E+03,-0.00000000E+00,-0.00000000E+00,-1.83577124E-33,-1.31688950E-34,6.49694596E+06,4.06087476E+05,6.49797936E-04,4.06152068E-05,-6.47547804E+06,-4.04687704E+05,-4.36714442E-05,-3.60592852E-11,-0.00000000E+00,-0.00000000E+00,2.55504255E-38,1.71189434E-39,-0.00000000E+00,-0.00000000E+00,2.55504255E-38,1.71189434E-39,-3.68023398E+04,-2.39961806E+03,-1.37965515E+02,-1.04087270E+01,1.53343083E+04,9.99840860E+02,1.50000000E+04,1.00000000E+03,7.76991830E+06,1.63109251E+09
1.70000000E+01,1.00000000E+00,2.32000000E-01,1.39977720E+08,1.06693938E+03,9.91614791E+03,-0.00000000E+00,-0.00000000E+00,-1.96746028E-33,-1.31689075E-34,6.90303344E+06,4.06087481E+05,6.90413144E-04,4.06152074E-05,-6.88016575E+06,-4.04687710E+05,-4.36714655E-05,-1.62313343E-11,-0.00000000E+00,-0.00000000E+00,2.72623205E-38,1.71189514E-39,-0.00000000E+00,-0.00000000E+00,2.72623205E-38,1.71189514E-39,-3.92019579E+04,-2.39961806E+03,-1.48374252E+02,-1.04087398E+01,1.63341492E+04,9.99840860E+02,1.60000000E+04,1.00000000E+03,7.76991830E+06,1.63109251E+09
1.80000000E+01,1.00000000E+00,2.32000000E-01,1.39977720E+08,1.06693982E+03,1.05798698E+04,-0.00000000E+00,-0.00000000E+00,-2.09914940E-33,-1.31689130E-34,7.30912093E+06,4.06087487E+05,7.31028352E-04,4.06152079E-05,-7.28485347E+06,-4.04687716E+05,-4.36714751E-05,-7.31744265E-12,-0.00000000E+00,-0.00000000E+00,2.89742159E-38,1.71189550E-39,-0.00000000E+00,-0.00000000E+00,2.89742159E-38,1.71189550E-39,-4.16015759E+04,-2.39961806E+03,-1.58782996E+02,-1.04087451E+01,1.73339900E+04,9.99840860E+02,1.70000000E+04,1.00000000E+03,7.76991830E+06,1.63109251E+09
1.90000000E+01,1.00000000E+00,4.88000000E-01,1.39977720E+08,1.06694002E+03,1.12435918E+04,-0.00000000E+00,-0.00000000E+00,-2.23083854E-33,-1.31689154E-34,7.71520842E+06,4.06087493E+05,7.71643560E-04,4.06152085E-05,-7.68954119E+06,-4.04687722E+05,-4.36714793E-05,-3.42667580E-12,-0.00000000E+00,-0.00000000E+00,3.06861115E-38,1.71189566E-39,-0.00000000E+00,-0.00000000E+00,3.06861115E-38,1.71189566E-39,-4.40011940E+04,-2.39961805E+03,-1.69191742E+02,-1.04087471E+01,1.83338309E+04,9.99840860E+02,1.80000000E+04,1.00000000E+03,7.76991830E+06,1.63109251E+09
2.00000000E+01,1.00000000E+00,1.00000000E+00,1.39977720E+08,1.06694009E+03,1.19073139E+04,-0.00000000E+00,-0.00000000E+00,-2.36252771E-33,-1.31689163E-34,8.12129592E+06,4.06087499E+05,8.12258769E-04,4.06152091E-05,-8.09422892E+06,-4.04687727E+05,-4.36714811E-05,-1.81510767E-12,-0.00000000E+00,-0.00000000E+00,3.23980072E-38,1.71189573E-39,-0.00000000E+00,-0.00000000E+00,3.23980072E-38,1.71189573E-39,-4.64008120E+04,-2.39961805E+03,-1.79600490E+02,-1.04087480E+01,1.93336718E+04,9.99840860E+02,1.90000000E+04,1.00000000E+03,7.76991830E+06,1.63109251E+09
2.10000000E+01,1.00000000E+00,1.00000000E+00,1.39977720E+08,1.06694015E+03,1.25710360E+04,-0.00000000E+00,-0.00000000E+00,-2.49421688E-33,-1.31689170E-34,8.52738343E+06,4.06087504E+05,8.52873979E-04,4.06152097E-05,-8.49891665E+06,-4.04687733E+05,-4.36714820E-05,-9.08503664E-13,-0.00000000E+00,-0.00000000E+00,3.41099030E-38,1.71189576E-39,-0.00000000E+00,-0.00000000E+00,3.41099030E-38,1.71189576E-39,-4.88004301E+04,-2.39961805E+03,-1.90009239E+02,-1.04087484E+01,2.03335126E+04,9.99840860E+02,2.00000000E+04,1.00000000E+03,7.76991830E+06,1.63109251E+09
2.20000000E+01,1.00000000E+00,1.00000000E+00,1.39977720E+08,1.06694016E+03,1.32347581E+04,-0.00000000E+00,-0.00000000E+00,-2.62590605E-33,-1.31689172E-34,8.93347094E+06,4.06087510E+05,8.93489189E-04,4.06152102E-05,-8.90360439E+06,-4.04687739E+05,-4.36714826E-05,-5.15993801E-13,-0.00000000E+00,-0.00000000E+00,3.58217988E-38,1.71189578E-39,-0.00000000E+00,-0.00000000E+00,3.58217988E-38,1.71189578E-39,-5.12000482E+04,-2.39961805E+03,-2.00417987E+02,-1.04087487E+01,2.13333535E+04,9.99840860E+02,2.10000000E+04,1.00000000E+03,7.76991830E+06,1.63109251E+09
2.30000000E+01,1.00000000E+00,1.00000000E+00,1.39977720E+08,1.06694018E+03,1.38984803E+04,-0.00000000E+00,-0.00000000E+00,-2.75759522E-33,-1.31689174E-34,9.33955845E+06,4.06087516E+05,9.34104400E-04,4.06152108E-05,-9.30829213E+06,-4.04687744E+05,-4.36714828E-05,-2.34892182E-13,-0.00000000E+00,-0.00000000E+00,3.75336946E-38,1.71189579E-39,-0.00000000E+00,-0.00000000E+00,3.75336946E-38,1.71189579E-39,-5.35996662E+04,-2.39961805E+03,-2.10826736E+02,-1.04087489E+01,2.23331943E+04,9.99840860E+02,2.20000000E+04,1.00000000E+03,7.76991830E+06,1.63109251E+09
2.40000000E+01,1.00000000E+00,1.00000000E+00,1.39977720E+08,1.06694019E+03,1.45622024E+04,-0.00000000E+00,-0.00000000E+00,-2.88928440E-33,-1.31689175E-34,9.74564597E+06,4.06087521E+05,9.74719611E-04,4.06152114E-05,-9.71297988E+06,-4.04687750E+05,-4.36714829E-05,-9.86392181E-14,-0.00000000E+00,-0.00000000E+00,3.92455904E-38,1.71189580E-39,-0.00000000E+00,-0.00000000E+00,3.92455904E-38,1.71189580E-39,-5.59992843E+04,-2.39961805E+03,-2.21235485E+02,-1.04087490E+01,2.33330352E+04,9.99840860E+02,2.30000000E+04,1.00000000E+03,7.76991830E+06,1.63109251E+09
2.50000000E+01,1.00000000E+00,1.00000000E+00,1.39977720E+08,1.06694019E+03,1.52259246E+04,-0.00000000E+00,-0.00000000E+00,-3.02097357E-33,-1.31689175E-34,1.01517335E+07,4.06087527E+05,1.01533482E-03,4.06152119E-05,-1.01176676E+07,-4.04687756E+05,-4.36714829E-05,-4.11406262E-14,-0.00000000E+00,-0.00000000E+00,4.09574862E-38,1.71189580E-39,-0.00000000E+00,-0.00000000E+00,4.09574862E-38,1.71189580E-39,-5.83989023E+04,-2.39961805E+03,-2.31644234E+02,-1.04087491E+01,2.43328761E+04,9.99840860E+02,2.40000000E+04,1.00000000E+03,7.76991830E+06,1.63109251E+09
2.60000000E+01,1.00000000E+00,1.00000000E+00,1.39977720E+08,1.06694019E+03,1.58896467E+04,-0.00000000E+00,-0.00000000E+00,-3.15266275E-33,-1.31689175E-34,1.05578210E+07,4.06087533E+05,1.05595004E-03,4.06152125E-05,-1.05223554E+07,-4.04687761E+05,-4.36714829E-05,-1.72657373E-14,-0.00000000E+00,-0.00000000E+00,4.26693820E-38,1.71189580E-39,-0.00000000E+00,-0.00000000E+00,4.26693820E-38,1.71189580E-39,-6.07985204E+04,-2.39961805E+03,-2.42052984E+02,-1.04087492E+01,2.53327169E+04,9.99840860E+02,2.50000000E+04,1.00000000E+03,7.76991830E+06,1.63109251E+09
2.70000000E+01,1.00000000E+00,1.00000000E+00,1.39977720E+08,1.06694019E+03,1.65533689E+04,-0.00000000E+00,-0.00000000E+00,-3.28435192E-33,-1.31689175E-34,1.09639086E+07,4.06087538E+05,1.09656525E-03,4.06152130E-05,-1.09270432E+07,-4.04687767E+05,-4.36714830E-05,-7.24630470E-15,-0.00000000E+00,-0.00000000E+00,4.43812778E-38,1.71189580E-39,-0.00000000E+00,-0.00000000E+00,4.43812778E-38,1.71189580E-39,-6.31981384E+04,-2.39961805E+03,-2.52461733E+02,-1.04087493E+01,2.63325578E+04,9.99840860E+02,2.60000000E+04,1.00000000E+03,7.76991830E+06,1.63109251E+09
2.80000000E+01,1.00000000E+00,1.00000000E+00,1.39977720E+08,1.06694019E+03,1.72170910E+04,-0.00000000E+00,-0.00000000E+00,-3.41604110E-33,-1.31689175E-34,1.13699961E+07,4.06087544E+05,1.13718046E-03,4.06152136E-05,-1.13317309E+07,-4.04687772E+05,-4.36714830E-05,-3.04112582E-15,-0.00000000E+00,-0.00000000E+00,4.60931736E-38,1.71189580E-39,-0.00000000E+00,-0.00000000E+00,4.60931736E-38,1.71189580E-39,-6.55977565E+04,-2.39961805E+03,-2.62870482E+02,-1.04087493E+01,2.73323986E+04,9.99840860E+02,2.70000000E+04,1.00000000E+03,7.76991830E+06,1.63109251E+09
2.90000000E+01,1.00000000E+00,1.00000000E+00,1.39977720E+08,1.06694019E+03,1.78808132E+04,-0.00000000E+00,-0.00000000E+00,-3.54773027E-33,-1.31689175E-34,1.17760837E+07,4.06087549E+05,1.17779568E-03,4.06152142E-05,-1.17364187E+07,-4.04687778E+05,-4.36714830E-05,-1.27563762E-15,-0.00000000E+00,-0.00000000E+00,4.78050694E-38,1.71189580E-39,-0.00000000E+00,-0.00000000E+00,4.78050694E-38,1.71189580E-39,-6.79973745E+04,-2.39961805E+03,-2.73279232E+02,-1.04087494E+01,2.83322395E+04,9.99840860E+02,2.80000000E+04,1.00000000E+03,7.76991830E+06,1.63109251E+09
3.00000000E+01,1.00000000E+00,1.00000000E+00,1.39977720E+08,1.06694019E+03,1.85445353E+04,-0.00000000E+00,-0.00000000E+00,-3.67941945E-33,-1.31689175E-34,1.21821712E+07,4.06087555E+05,1.21841089E-03,4.06152147E-05,-1.21411065E+07,-4.04687783E+05,-4.36714830E-05,-5.83274267E-16,-0.00000000E+00,-0.00000000E+00,4.95169652E-38,1.71189580E-39,-0.00000000E+00,-0.00000000E+00,4.95169652E-38,1.71189580E-39,-7.03969926E+04,-2.39961805E+03,-2.83687981E+02,-1.04087495E+01,2.93320804E+04,9.99840860E+02,2.90000000E+04,1.00000000E+03,7.76991830E+06,1.63109251E+09
3.10000000E+01,1.00000000E+00,1.00000000E+00,1.39977720E+08,1.06694019E+03,1.92082575E+04,-0.00000000E+00,-0.00000000E+00,-3.81110863E-33,-1.31689175E-34,1.25882588E+07,4.06087560E+05,1.25902611E-03,4.06152153E-05,-1.25457943E+07,-4.04687789E+05,-4.36714830E-05,-9.87391596E-16,-0.00000000E+00,-0.00000000E+00,5.12288609E-38,1.71189580E-39,-0.00000000E+00,-0.00000000E+00,5.12288609E-38,1.71189580E-39,-7.27966106E+04,-2.39961805E+03,-2.94096731E+02,-1.04087496E+01,3.03319212E+04,9.99840860E+02,3.00000000E+04,1.00000000E+03,7.76991830E+06,1.63109251E+09
3.20000000E+01,1.00000000E+00,1.00000000E+00,1.39977720E+08,1.06694019E+03,1.98719796E+04,-0.00000000E+00,-0.00000000E+00,-3.94279780E-33,-1.31689175E-34,1.29943463E+07,4.06087566E+05,1.29964132E-03,4.06152158E-05,-1.29504821E+07,-4.04687794E+05,-4.36714830E-05,-3.98610630E-16,-0.00000000E+00,-0.00000000E+00,5.29407567E-38,1.71189580E-39,-0.00000000E+00,-0.00000000E+00,5.29407567E-38,1.71189580E-39,-7.51962287E+04,-2.39961805E+03,-3.04505480E+02,-1.04087496E+01,3.13317621E+04,9.99840860E+02,3.10000000E+04,1.00000000E+03,7.76991829E+06,1.63109251E+09
3.30000000E+01,1.00000000E+00,1.00000000E+00,1.39977720E+08,1.06694019E+03,2.05357018E+04,-0.00000000E+00,-0.00000000E+00,-4.07448698E-33,-1.31689175E-34,1.34004339E+07,4.06087571E+05,1.34025654E-03,4.06152164E-05,-1.33551699E+07,-4.04687800E+05,-4.36714830E-05,-1.62053235E-16,-0.00000000E+00,-0.00000000E+00,5.46526525E-38,1.71189580E-39,-0.00000000E+00,-0.00000000E+00,5.46526525E-38,1.71189580E-39,-7.75958467E+04,-2.39961805E+03,-3.14914230E+02,-1.04087497E+01,3.23316029E+04,9.99840860E+02,3.20000000E+04,1.00000000E+03,7.76991829E+06,1.63109251E+09
3.40000000E+01,1.00000000E+00,1.00000000E+00,1.39977720E+08,1.06694019E+03,2.11994239E+04,-0.00000000E+00,-0.00000000E+00,-4.20617615E-33,-1.31689175E-34,1.38065215E+07,4.06087577E+05,1.38087176E-03,4.06152169E-05,-1.37598577E+07,-4.04687805E+05,-4.36714830E-05,-6.84906700E-17,-0.00000000E+00,-0.00000000E+00,5.63645483E-38,1.71189580E-39,-0.00000000E+00,-0.00000000E+00,5.63645483E-38,1.71189580E-39,-7.99954648E+04,-2.39961805E+03,-3.25322980E+02,-1.04087498E+01,3.33314438E+04,9.99840860E+02,3.30000000E+04,1.00000000E+03,7.76991829E+06,1.63109251E+09
3.50000000E+01,1.00000000E+00,1.00000000E+00,1.39977720E+08,1.06694019E+03,2.18631461E+04,-0.00000000E+00,-0.00000000E+00,-4.33786533E-33,-1.31689175E-34,1.42126091E+07,4.06087582E+05,1.42148697E-03,4.06152175E-05,-1.41645455E+07,-4.04687811E+05,-4.36714830E-05,-2.96206510E-17,-0.00000000E+00,-0.00000000E+00,5.80764441E-38,1.71189580E-39,-0.00000000E+00,-0.00000000E+00,5.80764441E-38,1.71189580E-39,-8.23950829E+04,-2.39961805E+03,-3.35731730E+02,-1.04087499E+01,3.43312847E+04,9.99840860E+02,3.40000000E+04,1.00000000E+03,7.76991829E+06,1.63109251E+09
3.60000000E+01,1.00000000E+00,1.00000000E+00,1.39977720E+08,1.06694019E+03,2.25268682E+04,-0.00000000E+00,-0.00000000E+00,-4.46955450E-33,-1.31689175E-34,1.46186967E+07,4.06087588E+05,1.46210219E-03,4.06152180E-05,-1.45692333E+07,-4.04687816E+05,-4.36714830E-05,-1.37512953E-17,-0.00000000E+00,-0.00000000E+00,5.97883399E-38,1.71189580E-39,-0.00000000E+00,-0.00000000E+00,5.97883399E-38,1.71189580E-39,-8.47947009E+04,-2.39961805E+03,-3.46140480E+02,-1.04087499E+01,3.53311255E+04,9.99840860E+02,3.50000000E+04,1.00000000E+03,7.76991829E+06,1.63109251E+09
3.70000000E+01,1.00000000E+00,1.00000000E+00,1.39977720E+08,1.06694019E+03,2.31905904E+04,-0.00000000E+00,-0.00000000E+00,-4.60124368E-33,-1.31689175E-34,1.50247843E+07,4.06087593E+05,1.50271741E-03,4.06152185E-05,-1.49739211E+07,-4.04687822E+05,-4.36714830E-05,-7.24995987E-18,-0.00000000E+00,-0.00000000E+00,6.15002357E-38,1.71189580E-39,-0.00000000E+00,-0.00000000E+00,6.15002357E-38,1.71189580E-39,-8.71943190E+04,-2.39961805E+03,-3.56549230E+02,-1.04087500E+01,3.63309664E+04,9.99840860E+02,3.60000000E+04,1.00000000E+03,7.76991829E+06,1.63109251E+09
3.80000000E+01,1.00000000E+00,1.00000000E+00,1.39977720E+08,1.06694019E+03,2.38543126E+04,-0.00000000E+00,-0.00000000E+00,-4.73293285E-33,-1.31689175E-34,1.54308719E+07,4.06087599E+05,1.54333263E-03,4.06152191E-05,-1.53786090E+07,-4.04687827E+05,-4.36714830E-05,-4.67922290E-18,-0.00000000E+00,-0.00000000E+00,6.32121315E-38,1.71189580E-39,-0.00000000E+00,-0.00000000E+00,6.32121315E-38,1.71189580E-39,-8.95939370E+04,-2.39961805E+03,-3.66957980E+02,-1.04087501E+01,3.73308072E+04,9.99840859E+02,3.70000000E+04,1.00000000E+03,7.76991829E+06,1.63109251E+09
3.90000000E+01,1.00000000E+00,1.00000000E+00,1.39977720E+08,1.06694019E+03,2.45180347E+04,-0.00000000E+00,-0.00000000E+00,-4.86462203E-33,-1.31689175E-34,1.58369595E+07,4.06087604E+05,1.58394785E-03,4.06152196E-05,-1.57832968E+07,-4.04687832E+05,-4.36714830E-05,-3.77592710E-18,-0.00000000E+00,-0.00000000E+00,6.49240273E-38,1.71189580E-39,-0.00000000E+00,-0.00000000E+00,6.49240273E-38,1.71189580E-39,-9.19935551E+04,-2.39961805E+03,-3.77366730E+02,-1.04087502E+01,3.83306481E+04,9.99840859E+02,3.80000000E+04,1.00000000E+03,7.76991829E+06,1.63109251E+09
4.00000000E+01,1.00000000E+00,1.00000000E+00,1.39977720E+08,1.06694019E+03,2.51817569E+04,-0.00000000E+00,-0.00000000E+00,-4.99631120E-33,-1.31689175E-34,1.62430471E+07,4.06087609E+05,1.62456307E-03,4.06152202E-05,-1.61879846E+07,-4.04687838E+05,-4.36714830E-05,-3.50497807E-18,-0.00000000E+00,-0.00000000E+00,6.66359231E-38,1.71189580E-39,-0.00000000E+00,-0.00000000E+00,6.66359231E-38,1.71189580E-39,-9.43931731E+04,-2.39961805E+03,-3.87775480E+02,-1.04087502E+01,3.93304890E+04,9.99840859E+02,3.90000000E+04,1.00000000E+03,7.76991829E+06,1.63109251E+09
4.10000000E+01,1.00000000E+00,1.00000000E+00,1.39977720E+08,1.06694019E+03,2.58454790E+04,-0.00000000E+00,-0.00000000E+00,-5.12800038E-33,-1.31689175E-34,1.66491347E+07,4.06087615E+05,1.66517829E-03,4.06152207E-05,-1.65926725E+07,-4.04687843E+05,-4.36714830E-05,-3.42471162E-18,-0.00000000E+00,-0.00000000E+00,6.83478189E-38,1.71189580E-39,-0.00000000E+00,-0.00000000E+00,6.83478189E-38,1.71189580E-39,-9.67927912E+04,-2.39961805E+03,-3.98184230E+02,-1.04087503E+01,4.03303298E+04,9.99840859E+02,4.00000000E+04,1.00000000E+03,7.76991829E+06,1.63109251E+09
4.20000000E+01,1.00000000E+00,1.00000000E+00,1.39977720E+08,1.06694019E+03,2.65092012E+04,-0.00000000E+00,-0.00000000E+00,-5.25968955E-33,-1.31689175E-34,1.70552223E+07,4.06087620E+05,1.70579351E-03,4.06152212E-05,-1.69973603E+07,-4.04687848E+05,-4.36714830E-05,-3.39796552E-18,-0.00000000E+00,-0.00000000E+00,7.00597147E-38,1.71189580E-39,-0.00000000E+00,-0.00000000E+00,7.00597147E-38,1.71189580E-39,-9.91924092E+04,-2.39961805E+03,-4.08592981E+02,-1.04087504E+01,4.13301707E+04,9.99840859E+02,4.10000000E+04,1.00000000E+03,7.76991829E+06,1.63109251E+09
4.30000000E+01,1.00000000E+00,1.00000000E+00,1.39977720E+08,1.06694019E+03,2.71729233E+04,-0.00000000E+00,-0.00000000E+00,-5.39137873E-33,-1.31689175E-34,1.74613099E+07,4.06087625E+05,1.74640873E-03,4.06152218E-05,-1.74020482E+07,-4.04687853E+05,-4.36714830E-05,-3.38799762E-18,-0.00000000E+00,-0.00000000E+00,7.17716105E-38,1.71189580E-39,-0.00000000E+00,-0.00000000E+00,7.17716105E-38,1.71189580E-39,-1.01592027E+05,-2.39961805E+03,-4.19001731E+02,-1.04087505E+01,4.23300115E+04,9.99840859E+02,4.20000000E+04,1.00000000E+03,7.76991829E+06,1.63109251E+09
4.40000000E+01,1.00000000E+00,1.00000000E+00,1.39977720E+08,1.06694019E+03,2.78366455E+04,-0.00000000E+00,-0.00000000E+00,-5.52306790E-33,-1.31689175E-34,1.78673976E+07,4.06087630E+05,1.78702395E-03,4.06152223E-05,-1.78067360E+07,-4.04687859E+05,-4.36714830E-05,-3.38403500E-18,-0.00000000E+00,-0.00000000E+00,7.34835063E-38,1.71189580E-39,-0.00000000E+00,-0.00000000E+00,7.34835063E-38,1.71189580E-39,-1.03991645E+05,-2.39961805E+03,-4.29410482E+02,-1.04087505E+01,4.33298524E+04,9.99840859E+02,4.30000000E+04,1.00000000E+03,7.76991829E+06,1.63109251E+09
4.50000000E+01,1.00000000E+00,1.00000000E+00,1.39977720E+08,1.06694019E+03,2.85003676E+04,-0.00000000E+00,-0.00000000E+00,-5.65475707E-33,-1.31689175E-34,1.82734852E+07,4.06087636E+05,1.82763918E-03,4.06152228E-05,-1.82114239E+07,-4.04687864E+05,-4.36714830E-05,-3.38241740E-18,-0.00000000E+00,-0.00000000E+00,7.51954021E-38,1.71189580E-39,-0.00000000E+00,-0.00000000E+00,7.51954021E-38,1.71189580E-39,-1.06391263E+05,-2.39961805E+03,-4.39819232E+02,-1.04087506E+01,4.43296933E+04,9.99840859E+02,4.40000000E+04,1.00000000E+03,7.76991829E+06,1.63109251E+09
4.60000000E+01,1.00000000E+00,1.00000000E+00,1.39977720E+08,1.06694019E+03,2.91640898E+04,-0.00000000E+00,-0.00000000E+00,-5.78644625E-33,-1.31689175E-34,1.86795728E+07,4.06087641E+05,1.86825440E-03,4.06152233E-05,-1.86161118E+07,-4.04687869E+05,-4.36714830E-05,-3.38174815E-18,-0.00000000E+00,-0.00000000E+00,7.69072979E-38,1.71189580E-39,-0.00000000E+00,-0.00000000E+00,7.69072979E-38,1.71189580E-39,-1.08790881E+05,-2.39961805E+03,-4.50227983E+02,-1.04087507E+01,4.53295341E+04,9.99840859E+02,4.50000000E+04,1.00000000E+03,7.76991829E+06,1.63109251E+09
4.70000000E+01,1.00000000E+00,1.00000000E+00,1.39977720E+08,1.06694019E+03,2.98278119E+04,-0.00000000E+00,-0.00000000E+00,-5.91813542E-33,-1.31689175E-34,1.90856605E+07,4.06087646E+05,1.90886962E-03,4.06152239E-05,-1.90207996E+07,-4.04687874E+05,-4.36714830E-05,-3.38147424E-18,-0.00000000E+00,-0.00000000E+00,7.86191937E-38,1.71189580E-39,-0.00000000E+00,-0.00000000E+00,7.86191937E-38,1.71189580E-39,-1.11190499E+05,-2.39961805E+03,-4.60636734E+02,-1.04087508E+01,4.63293750E+04,9.99840859E+02,4.60000000E+04,1.00000000E+03,7.76991829E+06,1.63109251E+09
4.80000000E+01,1.00000000E+00,1.00000000E+00,1.39977720E+08,1.06694019E+03,3.04915341E+04,-0.00000000E+00,-0.00000000E+00,-6.04982460E-33,-1.31689175E-34,1.94917481E+07,4.06087651E+05,1.94948485E-03,4.06152244E-05,-1.94254875E+07,-4.04687880E+05,-4.36714830E-05,-3.38135704E-18,-0.00000000E+00,-0.00000000E+00,8.03310895E-38,1.71189580E-39,-0.00000000E+00,-0.00000000E+00,8.03310895E-38,1.71189580E-39,-1.13590118E+05,-2.39961805E+03,-4.71045485E+02,-1.04087508E+01,4.73292158E+04,9.99840859E+02,4.70000000E+04,1.00000000E+03,7.76991829E+06,1.63109251E+09
4.90000000E+01,1.00000000E+00,1.00000000E+00,1.39977720E+08,1.06694019E+03,3.11552562E+04,-0.00000000E+00,-0.00000000E+00,-6.18151377E-33,-1.31689175E-34,1.98978358E+07,4.06087657E+05,1.99010007E-03,4.06152249E-05,-1.98301754E+07,-4.04687885E+05,-4.36714830E-05,-3.38131041E-18,-0.00000000E+00,-0.00000000E+00,8.20429853E-38,1.71189580E-39,-0.00000000E+00,-0.00000000E+00,8.20429853E-38,1.71189580E-39,-1.15989736E+05,-2.39961805E+03,-4.81454236E+02,-1.04087509E+01,4.83290567E+04,9.99840859E+02,4.80000000E+04,1.00000000E+03,7.76991829E+06,1.63109251E+09
5.00000000E+01,1.00000000E+00,1.00000000E+00,1.39977720E+08,1.06694019E+03,3.18189784E+04,-0.00000000E+00,-0.00000000E+00,-6.31320295E-33,-1.31689175E-34,2.03039235E+07,4.06087662E+05,2.03071530E-03,4.06152254E-05,-2.02348633E+07,-4.04687890E+05,-4.36714830E-05,-3.38129086E-18,-0.00000000E+00,-0.00000000E+00,8.37548811E-38,1.71189580E-39,-0.00000000E+00,-0.00000000E+00,8.37548811E-38,1.71189580E-39,-1.18389354E+05,-2.39961805E+03,-4.91862987E+02,-1.04087510E+01,4.93288975E+04,9.99840859E+02,4.90000000E+04,1.00000000E+03,7.76991829E+06,1.63109251E+09
