Time [d],dt_flow [d],dt_tran [d],Global Water Mass in Liquid Phas [kg],Global Vaq [mol],Global Vim [mol],Top Water Mass [kg],Top Water Mass [kg/d],Top Vaq [mol],Top Vaq [mol/d],Right Water Mass [kg],Right Water Mass [kg/d],Right Vaq [mol],Right Vaq [mol/d],Left Water Mass [kg],Left Water Mass [kg/d],Left Vaq [mol],Left Vaq [mol/d],North Water Mass [kg],North Water Mass [kg/d],North Vaq [mol],North Vaq [mol/d],South Water Mass [kg],South Water Mass [kg/d],South Vaq [mol],South Vaq [mol/d],ExtractWell Water Mass [kg],ExtractWell Water Mass [kg/d],ExtractWell Vaq [mol],ExtractWell Vaq [mol/d],InjectWell Water Mass [kg],InjectWell Water Mass [kg/d],InjectWell Vaq [mol],InjectWell Vaq [mol/d],Region Region__all Water Mass [kg],Region Region__all Total Mass [kg]
1.00000000E+00,4.89000000E-01,9.00000000E-03,1.39977873E+08,5.77364363E-03,5.66582109E-03,-0.00000000E+00,-0.00000000E+00,6.11765645E-40,1.01536741E-39,4.51824041E+06,4.51835604E+06,4.51894914E-04,4.51906479E-04,-4.51776981E+06,-4.51764152E+06,-2.90297024E-04,-1.82594064E-04,-0.00000000E+00,-0.00000000E+00,6.07966330E-40,1.00906218E-39,-0.00000000E+00,-0.00000000E+00,6.07966331E-40,1.00906218E-39,-8.08069866E+02,-1.22620617E+03,-4.49608813E-08,-4.95702369E-08,3.36695820E+02,5.10919302E+02,3.36749000E-08,5.11000000E-08,7.76992681E+06,1.63109144E+09
2.00000000E+00,4.88000000E-01,8.00000000E-03,1.39977873E+08,6.46386703E+02,2.36683359E+02,-0.00000000E+00,-0.00000000E+00,-4.69575200E-35,-7.97808593E-35,9.03691918E+06,4.51868076E+06,9.03833672E-04,4.51938958E-04,-9.03504955E+06,-4.51728172E+06,-4.08423152E-04,-7.30169983E-05,-0.00000000E+00,-0.00000000E+00,1.85213117E-39,1.40692481E-39,-0.00000000E+00,-0.00000000E+00,1.85213117E-39,1.40692481E-39,-3.20769054E+03,-2.39962067E+03,-7.39538527E-01,-2.32437690E+00,1.33653789E+03,9.99842073E+02,1.00000000E+03,1.00000000E+03,7.76992677E+06,1.63109209E+09
3.00000000E+00,1.00000000E+00,8.00000000E-03,1.39977872E+08,9.01143553E+02,7.33544197E+02,-0.00000000E+00,-0.00000000E+00,-1.45539292E-34,-1.11225133E-34,1.35556077E+07,4.51868850E+06,1.35577341E-03,4.51939733E-04,-1.35523390E+07,-4.51728944E+06,-4.55424467E-04,-2.94232326E-05,-0.00000000E+00,-0.00000000E+00,3.35081375E-39,1.55999410E-39,-0.00000000E+00,-0.00000000E+00,3.35081375E-39,1.55999410E-39,-5.60731120E+03,-2.39962066E+03,-5.17738601E+00,-5.97637062E+00,2.33637996E+03,9.99842067E+02,2.00000000E+03,1.00000000E+03,7.76992673E+06,1.63109234E+09
4.00000000E+00,1.00000000E+00,4.00000000E-02,1.39977871E+08,1.00218886E+03,1.33193514E+03,-0.00000000E+00,-0.00000000E+00,-2.64265926E-34,-1.23697012E-34,1.80743037E+07,4.51869599E+06,1.80771389E-03,4.51940484E-04,-1.80696359E+07,-4.51729691E+06,-4.74323807E-04,-1.19073102E-05,-0.00000000E+00,-0.00000000E+00,4.94668968E-39,1.61946766E-39,-0.00000000E+00,-0.00000000E+00,4.94668968E-39,1.61946766E-39,-8.00693184E+03,-2.39962064E+03,-1.19482314E+01,-7.21288116E+00,3.33622202E+03,9.99842062E+02,3.00000000E+03,1.00000000E+03,7.76992669E+06,1.63109244E+09
5.00000000E+00,1.00000000E+00,4.00000000E-02,1.39977870E+08,1.04269565E+03,1.97052140E+03,-0.00000000E+00,-0.00000000E+00,-3.90967820E-34,-1.28696707E-34,2.25930069E+07,4.51870324E+06,2.25965510E-03,4.51941210E-04,-2.25869400E+07,-4.51730413E+06,-4.82147857E-04,-5.42372614E-06,-0.00000000E+00,-0.00000000E+00,6.58016694E-39,1.64268457E-39,-0.00000000E+00,-0.00000000E+00,6.58016694E-39,1.64268457E-39,-1.04065525E+04,-2.39962063E+03,-1.93275159E+01,-7.46259069E+00,4.33606408E+03,9.99842056E+02,4.00000000E+03,1.00000000E+03,7.76992666E+06,1.63109249E+09
6.00000000E+00,1.00000000E+00,4.00000000E-02,1.39977870E+08,1.05901152E+03,2.62525891E+03,-0.00000000E+00,-0.00000000E+00,-5.20874328E-34,-1.30710551E-34,2.71117171E+07,4.51871024E+06,2.71159701E-03,4.51941911E-04,-2.71042511E+07,-4.51731110E+06,-4.88972861E-04,-1.14697992E-05,-0.00000000E+00,-0.00000000E+00,8.22831445E-39,1.65173625E-39,-0.00000000E+00,-0.00000000E+00,8.22831445E-39,1.65173625E-39,-1.28061731E+04,-2.39962062E+03,-2.68166521E+01,-7.50167136E+00,5.33590613E+03,9.99842052E+02,5.00000000E+03,1.00000000E+03,7.76992662E+06,1.63109250E+09
7.00000000E+00,1.00000000E+00,7.20000000E-02,1.39977869E+08,1.06552290E+03,3.28656145E+03,-0.00000000E+00,-0.00000000E+00,-6.52083422E-34,-1.31514242E-34,3.16304341E+07,4.51871698E+06,3.16353960E-03,4.51942587E-04,-3.16215690E+07,-4.51731783E+06,-5.25074932E-04,-6.99766699E-05,-0.00000000E+00,-0.00000000E+00,9.88222099E-39,1.65521877E-39,-0.00000000E+00,-0.00000000E+00,9.88222099E-39,1.65521877E-39,-1.52057937E+04,-2.39962061E+03,-3.43219668E+01,-7.50686241E+00,6.33574818E+03,9.99842047E+02,6.00000000E+03,1.00000000E+03,7.76992659E+06,1.63109251E+09
8.00000000E+00,1.00000000E+00,4.00000000E-02,1.39977869E+08,1.06819379E+03,3.95043837E+03,-0.00000000E+00,-0.00000000E+00,-7.83803306E-34,-1.31843905E-34,3.61491576E+07,4.51872348E+06,3.61548284E-03,4.51943238E-04,-3.61388933E+07,-4.51732430E+06,-6.91673471E-04,-2.75180162E-04,-0.00000000E+00,-0.00000000E+00,1.15383023E-38,1.65659483E-39,-0.00000000E+00,-0.00000000E+00,1.15383023E-38,1.65659483E-39,-1.76054143E+04,-2.39962060E+03,-4.18293193E+01,-7.50755317E+00,7.33559022E+03,9.99842043E+02,7.00000000E+03,1.00000000E+03,7.76992655E+06,1.63109251E+09
9.00000000E+00,1.00000000E+00,4.00000000E-02,1.39977868E+08,1.06929498E+03,4.61536769E+03,-0.00000000E+00,-0.00000000E+00,-9.15731998E-34,-1.31979824E-34,4.06678873E+07,4.51872973E+06,4.06742670E-03,4.51943864E-04,-4.06562238E+07,-4.51733053E+06,-1.19155955E-03,-7.21908709E-04,-0.00000000E+00,-0.00000000E+00,1.31952392E-38,1.65714061E-39,-0.00000000E+00,-0.00000000E+00,1.31952392E-38,1.65714061E-39,-2.00050349E+04,-2.39962059E+03,-4.93369373E+01,-7.50764377E+00,8.33543226E+03,9.99842039E+02,8.00000000E+03,1.00000000E+03,7.76992652E+06,1.63109251E+09
1.00000000E+01,1.00000000E+00,4.00000000E-02,1.39977867E+08,1.06974874E+03,5.28073082E+03,-0.00000000E+00,-0.00000000E+00,-1.04774676E-33,-1.32035831E-34,4.51866231E+07,4.51873573E+06,4.51937116E-03,4.51944466E-04,-4.51735603E+07,-4.51733650E+06,-2.27840086E-03,-1.41366194E-03,-0.00000000E+00,-0.00000000E+00,1.48525154E-38,1.65735671E-39,-0.00000000E+00,-0.00000000E+00,1.48525154E-38,1.65735671E-39,-2.24046554E+04,-2.39962058E+03,-5.68445913E+01,-7.50765763E+00,9.33527430E+03,9.99842036E+02,9.00000000E+03,1.00000000E+03,7.76992649E+06,1.63109251E+09
1.10000000E+01,1.00000000E+00,1.04000000E-01,1.39977867E+08,1.06993125E+03,5.94627533E+03,-0.00000000E+00,-0.00000000E+00,-1.17979752E-33,-1.32058358E-34,4.97053645E+07,4.51874149E+06,4.97131621E-03,4.51945043E-04,-4.96909025E+07,-4.51734225E+06,-4.17822483E-03,-2.23495683E-03,-0.00000000E+00,-0.00000000E+00,1.65099276E-38,1.65744018E-39,-0.00000000E+00,-0.00000000E+00,1.65099276E-38,1.65744018E-39,-2.48042760E+04,-2.39962057E+03,-6.43522523E+01,-7.50766184E+00,1.03351163E+04,9.99842033E+02,1.00000000E+04,1.00000000E+03,7.76992646E+06,1.63109251E+09
1.20000000E+01,1.00000000E+00,2.32000000E-01,1.39977866E+08,1.07000785E+03,6.61189033E+03,-0.00000000E+00,-0.00000000E+00,-1.31186226E-33,-1.32067812E-34,5.42241116E+07,4.51874703E+06,5.42326181E-03,4.51945599E-04,-5.42082503E+07,-4.51734777E+06,-6.89676783E-03,-3.01504649E-03,-0.00000000E+00,-0.00000000E+00,1.81673907E-38,1.65747397E-39,-0.00000000E+00,-0.00000000E+00,1.81673907E-38,1.65747397E-39,-2.72038966E+04,-2.39962056E+03,-7.18599168E+01,-7.50766505E+00,1.13349584E+04,9.99842030E+02,1.10000000E+04,1.00000000E+03,7.76992643E+06,1.63109251E+09
1.30000000E+01,1.00000000E+00,2.32000000E-01,1.39977866E+08,1.07004031E+03,7.27753446E+03,-0.00000000E+00,-0.00000000E+00,-1.44393278E-33,-1.32071819E-34,5.87428639E+07,4.51875236E+06,5.87520794E-03,4.51946133E-04,-5.87256034E+07,-4.51735308E+06,-1.03095928E-02,-3.64527542E-03,-0.00000000E+00,-0.00000000E+00,1.98248740E-38,1.65748785E-39,-0.00000000E+00,-0.00000000E+00,1.98248740E-38,1.65748785E-39,-2.96035171E+04,-2.39962055E+03,-7.93675844E+01,-7.50766805E+00,1.23348004E+04,9.99842027E+02,1.20000000E+04,1.00000000E+03,7.76992640E+06,1.63109251E+09
1.40000000E+01,1.00000000E+00,2.32000000E-01,1.39977865E+08,1.07005394E+03,7.94319088E+03,-0.00000000E+00,-0.00000000E+00,-1.57600574E-33,-1.32073501E-34,6.32616214E+07,4.51875750E+06,6.32715459E-03,4.51946648E-04,-6.32429616E+07,-4.51735820E+06,-1.42412168E-02,-4.09251502E-03,-0.00000000E+00,-0.00000000E+00,2.14823657E-38,1.65749351E-39,-0.00000000E+00,-0.00000000E+00,2.14823657E-38,1.65749351E-39,-3.20031377E+04,-2.39962055E+03,-8.68752548E+01,-7.50767091E+00,1.33346424E+04,9.99842024E+02,1.30000000E+04,1.00000000E+03,7.76992638E+06,1.63109251E+09
1.50000000E+01,1.00000000E+00,2.32000000E-01,1.39977865E+08,1.07005937E+03,8.60885255E+03,-0.00000000E+00,-0.00000000E+00,-1.70807974E-33,-1.32074171E-34,6.77803839E+07,4.51876247E+06,6.77910173E-03,4.51947147E-04,-6.77603247E+07,-4.51736315E+06,-1.85334974E-02,-4.36875501E-03,-0.00000000E+00,-0.00000000E+00,2.31398609E-38,1.65749571E-39,-0.00000000E+00,-0.00000000E+00,2.31398609E-38,1.65749571E-39,-3.44027582E+04,-2.39962054E+03,-9.43829279E+01,-7.50767347E+00,1.43344844E+04,9.99842021E+02,1.40000000E+04,1.00000000E+03,7.76992635E+06,1.63109251E+09
1.60000000E+01,1.00000000E+00,2.32000000E-01,1.39977865E+08,1.07006170E+03,9.27451616E+03,-0.00000000E+00,-0.00000000E+00,-1.84015412E-33,-1.32074459E-34,7.22991512E+07,4.51876729E+06,7.23104937E-03,4.51947631E-04,-7.22776927E+07,-4.51736796E+06,-2.30205336E-02,-4.53127765E-03,-0.00000000E+00,-0.00000000E+00,2.47973573E-38,1.65749663E-39,-0.00000000E+00,-0.00000000E+00,2.47973573E-38,1.65749663E-39,-3.68023788E+04,-2.39962053E+03,-1.01890604E+02,-7.50767620E+00,1.53343264E+04,9.99842018E+02,1.50000000E+04,1.00000000E+03,7.76992633E+06,1.63109251E+09
1.70000000E+01,1.00000000E+00,2.32000000E-01,1.39977864E+08,1.07006268E+03,9.94018060E+03,-0.00000000E+00,-0.00000000E+00,-1.97222867E-33,-1.32074580E-34,7.68179232E+07,4.51877199E+06,7.68299747E-03,4.51948102E-04,-7.67950653E+07,-4.51737265E+06,-2.76180061E-02,-4.62172758E-03,-0.00000000E+00,-0.00000000E+00,2.64548542E-38,1.65749699E-39,-0.00000000E+00,-0.00000000E+00,2.64548542E-38,1.65749699E-39,-3.92019993E+04,-2.39962053E+03,-1.09398282E+02,-7.50767886E+00,1.63341685E+04,9.99842015E+02,1.60000000E+04,1.00000000E+03,7.76992630E+06,1.63109251E+09
1.80000000E+01,1.00000000E+00,2.32000000E-01,1.39977864E+08,1.07006309E+03,1.06058454E+04,-0.00000000E+00,-0.00000000E+00,-2.10430329E-33,-1.32074631E-34,8.13366998E+07,4.51877659E+06,8.13494603E-03,4.51948563E-04,-8.13124426E+07,-4.51737724E+06,-3.22741475E-02,-4.66867091E-03,-0.00000000E+00,-0.00000000E+00,2.81123512E-38,1.65749711E-39,-0.00000000E+00,-0.00000000E+00,2.81123512E-38,1.65749711E-39,-4.16016198E+04,-2.39962052E+03,-1.16905963E+02,-7.50768145E+00,1.73340105E+04,9.99842012E+02,1.70000000E+04,1.00000000E+03,7.76992628E+06,1.63109251E+09
1.90000000E+01,1.00000000E+00,2.32000000E-01,1.39977863E+08,1.07006326E+03,1.12715103E+04,-0.00000000E+00,-0.00000000E+00,-2.23637794E-33,-1.32074652E-34,8.58554809E+07,4.51878110E+06,8.58689505E-03,4.51949015E-04,-8.58298243E+07,-4.51738174E+06,-3.69601025E-02,-4.69214280E-03,-0.00000000E+00,-0.00000000E+00,2.97698484E-38,1.65749714E-39,-0.00000000E+00,-0.00000000E+00,2.97698484E-38,1.65749714E-39,-4.40012403E+04,-2.39962051E+03,-1.24413647E+02,-7.50768399E+00,1.83338525E+04,9.99842010E+02,1.80000000E+04,1.00000000E+03,7.76992626E+06,1.63109251E+09
2.00000000E+01,1.00000000E+00,2.32000000E-01,1.39977863E+08,1.07006333E+03,1.19371753E+04,-0.00000000E+00,-0.00000000E+00,-2.36845259E-33,-1.32074660E-34,9.03742664E+07,4.51878555E+06,9.03884451E-03,4.51949461E-04,-9.03472105E+07,-4.51738618E+06,-4.16605394E-02,-4.70336255E-03,-0.00000000E+00,-0.00000000E+00,3.14273455E-38,1.65749712E-39,-0.00000000E+00,-0.00000000E+00,3.14273455E-38,1.65749712E-39,-4.64008608E+04,-2.39962051E+03,-1.31921333E+02,-7.50768649E+00,1.93336945E+04,9.99842007E+02,1.90000000E+04,1.00000000E+03,7.76992623E+06,1.63109251E+09
2.10000000E+01,1.00000000E+00,2.32000000E-01,1.39977862E+08,1.07006335E+03,1.26028403E+04,-0.00000000E+00,-0.00000000E+00,-2.50052726E-33,-1.32074663E-34,9.48930564E+07,4.51878994E+06,9.49079441E-03,4.51949902E-04,-9.48646011E+07,-4.51739057E+06,-4.63677299E-02,-4.70852344E-03,-0.00000000E+00,-0.00000000E+00,3.30848426E-38,1.65749708E-39,-0.00000000E+00,-0.00000000E+00,3.30848426E-38,1.65749708E-39,-4.88004813E+04,-2.39962050E+03,-1.39429022E+02,-7.50768897E+00,2.03335365E+04,9.99842004E+02,2.00000000E+04,1.00000000E+03,7.76992621E+06,1.63109251E+09
2.20000000E+01,1.00000000E+00,2.32000000E-01,1.39977862E+08,1.07006336E+03,1.32685053E+04,-0.00000000E+00,-0.00000000E+00,-2.63260192E-33,-1.32074664E-34,9.94118507E+07,4.51879430E+06,9.94274475E-03,4.51950339E-04,-9.93819960E+07,-4.51739492E+06,-5.10779656E-02,-4.71082563E-03,-0.00000000E+00,-0.00000000E+00,3.47423396E-38,1.65749703E-39,-0.00000000E+00,-0.00000000E+00,3.47423396E-38,1.65749703E-39,-5.12001018E+04,-2.39962049E+03,-1.46936713E+02,-7.50769143E+00,2.13333785E+04,9.99842001E+02,2.10000000E+04,1.00000000E+03,7.76992619E+06,1.63109251E+09
2.30000000E+01,1.00000000E+00,2.32000000E-01,1.39977862E+08,1.07006336E+03,1.39341703E+04,-0.00000000E+00,-0.00000000E+00,-2.76467658E-33,-1.32074664E-34,1.03930649E+08,4.51879862E+06,1.03946955E-02,4.51950773E-04,-1.03899395E+08,-4.51739925E+06,-5.57895424E-02,-4.71183369E-03,-0.00000000E+00,-0.00000000E+00,3.63998366E-38,1.65749698E-39,-0.00000000E+00,-0.00000000E+00,3.63998366E-38,1.65749698E-39,-5.35997223E+04,-2.39962049E+03,-1.54444406E+02,-7.50769389E+00,2.23332205E+04,9.99841998E+02,2.20000000E+04,1.00000000E+03,7.76992617E+06,1.63109251E+09
2.40000000E+01,1.00000000E+00,2.32000000E-01,1.39977861E+08,1.07006336E+03,1.45998353E+04,-0.00000000E+00,-0.00000000E+00,-2.89675125E-33,-1.32074664E-34,1.08449452E+08,4.51880293E+06,1.08466467E-02,4.51951204E-04,-1.08416799E+08,-4.51740355E+06,-6.05017066E-02,-4.71227701E-03,-0.00000000E+00,-0.00000000E+00,3.80573336E-38,1.65749693E-39,-0.00000000E+00,-0.00000000E+00,3.80573336E-38,1.65749693E-39,-5.59993428E+04,-2.39962048E+03,-1.61952102E+02,-7.50769633E+00,2.33330625E+04,9.99841996E+02,2.30000000E+04,1.00000000E+03,7.76992614E+06,1.63109251E+09
2.50000000E+01,1.00000000E+00,2.32000000E-01,1.39977861E+08,1.07006336E+03,1.52655004E+04,-0.00000000E+00,-0.00000000E+00,-3.02882591E-33,-1.32074663E-34,1.12968259E+08,4.51880721E+06,1.12985984E-02,4.51951634E-04,-1.12934207E+08,-4.51740783E+06,-6.52141359E-02,-4.71248183E-03,-0.00000000E+00,-0.00000000E+00,3.97148305E-38,1.65749688E-39,-0.00000000E+00,-0.00000000E+00,3.97148305E-38,1.65749688E-39,-5.83989632E+04,-2.39962047E+03,-1.69459801E+02,-7.50769877E+00,2.43329045E+04,9.99841993E+02,2.40000000E+04,1.00000000E+03,7.76992612E+06,1.63109251E+09
2.60000000E+01,1.00000000E+00,2.32000000E-01,1.39977860E+08,1.07006335E+03,1.59311654E+04,-0.00000000E+00,-0.00000000E+00,-3.16090057E-33,-1.32074663E-34,1.17487071E+08,4.51881149E+06,1.17505504E-02,4.51952063E-04,-1.17451619E+08,-4.51741210E+06,-6.99266967E-02,-4.71258881E-03,-0.00000000E+00,-0.00000000E+00,4.13723273E-38,1.65749684E-39,-0.00000000E+00,-0.00000000E+00,4.13723273E-38,1.65749684E-39,-6.07985837E+04,-2.39962047E+03,-1.76967502E+02,-7.50770121E+00,2.53327465E+04,9.99841990E+02,2.50000000E+04,1.00000000E+03,7.76992610E+06,1.63109251E+09
2.70000000E+01,1.00000000E+00,2.32000000E-01,1.39977860E+08,1.07006335E+03,1.65968304E+04,-0.00000000E+00,-0.00000000E+00,-3.29297524E-33,-1.32074663E-34,1.22005887E+08,4.51881575E+06,1.22025029E-02,4.51952491E-04,-1.21969035E+08,-4.51741636E+06,-7.46393351E-02,-4.71265662E-03,-0.00000000E+00,-0.00000000E+00,4.30298241E-38,1.65749679E-39,-0.00000000E+00,-0.00000000E+00,4.30298241E-38,1.65749679E-39,-6.31982042E+04,-2.39962046E+03,-1.84475205E+02,-7.50770364E+00,2.63325885E+04,9.99841987E+02,2.60000000E+04,1.00000000E+03,7.76992608E+06,1.63109251E+09
2.80000000E+01,1.00000000E+00,2.32000000E-01,1.39977860E+08,1.07006335E+03,1.72624954E+04,-0.00000000E+00,-0.00000000E+00,-3.42504990E-33,-1.32074662E-34,1.26524707E+08,4.51882000E+06,1.26544558E-02,4.51952918E-04,-1.26486456E+08,-4.51742062E+06,-7.93520299E-02,-4.71270907E-03,-0.00000000E+00,-0.00000000E+00,4.46873209E-38,1.65749674E-39,-0.00000000E+00,-0.00000000E+00,4.46873209E-38,1.65749674E-39,-6.55978246E+04,-2.39962045E+03,-1.91982911E+02,-7.50770607E+00,2.73324304E+04,9.99841985E+02,2.70000000E+04,1.00000000E+03,7.76992606E+06,1.63109251E+09
2.90000000E+01,1.00000000E+00,2.32000000E-01,1.39977859E+08,1.07006335E+03,1.79281604E+04,-0.00000000E+00,-0.00000000E+00,-3.55712456E-33,-1.32074662E-34,1.31043531E+08,4.51882425E+06,1.31064092E-02,4.51953344E-04,-1.31003881E+08,-4.51742487E+06,-8.40647725E-02,-4.71275557E-03,-0.00000000E+00,-0.00000000E+00,4.63448176E-38,1.65749669E-39,-0.00000000E+00,-0.00000000E+00,4.63448176E-38,1.65749669E-39,-6.79974451E+04,-2.39962044E+03,-1.99490619E+02,-7.50770850E+00,2.83322724E+04,9.99841982E+02,2.80000000E+04,1.00000000E+03,7.76992603E+06,1.63109251E+09
3.00000000E+01,1.00000000E+00,2.32000000E-01,1.39977859E+08,1.07006334E+03,1.85938254E+04,-0.00000000E+00,-0.00000000E+00,-3.68919922E-33,-1.32074662E-34,1.35562359E+08,4.51882850E+06,1.35583629E-02,4.51953770E-04,-1.35521310E+08,-4.51742911E+06,-8.87775600E-02,-4.71279975E-03,-0.00000000E+00,-0.00000000E+00,4.80023142E-38,1.65749664E-39,-0.00000000E+00,-0.00000000E+00,4.80023142E-38,1.65749664E-39,-7.03970655E+04,-2.39962044E+03,-2.06998330E+02,-7.50771093E+00,2.93321144E+04,9.99841979E+02,2.90000000E+04,1.00000000E+03,7.76992601E+06,1.63109251E+09
3.10000000E+01,1.00000000E+00,2.32000000E-01,1.39977858E+08,1.07006334E+03,1.92594904E+04,-0.00000000E+00,-0.00000000E+00,-3.82127388E-33,-1.32074661E-34,1.40081192E+08,4.51883274E+06,1.40103171E-02,4.51954195E-04,-1.40038743E+08,-4.51743335E+06,-9.34903909E-02,-4.71284301E-03,-0.00000000E+00,-0.00000000E+00,4.96598108E-38,1.65749660E-39,-0.00000000E+00,-0.00000000E+00,4.96598108E-38,1.65749660E-39,-7.27966859E+04,-2.39962043E+03,-2.14506043E+02,-7.50771336E+00,3.03319564E+04,9.99841976E+02,3.00000000E+04,1.00000000E+03,7.76992599E+06,1.63109251E+09
3.20000000E+01,1.00000000E+00,2.32000000E-01,1.39977858E+08,1.07006334E+03,1.99251554E+04,-0.00000000E+00,-0.00000000E+00,-3.95334854E-33,-1.32074661E-34,1.44600029E+08,4.51883698E+06,1.44622718E-02,4.51954620E-04,-1.44556181E+08,-4.51743759E+06,-9.82032648E-02,-4.71288589E-03,-0.00000000E+00,-0.00000000E+00,5.13173074E-38,1.65749655E-39,-0.00000000E+00,-0.00000000E+00,5.13173074E-38,1.65749655E-39,-7.51963064E+04,-2.39962042E+03,-2.22013758E+02,-7.50771579E+00,3.13317984E+04,9.99841973E+02,3.10000000E+04,1.00000000E+03,7.76992597E+06,1.63109251E+09
3.30000000E+01,1.00000000E+00,2.32000000E-01,1.39977858E+08,1.07006333E+03,2.05908204E+04,-0.00000000E+00,-0.00000000E+00,-4.08542321E-33,-1.32074661E-34,1.49118870E+08,4.51884121E+06,1.49142268E-02,4.51955045E-04,-1.49073622E+08,-4.51744182E+06,-1.02916182E-01,-4.71292858E-03,-0.00000000E+00,-0.00000000E+00,5.29748039E-38,1.65749650E-39,-0.00000000E+00,-0.00000000E+00,5.29748039E-38,1.65749650E-39,-7.75959268E+04,-2.39962042E+03,-2.29521476E+02,-7.50771822E+00,3.23316403E+04,9.99841971E+02,3.20000000E+04,1.00000000E+03,7.76992595E+06,1.63109251E+09
3.40000000E+01,1.00000000E+00,2.32000000E-01,1.39977857E+08,1.07006333E+03,2.12564854E+04,-0.00000000E+00,-0.00000000E+00,-4.21749787E-33,-1.32074660E-34,1.53637716E+08,4.51884544E+06,1.53661823E-02,4.51955469E-04,-1.53591068E+08,-4.51744605E+06,-1.07629141E-01,-4.71297118E-03,-0.00000000E+00,-0.00000000E+00,5.46323004E-38,1.65749645E-39,-0.00000000E+00,-0.00000000E+00,5.46323004E-38,1.65749645E-39,-7.99955472E+04,-2.39962041E+03,-2.37029196E+02,-7.50772065E+00,3.33314823E+04,9.99841968E+02,3.30000000E+04,1.00000000E+03,7.76992593E+06,1.63109251E+09
3.50000000E+01,1.00000000E+00,2.32000000E-01,1.39977857E+08,1.07006333E+03,2.19221504E+04,-0.00000000E+00,-0.00000000E+00,-4.34957253E-33,-1.32074660E-34,1.58156565E+08,4.51884967E+06,1.58181382E-02,4.51955893E-04,-1.58108519E+08,-4.51745028E+06,-1.12342143E-01,-4.71301372E-03,-0.00000000E+00,-0.00000000E+00,5.62897968E-38,1.65749641E-39,-0.00000000E+00,-0.00000000E+00,5.62897968E-38,1.65749641E-39,-8.23951676E+04,-2.39962040E+03,-2.44536919E+02,-7.50772307E+00,3.43313243E+04,9.99841965E+02,3.40000000E+04,1.00000000E+03,7.76992590E+06,1.63109251E+09
3.60000000E+01,1.00000000E+00,2.32000000E-01,1.39977857E+08,1.07006333E+03,2.25878154E+04,-0.00000000E+00,-0.00000000E+00,-4.48164719E-33,-1.32074660E-34,1.62675419E+08,4.51885389E+06,1.62700945E-02,4.51956317E-04,-1.62625973E+08,-4.51745450E+06,-1.17055187E-01,-4.71305622E-03,-0.00000000E+00,-0.00000000E+00,5.79472932E-38,1.65749636E-39,-0.00000000E+00,-0.00000000E+00,5.79472932E-38,1.65749636E-39,-8.47947880E+04,-2.39962040E+03,-2.52044644E+02,-7.50772550E+00,3.53311662E+04,9.99841962E+02,3.50000000E+04,1.00000000E+03,7.76992588E+06,1.63109251E+09
3.70000000E+01,1.00000000E+00,2.32000000E-01,1.39977856E+08,1.07006332E+03,2.32534804E+04,-0.00000000E+00,-0.00000000E+00,-4.61372185E-33,-1.32074659E-34,1.67194277E+08,4.51885811E+06,1.67220512E-02,4.51956740E-04,-1.67143432E+08,-4.51745872E+06,-1.21768274E-01,-4.71309905E-03,-0.00000000E+00,-0.00000000E+00,5.96047895E-38,1.65749632E-39,-0.00000000E+00,-0.00000000E+00,5.96047895E-38,1.65749632E-39,-8.71944084E+04,-2.39962039E+03,-2.59552372E+02,-7.50772791E+00,3.63310082E+04,9.99841959E+02,3.60000000E+04,1.00000000E+03,7.76992586E+06,1.63109251E+09
3.80000000E+01,1.00000000E+00,2.32000000E-01,1.39977856E+08,1.07006332E+03,2.39191454E+04,-0.00000000E+00,-0.00000000E+00,-4.74579650E-33,-1.32074659E-34,1.71713140E+08,4.51886233E+06,1.71740084E-02,4.51957164E-04,-1.71660895E+08,-4.51746294E+06,-1.26481404E-01,-4.71314182E-03,-0.00000000E+00,-0.00000000E+00,6.12622858E-38,1.65749627E-39,-0.00000000E+00,-0.00000000E+00,6.12622858E-38,1.65749627E-39,-8.95940288E+04,-2.39962038E+03,-2.67060102E+02,-7.50773033E+00,3.73308501E+04,9.99841957E+02,3.70000000E+04,1.00000000E+03,7.76992584E+06,1.63109251E+09
3.90000000E+01,1.00000000E+00,2.32000000E-01,1.39977855E+08,1.07006332E+03,2.45848104E+04,-0.00000000E+00,-0.00000000E+00,-4.87787116E-33,-1.32074659E-34,1.76232006E+08,4.51886655E+06,1.76259660E-02,4.51957586E-04,-1.76178362E+08,-4.51746716E+06,-1.31194577E-01,-4.71318452E-03,-0.00000000E+00,-0.00000000E+00,6.29197820E-38,1.65749623E-39,-0.00000000E+00,-0.00000000E+00,6.29197820E-38,1.65749623E-39,-9.19936491E+04,-2.39962038E+03,-2.74567834E+02,-7.50773275E+00,3.83306921E+04,9.99841954E+02,3.80000000E+04,1.00000000E+03,7.76992582E+06,1.63109251E+09
4.00000000E+01,1.00000000E+00,2.32000000E-01,1.39977855E+08,1.07006332E+03,2.52504754E+04,-0.00000000E+00,-0.00000000E+00,-5.00994582E-33,-1.32074658E-34,1.80750877E+08,4.51887076E+06,1.80779240E-02,4.51958009E-04,-1.80695833E+08,-4.51747137E+06,-1.35907792E-01,-4.71322716E-03,-0.00000000E+00,-0.00000000E+00,6.45772782E-38,1.65749618E-39,-0.00000000E+00,-0.00000000E+00,6.45772782E-38,1.65749618E-39,-9.43932695E+04,-2.39962037E+03,-2.82075569E+02,-7.50773518E+00,3.93305340E+04,9.99841951E+02,3.90000000E+04,1.00000000E+03,7.76992580E+06,1.63109251E+09
4.10000000E+01,1.00000000E+00,2.32000000E-01,1.39977855E+08,1.07006331E+03,2.59161403E+04,-0.00000000E+00,-0.00000000E+00,-5.14202048E-33,-1.32074658E-34,1.85269752E+08,4.51887497E+06,1.85298824E-02,4.51958431E-04,-1.85213309E+08,-4.51747558E+06,-1.40621050E-01,-4.71326974E-03,-0.00000000E+00,-0.00000000E+00,6.62347744E-38,1.65749614E-39,-0.00000000E+00,-0.00000000E+00,6.62347744E-38,1.65749614E-39,-9.67928899E+04,-2.39962036E+03,-2.89583306E+02,-7.50773760E+00,4.03303760E+04,9.99841948E+02,4.00000000E+04,1.00000000E+03,7.76992577E+06,1.63109251E+09
4.20000000E+01,1.00000000E+00,2.32000000E-01,1.39977854E+08,1.07006331E+03,2.65818053E+04,-0.00000000E+00,-0.00000000E+00,-5.27409514E-33,-1.32074658E-34,1.89788631E+08,4.51887918E+06,1.89818413E-02,4.51958853E-04,-1.89730789E+08,-4.51747978E+06,-1.45334351E-01,-4.71331226E-03,-0.00000000E+00,-0.00000000E+00,6.78922705E-38,1.65749609E-39,-0.00000000E+00,-0.00000000E+00,6.78922705E-38,1.65749609E-39,-9.91925102E+04,-2.39962036E+03,-2.97091046E+02,-7.50774002E+00,4.13302179E+04,9.99841946E+02,4.10000000E+04,1.00000000E+03,7.76992575E+06,1.63109251E+09
4.30000000E+01,1.00000000E+00,2.32000000E-01,1.39977854E+08,1.07006331E+03,2.72474703E+04,-0.00000000E+00,-0.00000000E+00,-5.40616980E-33,-1.32074657E-34,1.94307515E+08,4.51888338E+06,1.94338005E-02,4.51959275E-04,-1.94248273E+08,-4.51748399E+06,-1.50047694E-01,-4.71335473E-03,-0.00000000E+00,-0.00000000E+00,6.95497665E-38,1.65749605E-39,-0.00000000E+00,-0.00000000E+00,6.95497665E-38,1.65749605E-39,-1.01592131E+05,-2.39962035E+03,-3.04598788E+02,-7.50774244E+00,4.23300599E+04,9.99841943E+02,4.20000000E+04,1.00000000E+03,7.76992573E+06,1.63109251E+09
4.40000000E+01,1.00000000E+00,2.32000000E-01,1.39977853E+08,1.07006331E+03,2.79131353E+04,-0.00000000E+00,-0.00000000E+00,-5.53824445E-33,-1.32074657E-34,1.98826402E+08,4.51888758E+06,1.98857602E-02,4.51959696E-04,-1.98765761E+08,-4.51748819E+06,-1.54761079E-01,-4.71339716E-03,-0.00000000E+00,-0.00000000E+00,7.12072625E-38,1.65749600E-39,-0.00000000E+00,-0.00000000E+00,7.12072625E-38,1.65749600E-39,-1.03991751E+05,-2.39962034E+03,-3.12106533E+02,-7.50774486E+00,4.33299018E+04,9.99841940E+02,4.30000000E+04,1.00000000E+03,7.76992571E+06,1.63109251E+09
4.50000000E+01,1.00000000E+00,2.32000000E-01,1.39977853E+08,1.07006330E+03,2.85788003E+04,-0.00000000E+00,-0.00000000E+00,-5.67031911E-33,-1.32074657E-34,2.03345294E+08,4.51889178E+06,2.03377204E-02,4.51960117E-04,-2.03283253E+08,-4.51749239E+06,-1.59474507E-01,-4.71343955E-03,-0.00000000E+00,-0.00000000E+00,7.28647585E-38,1.65749596E-39,-0.00000000E+00,-0.00000000E+00,7.28647585E-38,1.65749596E-39,-1.06391371E+05,-2.39962034E+03,-3.19614280E+02,-7.50774728E+00,4.43297438E+04,9.99841937E+02,4.40000000E+04,1.00000000E+03,7.76992569E+06,1.63109251E+09
4.60000000E+01,1.00000000E+00,2.32000000E-01,1.39977853E+08,1.07006330E+03,2.92444652E+04,-0.00000000E+00,-0.00000000E+00,-5.80239377E-33,-1.32074656E-34,2.07864190E+08,4.51889597E+06,2.07896809E-02,4.51960538E-04,-2.07800750E+08,-4.51749658E+06,-1.64187977E-01,-4.71348192E-03,-0.00000000E+00,-0.00000000E+00,7.45222544E-38,1.65749592E-39,-0.00000000E+00,-0.00000000E+00,7.45222544E-38,1.65749592E-39,-1.08790992E+05,-2.39962033E+03,-3.27122029E+02,-7.50774970E+00,4.53295857E+04,9.99841934E+02,4.50000000E+04,1.00000000E+03,7.76992567E+06,1.63109251E+09
4.70000000E+01,1.00000000E+00,2.32000000E-01,1.39977852E+08,1.07006330E+03,2.99101302E+04,-0.00000000E+00,-0.00000000E+00,-5.93446842E-33,-1.32074656E-34,2.12383090E+08,4.51890017E+06,2.12416419E-02,4.51960959E-04,-2.12318251E+08,-4.51750077E+06,-1.68901490E-01,-4.71352426E-03,-0.00000000E+00,-0.00000000E+00,7.61797503E-38,1.65749587E-39,-0.00000000E+00,-0.00000000E+00,7.61797503E-38,1.65749587E-39,-1.11190612E+05,-2.39962032E+03,-3.34629781E+02,-7.50775212E+00,4.63294276E+04,9.99841932E+02,4.60000000E+04,1.00000000E+03,7.76992565E+06,1.63109251E+09
4.80000000E+01,1.00000000E+00,2.32000000E-01,1.39977852E+08,1.07006329E+03,3.05757952E+04,-0.00000000E+00,-0.00000000E+00,-6.06654308E-33,-1.32074656E-34,2.16901994E+08,4.51890436E+06,2.16936032E-02,4.51961379E-04,-2.16835756E+08,-4.51750496E+06,-1.73615045E-01,-4.71356659E-03,-0.00000000E+00,-0.00000000E+00,7.78372462E-38,1.65749583E-39,-0.00000000E+00,-0.00000000E+00,7.78372462E-38,1.65749583E-39,-1.13590232E+05,-2.39962032E+03,-3.42137535E+02,-7.50775453E+00,4.73292696E+04,9.99841929E+02,4.70000000E+04,1.00000000E+03,7.76992562E+06,1.63109251E+09
4.90000000E+01,1.00000000E+00,2.32000000E-01,1.39977852E+08,1.07006329E+03,3.12414602E+04,-0.00000000E+00,-0.00000000E+00,-6.19861773E-33,-1.32074655E-34,2.21420903E+08,4.51890854E+06,2.21455650E-02,4.51961799E-04,-2.21353265E+08,-4.51750915E+06,-1.78328642E-01,-4.71360890E-03,-0.00000000E+00,-0.00000000E+00,7.94947420E-38,1.65749579E-39,-0.00000000E+00,-0.00000000E+00,7.94947420E-38,1.65749579E-39,-1.15989853E+05,-2.39962031E+03,-3.49645291E+02,-7.50775695E+00,4.83291115E+04,9.99841926E+02,4.80000000E+04,1.00000000E+03,7.76992560E+06,1.63109251E+09
5.00000000E+01,1.00000000E+00,2.32000000E-01,1.39977851E+08,1.07006329E+03,3.19071251E+04,-0.00000000E+00,-0.00000000E+00,-6.33069239E-33,-1.32074655E-34,2.25939816E+08,4.51891273E+06,2.25975273E-02,4.51962219E-04,-2.25870778E+08,-4.51751333E+06,-1.83042281E-01,-4.71365119E-03,-0.00000000E+00,-0.00000000E+00,8.11522377E-38,1.65749575E-39,-0.00000000E+00,-0.00000000E+00,8.11522377E-38,1.65749575E-39,-1.18389473E+05,-2.39962030E+03,-3.57153051E+02,-7.50775937E+00,4.93289534E+04,9.99841923E+02,4.90000000E+04,1.00000000E+03,7.76992558E+06,1.63109251E+09
