Time [d],dt_flow [d],dt_tran [d],Global Water Mass in Liquid Phas [kg],Global Vaq [mol],Global Vim [mol],Top Water Mass [kg],Top Water Mass [kg/d],Top Vaq [mol],Top Vaq [mol/d],Right Water Mass [kg],Right Water Mass [kg/d],Right Vaq [mol],Right Vaq [mol/d],Left Water Mass [kg],Left Water Mass [kg/d],Left Vaq [mol],Left Vaq [mol/d],North Water Mass [kg],North Water Mass [kg/d],North Vaq [mol],North Vaq [mol/d],South Water Mass [kg],South Water Mass [kg/d],South Vaq [mol],South Vaq [mol/d],ExtractWell Water Mass [kg],ExtractWell Water Mass [kg/d],ExtractWell Vaq [mol],ExtractWell Vaq [mol/d],InjectWell Water Mass [kg],InjectWell Water Mass [kg/d],InjectWell Vaq [mol],InjectWell Vaq [mol/d],Region Region__all Water Mass [kg],Region Region__all Total Mass [kg]
1.00000000E+00,4.89000000E-01,9.00000000E-03,1.39977761E+08,5.69630873E-03,5.64545123E-03,-0.00000000E+00,-0.00000000E+00,6.15807284E-40,1.02491275E-39,1.50628008E+06,1.50639303E+06,1.50651878E-04,1.50663175E-04,-1.50580880E+06,-1.50567784E+06,-9.67597913E-05,-6.08565005E-05,-0.00000000E+00,-0.00000000E+00,6.11982866E-40,1.01854823E-39,-0.00000000E+00,-0.00000000E+00,6.11982866E-40,1.01854823E-39,-8.08069219E+02,-1.22620519E+03,-4.49589579E-08,-4.95615008E-08,3.36695522E+02,5.10918850E+02,3.36749000E-08,5.11000000E-08,7.76992059E+06,1.63109144E+09
2.00000000E+00,4.88000000E-01,8.00000000E-03,1.39977761E+08,6.46033164E+02,2.37374049E+02,-0.00000000E+00,-0.00000000E+00,-4.70945618E-35,-7.97372226E-35,3.01299001E+06,1.50671002E+06,3.01346749E-04,1.50694879E-04,-3.01111905E+06,-1.50531032E+06,-1.36068527E-04,-2.43826343E-05,-0.00000000E+00,-0.00000000E+00,1.87283238E-39,1.42821901E-39,-0.00000000E+00,-0.00000000E+00,1.87283238E-39,1.42821901E-39,-3.20768798E+03,-2.39961876E+03,-6.29473516E-02,-2.27919750E-01,1.33653672E+03,9.99841193E+02,1.00000000E+03,1.00000000E+03,7.76992058E+06,1.63109209E+09
3.00000000E+00,1.00000000E+00,8.00000000E-03,1.39977761E+08,9.03017925E+02,7.35275678E+02,-0.00000000E+00,-0.00000000E+00,-1.45882839E-34,-1.11456484E-34,4.51970034E+06,1.50671032E+06,4.52041658E-04,1.50694909E-04,-4.51642968E+06,-1.50531063E+06,-1.51730432E-04,-9.85615962E-06,-0.00000000E+00,-0.00000000E+00,3.39813347E-39,1.58970664E-39,-0.00000000E+00,-0.00000000E+00,3.39813347E-39,1.58970664E-39,-5.60730674E+03,-2.39961876E+03,-7.20824175E-01,-1.10148305E+00,2.33637791E+03,9.99841192E+02,2.00000000E+03,1.00000000E+03,7.76992058E+06,1.63109235E+09
4.00000000E+00,1.00000000E+00,4.00000000E-02,1.39977761E+08,1.00629405E+03,1.33565217E+03,-0.00000000E+00,-0.00000000E+00,-2.65003430E-34,-1.24203709E-34,6.02641096E+06,1.50671062E+06,6.02736597E-04,1.50694939E-04,-6.02174061E+06,-1.50531093E+06,-1.58060511E-04,-3.98498825E-06,-0.00000000E+00,-0.00000000E+00,5.02668056E-39,1.65428746E-39,-0.00000000E+00,-0.00000000E+00,5.02668056E-39,1.65428746E-39,-8.00692550E+03,-2.39961876E+03,-2.30017919E+00,-1.96345084E+00,3.33621910E+03,9.99841192E+02,3.00000000E+03,1.00000000E+03,7.76992057E+06,1.63109245E+09
5.00000000E+00,1.00000000E+00,4.00000000E-02,1.39977761E+08,1.04762652E+03,1.97711464E+03,-0.00000000E+00,-0.00000000E+00,-3.92276003E-34,-1.29305317E-34,7.53312188E+06,1.50671092E+06,7.53431566E-04,1.50694969E-04,-7.52705183E+06,-1.50531123E+06,-1.60619853E-04,-1.61118853E-06,-0.00000000E+00,-0.00000000E+00,6.69650487E-39,1.68012052E-39,-0.00000000E+00,-0.00000000E+00,6.69650487E-39,1.68012052E-39,-1.04065443E+04,-2.39961876E+03,-4.56511553E+00,-2.48210332E+00,4.33606029E+03,9.99841191E+02,4.00000000E+03,1.00000000E+03,7.76992057E+06,1.63109249E+09
6.00000000E+00,1.00000000E+00,7.20000000E-02,1.39977761E+08,1.06410648E+03,2.63500276E+03,-0.00000000E+00,-0.00000000E+00,-5.22807632E-34,-1.31339414E-34,9.03983309E+06,1.50671122E+06,9.04126565E-04,1.50694999E-04,-9.03236335E+06,-1.50531152E+06,-1.61653908E-04,-6.52099285E-07,-0.00000000E+00,-0.00000000E+00,8.38284744E-39,1.69044557E-39,-0.00000000E+00,-0.00000000E+00,8.38284745E-39,1.69044557E-39,-1.28061630E+04,-2.39961875E+03,-7.19240401E+00,-2.72515104E+00,5.33590148E+03,9.99841190E+02,5.00000000E+03,1.00000000E+03,7.76992057E+06,1.63109251E+09
7.00000000E+00,1.00000000E+00,4.00000000E-02,1.39977761E+08,1.07059639E+03,3.29948475E+03,-0.00000000E+00,-0.00000000E+00,-6.54647569E-34,-1.32140455E-34,1.05465446E+07,1.50671151E+06,1.05482159E-03,1.50695028E-04,-1.05376752E+07,-1.50531181E+06,-1.62067008E-04,-2.68947061E-07,-0.00000000E+00,-0.00000000E+00,1.00758412E-38,1.69452534E-39,-0.00000000E+00,-0.00000000E+00,1.00758412E-38,1.69452534E-39,-1.52057818E+04,-2.39961875E+03,-9.97844653E+00,-2.82201699E+00,6.33574267E+03,9.99841190E+02,6.00000000E+03,1.00000000E+03,7.76992056E+06,1.63109251E+09
8.00000000E+00,1.00000000E+00,4.00000000E-02,1.39977761E+08,1.07323824E+03,3.96650809E+03,-0.00000000E+00,-0.00000000E+00,-7.86991742E-34,-1.32466535E-34,1.20532564E+07,1.50671180E+06,1.20551665E-03,1.50695057E-04,-1.20429873E+07,-1.50531210E+06,-1.62237385E-04,-1.10923406E-07,-0.00000000E+00,-0.00000000E+00,1.17714065E-38,1.69619026E-39,-0.00000000E+00,-0.00000000E+00,1.17714065E-38,1.69619026E-39,-1.76054005E+04,-2.39961875E+03,-1.28234774E+01,-2.85829411E+00,7.33558386E+03,9.99841189E+02,7.00000000E+03,1.00000000E+03,7.76992056E+06,1.63109252E+09
9.00000000E+00,1.00000000E+00,4.00000000E-02,1.39977761E+08,1.07431526E+03,4.63456662E+03,-0.00000000E+00,-0.00000000E+00,-9.19541308E-34,-1.32599469E-34,1.35599685E+07,1.50671208E+06,1.35621173E-03,1.50695085E-04,-1.35482996E+07,-1.50531238E+06,-1.62307656E-04,-4.57527533E-08,-0.00000000E+00,-0.00000000E+00,1.34680211E-38,1.69686962E-39,-0.00000000E+00,-0.00000000E+00,1.34680211E-38,1.69686962E-39,-2.00050193E+04,-2.39961875E+03,-1.56899066E+01,-2.87103207E+00,8.33542505E+03,9.99841188E+02,8.00000000E+03,1.00000000E+03,7.76992055E+06,1.63109252E+09
1.00000000E+01,1.00000000E+00,4.00000000E-02,1.39977760E+08,1.07475064E+03,5.30305054E+03,-0.00000000E+00,-0.00000000E+00,-1.05217528E-33,-1.32653209E-34,1.50666808E+07,1.50671236E+06,1.50690685E-03,1.50695114E-04,-1.50536123E+07,-1.50531266E+06,-1.62336352E-04,-1.91615384E-08,-0.00000000E+00,-0.00000000E+00,1.51650669E-38,1.69714394E-39,-0.00000000E+00,-0.00000000E+00,1.51650669E-38,1.69714394E-39,-2.24046380E+04,-2.39961875E+03,-1.85637127E+01,-2.87524446E+00,9.33526624E+03,9.99841188E+02,9.00000000E+03,1.00000000E+03,7.76992055E+06,1.63109252E+09
1.10000000E+01,1.00000000E+00,1.04000000E-01,1.39977760E+08,1.07492930E+03,5.97170506E+03,-0.00000000E+00,-0.00000000E+00,-1.18484310E-33,-1.32675260E-34,1.65733935E+07,1.50671264E+06,1.65760199E-03,1.50695142E-04,-1.65589252E+07,-1.50531294E+06,-1.62348250E-04,-8.20012397E-09,-0.00000000E+00,-0.00000000E+00,1.68622852E-38,1.69725616E-39,-0.00000000E+00,-0.00000000E+00,1.68622852E-38,1.69725616E-39,-2.48042568E+04,-2.39961875E+03,-2.14398895E+01,-2.87661418E+00,1.03351074E+04,9.99841187E+02,1.00000000E+04,1.00000000E+03,7.76992054E+06,1.63109252E+09
1.20000000E+01,1.00000000E+00,2.32000000E-01,1.39977760E+08,1.07500434E+03,6.64042858E+03,-0.00000000E+00,-0.00000000E+00,-1.31752461E-33,-1.32684522E-34,1.80801064E+07,1.50671292E+06,1.80829716E-03,1.50695169E-04,-1.80642385E+07,-1.50531322E+06,-1.62353363E-04,-3.63667937E-09,-0.00000000E+00,-0.00000000E+00,1.85595730E-38,1.69730307E-39,-0.00000000E+00,-0.00000000E+00,1.85595730E-38,1.69730307E-39,-2.72038755E+04,-2.39961875E+03,-2.43168144E+01,-2.87706202E+00,1.13349486E+04,9.99841187E+02,1.10000000E+04,1.00000000E+03,7.76992054E+06,1.63109252E+09
1.30000000E+01,1.00000000E+00,2.32000000E-01,1.39977760E+08,1.07503642E+03,7.30918074E+03,-0.00000000E+00,-0.00000000E+00,-1.45021180E-33,-1.32688482E-34,1.95868196E+07,1.50671319E+06,1.95899236E-03,1.50695197E-04,-1.95695520E+07,-1.50531349E+06,-1.62355738E-04,-1.78872427E-09,-0.00000000E+00,-0.00000000E+00,2.02568896E-38,1.69732301E-39,-0.00000000E+00,-0.00000000E+00,2.02568896E-38,1.69732301E-39,-2.96034942E+04,-2.39961874E+03,-2.71939787E+01,-2.87720916E+00,1.23347898E+04,9.99841186E+02,1.20000000E+04,1.00000000E+03,7.76992054E+06,1.63109252E+09
1.40000000E+01,1.00000000E+00,2.32000000E-01,1.39977760E+08,1.07505015E+03,7.97794517E+03,-0.00000000E+00,-0.00000000E+00,-1.58290143E-33,-1.32690177E-34,2.10935331E+07,1.50671346E+06,2.10968758E-03,1.50695224E-04,-2.10748657E+07,-1.50531376E+06,-1.62357079E-04,-1.15649485E-09,-0.00000000E+00,-0.00000000E+00,2.19542183E-38,1.69733148E-39,-0.00000000E+00,-0.00000000E+00,2.19542183E-38,1.69733148E-39,-3.20031130E+04,-2.39961874E+03,-3.00712212E+01,-2.87725702E+00,1.33346310E+04,9.99841186E+02,1.30000000E+04,1.00000000E+03,7.76992053E+06,1.63109252E+09
1.50000000E+01,1.00000000E+00,2.32000000E-01,1.39977760E+08,1.07505582E+03,8.64671498E+03,-0.00000000E+00,-0.00000000E+00,-1.71559212E-33,-1.32690876E-34,2.26002468E+07,1.50671373E+06,2.26038283E-03,1.50695250E-04,-2.25801797E+07,-1.50531402E+06,-1.62358207E-04,-1.14340375E-09,-0.00000000E+00,-0.00000000E+00,2.36515524E-38,1.69733494E-39,-0.00000000E+00,-0.00000000E+00,2.36515524E-38,1.69733494E-39,-3.44027317E+04,-2.39961874E+03,-3.29484896E+01,-2.87727202E+00,1.43344722E+04,9.99841185E+02,1.40000000E+04,1.00000000E+03,7.76992053E+06,1.63109252E+09
1.60000000E+01,1.00000000E+00,2.32000000E-01,1.39977760E+08,1.07505836E+03,9.31548688E+03,-0.00000000E+00,-0.00000000E+00,-1.84828323E-33,-1.32691190E-34,2.41069608E+07,1.50671399E+06,2.41107811E-03,1.50695277E-04,-2.40854940E+07,-1.50531429E+06,-1.62359449E-04,-1.30694649E-09,-0.00000000E+00,-0.00000000E+00,2.53488885E-38,1.69733649E-39,-0.00000000E+00,-0.00000000E+00,2.53488885E-38,1.69733649E-39,-3.68023505E+04,-2.39961874E+03,-3.58257659E+01,-2.87727758E+00,1.53343134E+04,9.99841184E+02,1.50000000E+04,1.00000000E+03,7.76992052E+06,1.63109252E+09
1.70000000E+01,1.00000000E+00,2.32000000E-01,1.39977760E+08,1.07505951E+03,9.98425972E+03,-0.00000000E+00,-0.00000000E+00,-1.98097453E-33,-1.32691332E-34,2.56136750E+07,1.50671425E+06,2.56177341E-03,1.50695303E-04,-2.55908086E+07,-1.50531455E+06,-1.62361009E-04,-1.67743456E-09,-0.00000000E+00,-0.00000000E+00,2.70462255E-38,1.69733718E-39,-0.00000000E+00,-0.00000000E+00,2.70462255E-38,1.69733718E-39,-3.92019692E+04,-2.39961874E+03,-3.87030452E+01,-2.87727991E+00,1.63341545E+04,9.99841184E+02,1.60000000E+04,1.00000000E+03,7.76992052E+06,1.63109252E+09
1.80000000E+01,1.00000000E+00,2.32000000E-01,1.39977760E+08,1.07506003E+03,1.06530330E+04,-0.00000000E+00,-0.00000000E+00,-2.11366591E-33,-1.32691395E-34,2.71203895E+07,1.50671451E+06,2.71246874E-03,1.50695329E-04,-2.70961234E+07,-1.50531480E+06,-1.62362903E-04,-2.00006908E-09,-0.00000000E+00,-0.00000000E+00,2.87435629E-38,1.69733748E-39,-0.00000000E+00,-0.00000000E+00,2.87435629E-38,1.69733748E-39,-4.16015879E+04,-2.39961874E+03,-4.15803260E+01,-2.87728112E+00,1.73339957E+04,9.99841183E+02,1.70000000E+04,1.00000000E+03,7.76992051E+06,1.63109252E+09
1.90000000E+01,1.00000000E+00,2.32000000E-01,1.39977760E+08,1.07506026E+03,1.13218064E+04,-0.00000000E+00,-0.00000000E+00,-2.24635732E-33,-1.32691425E-34,2.86271043E+07,1.50671476E+06,2.86316409E-03,1.50695354E-04,-2.86014384E+07,-1.50531505E+06,-1.62365202E-04,-2.42462261E-09,-0.00000000E+00,-0.00000000E+00,3.04409004E-38,1.69733762E-39,-0.00000000E+00,-0.00000000E+00,3.04409004E-38,1.69733762E-39,-4.40012067E+04,-2.39961874E+03,-4.44576078E+01,-2.87728197E+00,1.83338369E+04,9.99841183E+02,1.80000000E+04,1.00000000E+03,7.76992051E+06,1.63109252E+09
2.00000000E+01,1.00000000E+00,1.00000000E+00,1.39977760E+08,1.07506035E+03,1.19905800E+04,-0.00000000E+00,-0.00000000E+00,-2.37904876E-33,-1.32691435E-34,3.01338193E+07,1.50671501E+06,3.01385947E-03,1.50695379E-04,-3.01067537E+07,-1.50531530E+06,-1.62365209E-04,-6.60810614E-12,-0.00000000E+00,-0.00000000E+00,3.21382381E-38,1.69733767E-39,-0.00000000E+00,-0.00000000E+00,3.21382381E-38,1.69733767E-39,-4.64008254E+04,-2.39961873E+03,-4.73348903E+01,-2.87728258E+00,1.93336781E+04,9.99841182E+02,1.90000000E+04,1.00000000E+03,7.76992051E+06,1.63109252E+09
2.10000000E+01,1.00000000E+00,1.00000000E+00,1.39977760E+08,1.07506040E+03,1.26593535E+04,-0.00000000E+00,-0.00000000E+00,-2.51174020E-33,-1.32691442E-34,3.16405346E+07,1.50671526E+06,3.16455488E-03,1.50695404E-04,-3.16120693E+07,-1.50531555E+06,-1.62365213E-04,-3.48641675E-12,-0.00000000E+00,-0.00000000E+00,3.38355758E-38,1.69733769E-39,-0.00000000E+00,-0.00000000E+00,3.38355758E-38,1.69733769E-39,-4.88004441E+04,-2.39961873E+03,-5.02121735E+01,-2.87728319E+00,2.03335193E+04,9.99841182E+02,2.00000000E+04,1.00000000E+03,7.76992050E+06,1.63109252E+09
2.20000000E+01,1.00000000E+00,1.00000000E+00,1.39977760E+08,1.07506042E+03,1.33281271E+04,-0.00000000E+00,-0.00000000E+00,-2.64443165E-33,-1.32691444E-34,3.31472501E+07,1.50671550E+06,3.31525030E-03,1.50695428E-04,-3.31173851E+07,-1.50531580E+06,-1.62365214E-04,-1.67628286E-12,-0.00000000E+00,-0.00000000E+00,3.55329135E-38,1.69733770E-39,-0.00000000E+00,-0.00000000E+00,3.55329135E-38,1.69733770E-39,-5.12000629E+04,-2.39961873E+03,-5.30894573E+01,-2.87728381E+00,2.13333604E+04,9.99841181E+02,2.10000000E+04,1.00000000E+03,7.76992050E+06,1.63109252E+09
2.30000000E+01,1.00000000E+00,1.00000000E+00,1.39977760E+08,1.07506043E+03,1.39969007E+04,-0.00000000E+00,-0.00000000E+00,-2.77712309E-33,-1.32691445E-34,3.46539658E+07,1.50671575E+06,3.46594576E-03,1.50695453E-04,-3.46227011E+07,-1.50531604E+06,-1.62365215E-04,-1.11649126E-12,-0.00000000E+00,-0.00000000E+00,3.72302512E-38,1.69733771E-39,-0.00000000E+00,-0.00000000E+00,3.72302512E-38,1.69733771E-39,-5.35996816E+04,-2.39961873E+03,-5.59667418E+01,-2.87728444E+00,2.23332016E+04,9.99841181E+02,2.20000000E+04,1.00000000E+03,7.76992050E+06,1.63109252E+09
2.40000000E+01,1.00000000E+00,1.00000000E+00,1.39977759E+08,1.07506044E+03,1.46656743E+04,-0.00000000E+00,-0.00000000E+00,-2.90981454E-33,-1.32691446E-34,3.61606818E+07,1.50671598E+06,3.61664123E-03,1.50695477E-04,-3.61280174E+07,-1.50531627E+06,-1.62365216E-04,-6.86307303E-13,-0.00000000E+00,-0.00000000E+00,3.89275889E-38,1.69733771E-39,-0.00000000E+00,-0.00000000E+00,3.89275889E-38,1.69733771E-39,-5.59993003E+04,-2.39961873E+03,-5.88440268E+01,-2.87728506E+00,2.33330428E+04,9.99841181E+02,2.30000000E+04,1.00000000E+03,7.76992049E+06,1.63109252E+09
2.50000000E+01,1.00000000E+00,1.00000000E+00,1.39977759E+08,1.07506044E+03,1.53344479E+04,-0.00000000E+00,-0.00000000E+00,-3.04250598E-33,-1.32691447E-34,3.76673980E+07,1.50671622E+06,3.76733673E-03,1.50695500E-04,-3.76333339E+07,-1.50531651E+06,-1.62365216E-04,-3.22777596E-13,-0.00000000E+00,-0.00000000E+00,4.06249266E-38,1.69733771E-39,-0.00000000E+00,-0.00000000E+00,4.06249266E-38,1.69733771E-39,-5.83989191E+04,-2.39961873E+03,-6.17213125E+01,-2.87728569E+00,2.43328840E+04,9.99841180E+02,2.40000000E+04,1.00000000E+03,7.76992049E+06,1.63109252E+09
2.60000000E+01,1.00000000E+00,1.00000000E+00,1.39977759E+08,1.07506044E+03,1.60032215E+04,-0.00000000E+00,-0.00000000E+00,-3.17519743E-33,-1.32691447E-34,3.91741145E+07,1.50671645E+06,3.91803226E-03,1.50695523E-04,-3.91386506E+07,-1.50531674E+06,-1.62365217E-04,-1.61804279E-13,-0.00000000E+00,-0.00000000E+00,4.23222643E-38,1.69733771E-39,-0.00000000E+00,-0.00000000E+00,4.23222643E-38,1.69733771E-39,-6.07985378E+04,-2.39961873E+03,-6.45985988E+01,-2.87728630E+00,2.53327252E+04,9.99841180E+02,2.50000000E+04,1.00000000E+03,7.76992048E+06,1.63109252E+09
2.70000000E+01,1.00000000E+00,1.00000000E+00,1.39977759E+08,1.07506044E+03,1.66719951E+04,-0.00000000E+00,-0.00000000E+00,-3.30788888E-33,-1.32691447E-34,4.06808311E+07,1.50671668E+06,4.06872780E-03,1.50695546E-04,-4.06439676E+07,-1.50531696E+06,-1.62365529E-04,-3.12751289E-10,-0.00000000E+00,-0.00000000E+00,4.40196020E-38,1.69733771E-39,-0.00000000E+00,-0.00000000E+00,4.40196020E-38,1.69733771E-39,-6.31981565E+04,-2.39961873E+03,-6.74758857E+01,-2.87728690E+00,2.63325663E+04,9.99841179E+02,2.60000000E+04,1.00000000E+03,7.76992048E+06,1.63109252E+09
2.80000000E+01,1.00000000E+00,1.00000000E+00,1.39977759E+08,1.07506045E+03,1.73407687E+04,-0.00000000E+00,-0.00000000E+00,-3.44058032E-33,-1.32691447E-34,4.21875481E+07,1.50671690E+06,4.21942337E-03,1.50695569E-04,-4.21492848E+07,-1.50531719E+06,-1.62365942E-04,-4.12279235E-10,-0.00000000E+00,-0.00000000E+00,4.57169397E-38,1.69733770E-39,-0.00000000E+00,-0.00000000E+00,4.57169397E-38,1.69733770E-39,-6.55977752E+04,-2.39961873E+03,-7.03531732E+01,-2.87728743E+00,2.73324075E+04,9.99841179E+02,2.70000000E+04,1.00000000E+03,7.76992048E+06,1.63109252E+09
2.90000000E+01,1.00000000E+00,1.00000000E+00,1.39977759E+08,1.07506044E+03,1.80095423E+04,-0.00000000E+00,-0.00000000E+00,-3.57327177E-33,-1.32691447E-34,4.36942652E+07,1.50671713E+06,4.37011896E-03,1.50695591E-04,-4.36546022E+07,-1.50531741E+06,-1.62372110E-04,-6.16836358E-09,-0.00000000E+00,-0.00000000E+00,4.74142774E-38,1.69733770E-39,-0.00000000E+00,-0.00000000E+00,4.74142774E-38,1.69733770E-39,-6.79973940E+04,-2.39961872E+03,-7.32304612E+01,-2.87728805E+00,2.83322487E+04,9.99841179E+02,2.80000000E+04,1.00000000E+03,7.76992047E+06,1.63109252E+09
3.00000000E+01,1.00000000E+00,1.00000000E+00,1.39977759E+08,1.07506044E+03,1.86783159E+04,-0.00000000E+00,-0.00000000E+00,-3.70596322E-33,-1.32691447E-34,4.52009825E+07,1.50671734E+06,4.52081457E-03,1.50695613E-04,-4.51599198E+07,-1.50531763E+06,-1.62384936E-04,-1.28259720E-08,-0.00000000E+00,-0.00000000E+00,4.91116151E-38,1.69733770E-39,-0.00000000E+00,-0.00000000E+00,4.91116151E-38,1.69733770E-39,-7.03970127E+04,-2.39961872E+03,-7.61077498E+01,-2.87728858E+00,2.93320899E+04,9.99841178E+02,2.90000000E+04,1.00000000E+03,7.76992047E+06,1.63109252E+09
3.10000000E+01,1.00000000E+00,1.00000000E+00,1.39977759E+08,1.07506044E+03,1.93470895E+04,-0.00000000E+00,-0.00000000E+00,-3.83865466E-33,-1.32691447E-34,4.67077001E+07,1.50671756E+06,4.67151021E-03,1.50695634E-04,-4.66652377E+07,-1.50531784E+06,-1.62397447E-04,-1.25107236E-08,-0.00000000E+00,-0.00000000E+00,5.08089528E-38,1.69733769E-39,-0.00000000E+00,-0.00000000E+00,5.08089528E-38,1.69733769E-39,-7.27966314E+04,-2.39961872E+03,-7.89850390E+01,-2.87728918E+00,3.03319311E+04,9.99841178E+02,3.00000000E+04,1.00000000E+03,7.76992047E+06,1.63109252E+09
3.20000000E+01,1.00000000E+00,1.00000000E+00,1.39977759E+08,1.07506044E+03,2.00158631E+04,-0.00000000E+00,-0.00000000E+00,-3.97134611E-33,-1.32691447E-34,4.82144179E+07,1.50671777E+06,4.82220586E-03,1.50695656E-04,-4.81705557E+07,-1.50531805E+06,-1.62414045E-04,-1.65985467E-08,-0.00000000E+00,-0.00000000E+00,5.25062905E-38,1.69733769E-39,-0.00000000E+00,-0.00000000E+00,5.25062905E-38,1.69733769E-39,-7.51962501E+04,-2.39961872E+03,-8.18623287E+01,-2.87728970E+00,3.13317722E+04,9.99841178E+02,3.10000000E+04,1.00000000E+03,7.76992046E+06,1.63109252E+09
3.30000000E+01,1.00000000E+00,1.00000000E+00,1.39977759E+08,1.07506044E+03,2.06846367E+04,-0.00000000E+00,-0.00000000E+00,-4.10403756E-33,-1.32691447E-34,4.97211358E+07,1.50671798E+06,4.97290154E-03,1.50695677E-04,-4.96758740E+07,-1.50531826E+06,-1.62422484E-04,-8.43861735E-09,-0.00000000E+00,-0.00000000E+00,5.42036282E-38,1.69733769E-39,-0.00000000E+00,-0.00000000E+00,5.42036282E-38,1.69733769E-39,-7.75958689E+04,-2.39961872E+03,-8.47396189E+01,-2.87729024E+00,3.23316134E+04,9.99841177E+02,3.20000000E+04,1.00000000E+03,7.76992046E+06,1.63109252E+09
3.40000000E+01,1.00000000E+00,1.00000000E+00,1.39977759E+08,1.07506044E+03,2.13534103E+04,-0.00000000E+00,-0.00000000E+00,-4.23672900E-33,-1.32691447E-34,5.12278540E+07,1.50671819E+06,5.12359724E-03,1.50695697E-04,-5.11811924E+07,-1.50531847E+06,-1.62426869E-04,-4.38481898E-09,-0.00000000E+00,-0.00000000E+00,5.59009659E-38,1.69733768E-39,-0.00000000E+00,-0.00000000E+00,5.59009659E-38,1.69733768E-39,-7.99954876E+04,-2.39961872E+03,-8.76169097E+01,-2.87729077E+00,3.33314546E+04,9.99841177E+02,3.30000000E+04,1.00000000E+03,7.76992046E+06,1.63109252E+09
3.50000000E+01,1.00000000E+00,1.00000000E+00,1.39977759E+08,1.07506044E+03,2.20221839E+04,-0.00000000E+00,-0.00000000E+00,-4.36942045E-33,-1.32691447E-34,5.27345724E+07,1.50671839E+06,5.27429296E-03,1.50695718E-04,-5.26865111E+07,-1.50531867E+06,-1.62429068E-04,-2.19910538E-09,-0.00000000E+00,-0.00000000E+00,5.75983036E-38,1.69733768E-39,-0.00000000E+00,-0.00000000E+00,5.75983036E-38,1.69733768E-39,-8.23951063E+04,-2.39961872E+03,-9.04942010E+01,-2.87729130E+00,3.43312958E+04,9.99841177E+02,3.40000000E+04,1.00000000E+03,7.76992045E+06,1.63109252E+09
3.60000000E+01,1.00000000E+00,1.00000000E+00,1.39977759E+08,1.07506044E+03,2.26909575E+04,-0.00000000E+00,-0.00000000E+00,-4.50211190E-33,-1.32691446E-34,5.42412910E+07,1.50671859E+06,5.42498869E-03,1.50695738E-04,-5.41918300E+07,-1.50531887E+06,-1.62430156E-04,-1.08849834E-09,-0.00000000E+00,-0.00000000E+00,5.92956412E-38,1.69733768E-39,-0.00000000E+00,-0.00000000E+00,5.92956412E-38,1.69733768E-39,-8.47947250E+04,-2.39961872E+03,-9.33714928E+01,-2.87729183E+00,3.53311369E+04,9.99841176E+02,3.50000000E+04,1.00000000E+03,7.76992045E+06,1.63109252E+09
3.70000000E+01,1.00000000E+00,1.00000000E+00,1.39977759E+08,1.07506044E+03,2.33597311E+04,-0.00000000E+00,-0.00000000E+00,-4.63480334E-33,-1.32691446E-34,5.57480098E+07,1.50671879E+06,5.57568445E-03,1.50695757E-04,-5.56971490E+07,-1.50531906E+06,-1.62430964E-04,-8.08237502E-10,-0.00000000E+00,-0.00000000E+00,6.09929789E-38,1.69733768E-39,-0.00000000E+00,-0.00000000E+00,6.09929789E-38,1.69733768E-39,-8.71943437E+04,-2.39961872E+03,-9.62487852E+01,-2.87729235E+00,3.63309781E+04,9.99841176E+02,3.60000000E+04,1.00000000E+03,7.76992045E+06,1.63109252E+09
3.80000000E+01,1.00000000E+00,1.00000000E+00,1.39977759E+08,1.07506044E+03,2.40285047E+04,-0.00000000E+00,-0.00000000E+00,-4.76749479E-33,-1.32691446E-34,5.72547288E+07,1.50671898E+06,5.72638023E-03,1.50695777E-04,-5.72024683E+07,-1.50531926E+06,-1.62433486E-04,-2.52205435E-09,-0.00000000E+00,-0.00000000E+00,6.26903166E-38,1.69733768E-39,-0.00000000E+00,-0.00000000E+00,6.26903166E-38,1.69733768E-39,-8.95939625E+04,-2.39961872E+03,-9.91260780E+01,-2.87729286E+00,3.73308193E+04,9.99841176E+02,3.70000000E+04,1.00000000E+03,7.76992045E+06,1.63109252E+09
3.90000000E+01,1.00000000E+00,1.00000000E+00,1.39977759E+08,1.07506044E+03,2.46972783E+04,-0.00000000E+00,-0.00000000E+00,-4.90018624E-33,-1.32691446E-34,5.87614479E+07,1.50671917E+06,5.87707602E-03,1.50695796E-04,-5.87077877E+07,-1.50531945E+06,-1.62437628E-04,-4.14152788E-09,-0.00000000E+00,-0.00000000E+00,6.43876543E-38,1.69733767E-39,-0.00000000E+00,-0.00000000E+00,6.43876543E-38,1.69733767E-39,-9.19935812E+04,-2.39961872E+03,-1.02003371E+02,-2.87729337E+00,3.83306605E+04,9.99841175E+02,3.80000000E+04,1.00000000E+03,7.76992044E+06,1.63109252E+09
4.00000000E+01,1.00000000E+00,1.00000000E+00,1.39977758E+08,1.07506044E+03,2.53660519E+04,-0.00000000E+00,-0.00000000E+00,-5.03287768E-33,-1.32691446E-34,6.02681673E+07,1.50671936E+06,6.02777184E-03,1.50695815E-04,-6.02131074E+07,-1.50531963E+06,-1.62440806E-04,-3.17747914E-09,-0.00000000E+00,-0.00000000E+00,6.60849919E-38,1.69733767E-39,-0.00000000E+00,-0.00000000E+00,6.60849919E-38,1.69733767E-39,-9.43931999E+04,-2.39961872E+03,-1.04880665E+02,-2.87729387E+00,3.93305016E+04,9.99841175E+02,3.90000000E+04,1.00000000E+03,7.76992044E+06,1.63109252E+09
4.10000000E+01,1.00000000E+00,1.00000000E+00,1.39977758E+08,1.07506044E+03,2.60348255E+04,-0.00000000E+00,-0.00000000E+00,-5.16556913E-33,-1.32691446E-34,6.17748868E+07,1.50671954E+06,6.17846767E-03,1.50695833E-04,-6.17184272E+07,-1.50531982E+06,-1.62444461E-04,-3.65567564E-09,-0.00000000E+00,-0.00000000E+00,6.77823296E-38,1.69733767E-39,-0.00000000E+00,-0.00000000E+00,6.77823296E-38,1.69733767E-39,-9.67928186E+04,-2.39961871E+03,-1.07757960E+02,-2.87729436E+00,4.03303428E+04,9.99841175E+02,4.00000000E+04,1.00000000E+03,7.76992044E+06,1.63109252E+09
4.20000000E+01,1.00000000E+00,1.00000000E+00,1.39977758E+08,1.07506044E+03,2.67035991E+04,-0.00000000E+00,-0.00000000E+00,-5.29826058E-33,-1.32691446E-34,6.32816066E+07,1.50671973E+06,6.32916352E-03,1.50695852E-04,-6.32237472E+07,-1.50532000E+06,-1.62447436E-04,-2.97460365E-09,-0.00000000E+00,-0.00000000E+00,6.94796673E-38,1.69733767E-39,-0.00000000E+00,-0.00000000E+00,6.94796673E-38,1.69733767E-39,-9.91924373E+04,-2.39961871E+03,-1.10635254E+02,-2.87729484E+00,4.13301840E+04,9.99841175E+02,4.10000000E+04,1.00000000E+03,7.76992043E+06,1.63109252E+09
4.30000000E+01,1.00000000E+00,1.00000000E+00,1.39977758E+08,1.07506044E+03,2.73723727E+04,-0.00000000E+00,-0.00000000E+00,-5.43095202E-33,-1.32691446E-34,6.47883265E+07,1.50671991E+06,6.47985939E-03,1.50695870E-04,-6.47290674E+07,-1.50532018E+06,-1.62450424E-04,-2.98809461E-09,-0.00000000E+00,-0.00000000E+00,7.11770049E-38,1.69733767E-39,-0.00000000E+00,-0.00000000E+00,7.11770049E-38,1.69733767E-39,-1.01592056E+05,-2.39961871E+03,-1.13512550E+02,-2.87729532E+00,4.23300252E+04,9.99841174E+02,4.20000000E+04,1.00000000E+03,7.76992043E+06,1.63109252E+09
4.40000000E+01,1.00000000E+00,1.00000000E+00,1.39977758E+08,1.07506044E+03,2.80411463E+04,-0.00000000E+00,-0.00000000E+00,-5.56364347E-33,-1.32691446E-34,6.62950466E+07,1.50672009E+06,6.63055528E-03,1.50695888E-04,-6.62343877E+07,-1.50532036E+06,-1.62453263E-04,-2.83959440E-09,-0.00000000E+00,-0.00000000E+00,7.28743426E-38,1.69733766E-39,-0.00000000E+00,-0.00000000E+00,7.28743426E-38,1.69733766E-39,-1.03991675E+05,-2.39961871E+03,-1.16389846E+02,-2.87729580E+00,4.33298663E+04,9.99841174E+02,4.30000000E+04,1.00000000E+03,7.76992043E+06,1.63109252E+09
4.50000000E+01,1.00000000E+00,1.00000000E+00,1.39977758E+08,1.07506044E+03,2.87099199E+04,-0.00000000E+00,-0.00000000E+00,-5.69633491E-33,-1.32691446E-34,6.78017668E+07,1.50672026E+06,6.78125119E-03,1.50695906E-04,-6.77397083E+07,-1.50532054E+06,-1.62468171E-04,-1.49077995E-08,-0.00000000E+00,-0.00000000E+00,7.45716803E-38,1.69733766E-39,-0.00000000E+00,-0.00000000E+00,7.45716803E-38,1.69733766E-39,-1.06391293E+05,-2.39961871E+03,-1.19267142E+02,-2.87729633E+00,4.43297075E+04,9.99841174E+02,4.40000000E+04,1.00000000E+03,7.76992043E+06,1.63109252E+09
4.60000000E+01,1.00000000E+00,1.00000000E+00,1.39977758E+08,1.07506044E+03,2.93786935E+04,-0.00000000E+00,-0.00000000E+00,-5.82902636E-33,-1.32691446E-34,6.93084873E+07,1.50672044E+06,6.93194711E-03,1.50695923E-04,-6.92450290E+07,-1.50532071E+06,-1.62480749E-04,-1.25777263E-08,-0.00000000E+00,-0.00000000E+00,7.62690179E-38,1.69733766E-39,-0.00000000E+00,-0.00000000E+00,7.62690179E-38,1.69733766E-39,-1.08790912E+05,-2.39961871E+03,-1.22144439E+02,-2.87729681E+00,4.53295487E+04,9.99841173E+02,4.50000000E+04,1.00000000E+03,7.76992042E+06,1.63109252E+09
4.70000000E+01,1.00000000E+00,1.00000000E+00,1.39977758E+08,1.07506044E+03,3.00474671E+04,-0.00000000E+00,-0.00000000E+00,-5.96171780E-33,-1.32691446E-34,7.08152079E+07,1.50672061E+06,7.08264305E-03,1.50695940E-04,-7.07503499E+07,-1.50532088E+06,-1.62486822E-04,-6.07301189E-09,-0.00000000E+00,-0.00000000E+00,7.79663556E-38,1.69733766E-39,-0.00000000E+00,-0.00000000E+00,7.79663556E-38,1.69733766E-39,-1.11190531E+05,-2.39961871E+03,-1.25021736E+02,-2.87729728E+00,4.63293899E+04,9.99841173E+02,4.60000000E+04,1.00000000E+03,7.76992042E+06,1.63109252E+09
4.80000000E+01,1.00000000E+00,1.00000000E+00,1.39977758E+08,1.07506043E+03,3.07162407E+04,-0.00000000E+00,-0.00000000E+00,-6.09440925E-33,-1.32691446E-34,7.23219287E+07,1.50672078E+06,7.23333901E-03,1.50695957E-04,-7.22556709E+07,-1.50532105E+06,-1.62490084E-04,-3.26234061E-09,-0.00000000E+00,-0.00000000E+00,7.96636933E-38,1.69733766E-39,-0.00000000E+00,-0.00000000E+00,7.96636933E-38,1.69733766E-39,-1.13590150E+05,-2.39961871E+03,-1.27899034E+02,-2.87729774E+00,4.73292310E+04,9.99841173E+02,4.70000000E+04,1.00000000E+03,7.76992042E+06,1.63109252E+09
4.90000000E+01,1.00000000E+00,1.00000000E+00,1.39977758E+08,1.07506043E+03,3.13850143E+04,-0.00000000E+00,-0.00000000E+00,-6.22710070E-33,-1.32691446E-34,7.38286496E+07,1.50672095E+06,7.38403498E-03,1.50695974E-04,-7.37609921E+07,-1.50532122E+06,-1.62509361E-04,-1.92770197E-08,-0.00000000E+00,-0.00000000E+00,8.13610309E-38,1.69733766E-39,-0.00000000E+00,-0.00000000E+00,8.13610309E-38,1.69733766E-39,-1.15989768E+05,-2.39961871E+03,-1.30776332E+02,-2.87729818E+00,4.83290722E+04,9.99841172E+02,4.80000000E+04,1.00000000E+03,7.76992042E+06,1.63109252E+09
5.00000000E+01,1.00000000E+00,1.00000000E+00,1.39977758E+08,1.07506043E+03,3.20537879E+04,-0.00000000E+00,-0.00000000E+00,-6.35979214E-33,-1.32691446E-34,7.53353707E+07,1.50672112E+06,7.53473097E-03,1.50695991E-04,-7.52663135E+07,-1.50532139E+06,-1.62523434E-04,-1.40722962E-08,-0.00000000E+00,-0.00000000E+00,8.30583686E-38,1.69733765E-39,-0.00000000E+00,-0.00000000E+00,8.30583686E-38,1.69733765E-39,-1.18389387E+05,-2.39961871E+03,-1.33653630E+02,-2.87729854E+00,4.93289134E+04,9.99841172E+02,4.90000000E+04,1.00000000E+03,7.76992041E+06,1.63109252E+09
