Time [d],dt_flow [d],dt_tran [d],Global Water Mass in Liquid Phas [kg],Global Vaq [mol],Global Vim [mol],Top Water Mass [kg],Top Water Mass [kg/d],Top Vaq [mol],Top Vaq [mol/d],Right Water Mass [kg],Right Water Mass [kg/d],Right Vaq [mol],Right Vaq [mol/d],Left Water Mass [kg],Left Water Mass [kg/d],Left Vaq [mol],Left Vaq [mol/d],North Water Mass [kg],North Water Mass [kg/d],North Vaq [mol],North Vaq [mol/d],South Water Mass [kg],South Water Mass [kg/d],South Vaq [mol],South Vaq [mol/d],ExtractWell Water Mass [kg],ExtractWell Water Mass [kg/d],ExtractWell Vaq [mol],ExtractWell Vaq [mol/d],InjectWell Water Mass [kg],InjectWell Water Mass [kg/d],InjectWell Vaq [mol],InjectWell Vaq [mol/d],Region Region__all Water Mass [kg],Region Region__all Total Mass [kg]
1.00000000E+00,4.89000000E-01,9.00000000E-03,1.39977957E+08,5.83164592E-03,5.68109872E-03,-0.00000000E+00,-0.00000000E+00,6.08734370E-40,1.00820827E-39,6.77726762E+06,6.77738974E+06,6.77832253E-04,6.77844468E-04,-6.77679797E+06,-6.77667615E+06,-4.35453546E-04,-2.73899715E-04,-0.00000000E+00,-0.00000000E+00,6.04953883E-40,1.00194751E-39,-0.00000000E+00,-0.00000000E+00,6.04953883E-40,1.00194751E-39,-8.08070350E+02,-1.22620690E+03,-4.49632257E-08,-4.95800248E-08,3.36696043E+02,5.10919639E+02,3.36749000E-08,5.11000000E-08,7.76993146E+06,1.63109144E+09
2.00000000E+00,4.88000000E-01,8.00000000E-03,1.39977955E+08,6.45825695E+02,2.36582270E+02,-0.00000000E+00,-0.00000000E+00,-4.69374626E-35,-7.97116149E-35,1.35549940E+07,6.77773286E+06,1.35571039E-03,6.77878790E-04,-1.35531262E+07,-6.77633470E+06,-6.12653378E-04,-1.09532139E-04,-0.00000000E+00,-0.00000000E+00,1.83706446E-39,1.39052245E-39,-0.00000000E+00,-0.00000000E+00,1.83706446E-39,1.39052245E-39,-3.20769244E+03,-2.39962209E+03,-1.45151489E+00,-4.06981517E+00,1.33653877E+03,9.99842726E+02,1.00000000E+03,1.00000000E+03,7.76993137E+06,1.63109209E+09
3.00000000E+00,1.00000000E+00,5.60000000E-02,1.39977954E+08,9.00175705E+02,7.32495844E+02,-0.00000000E+00,-0.00000000E+00,-1.45331285E-34,-1.11105673E-34,2.03327517E+07,6.77775776E+06,2.03359167E-03,6.77881284E-04,-2.03294857E+07,-6.77635952E+06,-6.83280118E-04,-4.40755275E-05,-0.00000000E+00,-0.00000000E+00,3.31553409E-39,1.53752207E-39,-0.00000000E+00,-0.00000000E+00,3.31553409E-39,1.53752207E-39,-5.60731450E+03,-2.39962206E+03,-7.70874916E+00,-7.49761061E+00,2.33638149E+03,9.99842714E+02,2.00000000E+03,1.00000000E+03,7.76993128E+06,1.63109234E+09
4.00000000E+00,1.00000000E+00,4.00000000E-02,1.39977952E+08,1.00112633E+03,1.33021525E+03,-0.00000000E+00,-0.00000000E+00,-2.63924678E-34,-1.23565865E-34,2.71105331E+07,6.77778141E+06,2.71147533E-03,6.77883654E-04,-2.71058688E+07,-6.77638309E+06,-7.15165910E-04,-3.32460687E-05,-0.00000000E+00,-0.00000000E+00,4.88678348E-39,1.59327311E-39,-0.00000000E+00,-0.00000000E+00,4.88678348E-39,1.59327311E-39,-8.00693653E+03,-2.39962203E+03,-1.55757340E+01,-8.02638288E+00,3.33622419E+03,9.99842703E+02,3.00000000E+03,1.00000000E+03,7.76993120E+06,1.63109244E+09
5.00000000E+00,1.00000000E+00,4.00000000E-02,1.39977951E+08,1.04183663E+03,1.96820754E+03,-0.00000000E+00,-0.00000000E+00,-3.90508721E-34,-1.28590679E-34,3.38883369E+07,6.77780380E+06,3.38936122E-03,6.77885898E-04,-3.38822742E+07,-6.77640541E+06,-8.93535627E-04,-4.98289211E-04,-0.00000000E+00,-0.00000000E+00,6.49294787E-39,1.61457333E-39,-0.00000000E+00,-0.00000000E+00,6.49294787E-39,1.61457333E-39,-1.04065585E+04,-2.39962200E+03,-2.36371535E+01,-8.07510728E+00,4.33606688E+03,9.99842693E+02,4.00000000E+03,1.00000000E+03,7.76993112E+06,1.63109248E+09
6.00000000E+00,1.00000000E+00,4.00000000E-02,1.39977950E+08,1.05828637E+03,2.62245934E+03,-0.00000000E+00,-0.00000000E+00,-5.20318857E-34,-1.30621047E-34,4.06661619E+07,6.77782496E+06,4.06724924E-03,6.77888019E-04,-4.06587007E+07,-6.77642649E+06,-2.92986798E-03,-4.42588262E-03,-0.00000000E+00,-0.00000000E+00,8.11243201E-39,1.62268358E-39,-0.00000000E+00,-0.00000000E+00,8.11243201E-39,1.62268358E-39,-1.28061805E+04,-2.39962198E+03,-3.17147991E+01,-8.07858159E+00,5.33590957E+03,9.99842685E+02,5.00000000E+03,1.00000000E+03,7.76993105E+06,1.63109250E+09
7.00000000E+00,1.00000000E+00,7.20000000E-02,1.39977948E+08,1.06487160E+03,3.28332055E+03,-0.00000000E+00,-0.00000000E+00,-6.51440387E-34,-1.31433852E-34,4.74440068E+07,6.77784494E+06,4.74513926E-03,6.77890021E-04,-4.74351471E+07,-6.77644640E+06,-1.39254317E-02,-1.84942159E-02,-0.00000000E+00,-0.00000000E+00,9.73700733E-39,1.62573161E-39,-0.00000000E+00,-0.00000000E+00,9.73700733E-39,1.62573161E-39,-1.52058025E+04,-2.39962196E+03,-3.97935399E+01,-8.07879271E+00,6.33575224E+03,9.99842677E+02,6.00000000E+03,1.00000000E+03,7.76993098E+06,1.63109251E+09
8.00000000E+00,1.00000000E+00,4.00000000E-02,1.39977947E+08,1.06754167E+03,3.94679329E+03,-0.00000000E+00,-0.00000000E+00,-7.83080074E-34,-1.31763416E-34,5.42218706E+07,6.77786382E+06,5.42303118E-03,6.77891913E-04,-5.42116123E+07,-6.77646520E+06,-4.63102264E-02,-4.52306908E-02,-0.00000000E+00,-0.00000000E+00,1.13634702E-38,1.62689405E-39,-0.00000000E+00,-0.00000000E+00,1.13634702E-38,1.62689405E-39,-1.76054244E+04,-2.39962194E+03,-4.78723444E+01,-8.07880583E+00,7.33559491E+03,9.99842670E+02,7.00000000E+03,1.00000000E+03,7.76993092E+06,1.63109251E+09
9.00000000E+00,1.00000000E+00,4.00000000E-02,1.39977946E+08,1.06862321E+03,4.61131085E+03,-0.00000000E+00,-0.00000000E+00,-9.14927070E-34,-1.31896908E-34,6.09997523E+07,6.77788171E+06,6.10092488E-03,6.77893707E-04,-6.09880953E+07,-6.77648304E+06,-1.09403833E-01,-7.76526014E-02,-0.00000000E+00,-0.00000000E+00,1.29906456E-38,1.62734100E-39,-0.00000000E+00,-0.00000000E+00,1.29906456E-38,1.62734100E-39,-2.00050463E+04,-2.39962193E+03,-5.59511526E+01,-8.07880660E+00,8.33543758E+03,9.99842663E+02,8.00000000E+03,1.00000000E+03,7.76993086E+06,1.63109251E+09
1.00000000E+01,1.00000000E+00,4.00000000E-02,1.39977945E+08,1.06904995E+03,5.27624692E+03,-0.00000000E+00,-0.00000000E+00,-1.04685710E-33,-1.31949580E-34,6.77776511E+07,6.77789876E+06,6.77882030E-03,6.77895416E-04,-6.77645953E+07,-6.77650003E+06,-2.03336321E-01,-1.05981514E-01,-0.00000000E+00,-0.00000000E+00,1.46180943E-38,1.62751187E-39,-0.00000000E+00,-0.00000000E+00,1.46180943E-38,1.62751187E-39,-2.24046683E+04,-2.39962191E+03,-6.40299610E+01,-8.07880659E+00,9.33528023E+03,9.99842656E+02,9.00000000E+03,1.00000000E+03,7.76993080E+06,1.63109251E+09
1.10000000E+01,1.00000000E+00,1.04000000E-01,1.39977944E+08,1.06920770E+03,5.94134729E+03,-0.00000000E+00,-0.00000000E+00,-1.17881973E-33,-1.31969051E-34,7.45555662E+07,6.77791511E+06,7.45671736E-03,6.77897056E-04,-7.45411117E+07,-6.77651634E+06,-3.21278348E-01,-1.24815995E-01,-0.00000000E+00,-0.00000000E+00,1.62456485E-38,1.62757523E-39,-0.00000000E+00,-0.00000000E+00,1.62456485E-38,1.62757523E-39,-2.48042901E+04,-2.39962189E+03,-7.21087689E+01,-8.07880658E+00,1.03351229E+04,9.99842650E+02,1.00000000E+04,1.00000000E+03,7.76993074E+06,1.63109251E+09
1.20000000E+01,1.00000000E+00,2.32000000E-01,1.39977943E+08,1.06926621E+03,6.60650498E+03,-0.00000000E+00,-0.00000000E+00,-1.31079374E-33,-1.31976272E-34,8.13334971E+07,6.77793091E+06,8.13461600E-03,6.77898641E-04,-8.13176438E+07,-6.77653211E+06,-4.52999015E-01,-1.35270756E-01,-0.00000000E+00,-0.00000000E+00,1.78732404E-38,1.62759976E-39,-0.00000000E+00,-0.00000000E+00,1.78732404E-38,1.62759976E-39,-2.72039120E+04,-2.39962188E+03,-8.01875769E+01,-8.07880674E+00,1.13349655E+04,9.99842644E+02,1.10000000E+04,1.00000000E+03,7.76993069E+06,1.63109251E+09
1.30000000E+01,1.00000000E+00,2.32000000E-01,1.39977942E+08,1.06928725E+03,7.27168313E+03,-0.00000000E+00,-0.00000000E+00,-1.44277180E-33,-1.31978870E-34,8.81114434E+07,6.77794629E+06,8.81251618E-03,6.77900184E-04,-8.80941912E+07,-6.77654746E+06,-5.91671837E-01,-1.40347914E-01,-0.00000000E+00,-0.00000000E+00,1.95008467E-38,1.62760929E-39,-0.00000000E+00,-0.00000000E+00,1.95008467E-38,1.62760929E-39,-2.96035339E+04,-2.39962186E+03,-8.82663851E+01,-8.07880687E+00,1.23348082E+04,9.99842637E+02,1.20000000E+04,1.00000000E+03,7.76993063E+06,1.63109251E+09
1.40000000E+01,1.00000000E+00,3.60000000E-01,1.39977941E+08,1.06929433E+03,7.93686851E+03,-0.00000000E+00,-0.00000000E+00,-1.57475130E-33,-1.31979744E-34,9.48894048E+07,6.77796136E+06,9.49041788E-03,6.77901695E-04,-9.48707537E+07,-6.77656251E+06,-7.33542127E-01,-1.42511614E-01,-0.00000000E+00,-0.00000000E+00,2.11284585E-38,1.62761284E-39,-0.00000000E+00,-0.00000000E+00,2.11284585E-38,1.62761284E-39,-3.20031557E+04,-2.39962185E+03,-9.63451931E+01,-8.07880697E+00,1.33346508E+04,9.99842631E+02,1.30000000E+04,1.00000000E+03,7.76993058E+06,1.63109251E+09
1.50000000E+01,1.00000000E+00,1.25211281E-01,1.39977940E+08,1.06929670E+03,8.60205620E+03,-0.00000000E+00,-0.00000000E+00,-1.70673125E-33,-1.31980037E-34,1.01667381E+08,6.77797622E+06,1.01683211E-02,6.77903185E-04,-1.01647331E+08,-6.77657735E+06,-8.76673510E-01,-1.43379069E-01,-0.00000000E+00,-0.00000000E+00,2.27560722E-38,1.62761413E-39,-0.00000000E+00,-0.00000000E+00,2.27560722E-38,1.62761413E-39,-3.44027776E+04,-2.39962183E+03,-1.04424001E+02,-8.07880719E+00,1.43344934E+04,9.99842625E+02,1.40000000E+04,1.00000000E+03,7.76993053E+06,1.63109251E+09
1.60000000E+01,1.00000000E+00,1.25213942E-01,1.39977939E+08,1.06929747E+03,9.26724464E+03,-0.00000000E+00,-0.00000000E+00,-1.83871136E-33,-1.31980131E-34,1.08445372E+08,6.77799092E+06,1.08462257E-02,6.77904660E-04,-1.08423923E+08,-6.77659204E+06,-1.02028780E+00,-1.43706075E-01,-0.00000000E+00,-0.00000000E+00,2.43836866E-38,1.62761453E-39,-0.00000000E+00,-0.00000000E+00,2.43836866E-38,1.62761453E-39,-3.68023994E+04,-2.39962182E+03,-1.12502810E+02,-8.07880736E+00,1.53343360E+04,9.99842618E+02,1.50000000E+04,1.00000000E+03,7.76993048E+06,1.63109251E+09
1.70000000E+01,1.00000000E+00,3.00172208E-01,1.39977938E+08,1.06929771E+03,9.93243332E+03,-0.00000000E+00,-0.00000000E+00,-1.97069151E-33,-1.31980160E-34,1.15223377E+08,6.77800551E+06,1.15241318E-02,6.77906124E-04,-1.15200530E+08,-6.77660663E+06,-1.16407916E+00,-1.43820690E-01,-0.00000000E+00,-0.00000000E+00,2.60113012E-38,1.62761458E-39,-0.00000000E+00,-0.00000000E+00,2.60113012E-38,1.62761458E-39,-3.92020212E+04,-2.39962180E+03,-1.20581618E+02,-8.07880749E+00,1.63341786E+04,9.99842612E+02,1.60000000E+04,1.00000000E+03,7.76993043E+06,1.63109251E+09
1.80000000E+01,1.00000000E+00,3.00173709E-01,1.39977938E+08,1.06929778E+03,1.05976221E+04,-0.00000000E+00,-0.00000000E+00,-2.10267168E-33,-1.31980169E-34,1.22001397E+08,6.77802004E+06,1.22020394E-02,6.77907581E-04,-1.21977151E+08,-6.77662115E+06,-1.30793017E+00,-1.43861316E-01,-0.00000000E+00,-0.00000000E+00,2.76389157E-38,1.62761449E-39,-0.00000000E+00,-0.00000000E+00,2.76389157E-38,1.62761449E-39,-4.16016430E+04,-2.39962179E+03,-1.28660427E+02,-8.07880773E+00,1.73340213E+04,9.99842606E+02,1.70000000E+04,1.00000000E+03,7.76993038E+06,1.63109251E+09
1.90000000E+01,1.00000000E+00,3.00175204E-01,1.39977937E+08,1.06929779E+03,1.12628108E+04,-0.00000000E+00,-0.00000000E+00,-2.23465185E-33,-1.31980171E-34,1.28779432E+08,6.77803451E+06,1.28799485E-02,6.77909033E-04,-1.28753787E+08,-6.77663562E+06,-1.45180253E+00,-1.43876117E-01,-0.00000000E+00,-0.00000000E+00,2.92665301E-38,1.62761435E-39,-0.00000000E+00,-0.00000000E+00,2.92665301E-38,1.62761435E-39,-4.40012648E+04,-2.39962177E+03,-1.36739236E+02,-8.07880794E+00,1.83338639E+04,9.99842599E+02,1.80000000E+04,1.00000000E+03,7.76993033E+06,1.63109251E+09
2.00000000E+01,1.00000000E+00,3.00176696E-01,1.39977936E+08,1.06929780E+03,1.19279996E+04,-0.00000000E+00,-0.00000000E+00,-2.36663202E-33,-1.31980172E-34,1.35557481E+08,6.77804896E+06,1.35578589E-02,6.77910482E-04,-1.35530437E+08,-6.77665007E+06,-1.59568326E+00,-1.43882324E-01,-0.00000000E+00,-0.00000000E+00,3.08941444E-38,1.62761419E-39,-0.00000000E+00,-0.00000000E+00,3.08941444E-38,1.62761419E-39,-4.64008865E+04,-2.39962176E+03,-1.44818045E+02,-8.07880813E+00,1.93337064E+04,9.99842593E+02,1.90000000E+04,1.00000000E+03,7.76993028E+06,1.63109251E+09
2.10000000E+01,1.00000000E+00,3.00178186E-01,1.39977935E+08,1.06929780E+03,1.25931884E+04,-0.00000000E+00,-0.00000000E+00,-2.49861219E-33,-1.31980172E-34,1.42335544E+08,6.77806338E+06,1.42357709E-02,6.77911929E-04,-1.42307101E+08,-6.77666449E+06,-1.73956813E+00,-1.43885787E-01,-0.00000000E+00,-0.00000000E+00,3.25217584E-38,1.62761403E-39,-0.00000000E+00,-0.00000000E+00,3.25217584E-38,1.62761403E-39,-4.88005083E+04,-2.39962174E+03,-1.52896854E+02,-8.07880832E+00,2.03335490E+04,9.99842587E+02,2.00000000E+04,1.00000000E+03,7.76993023E+06,1.63109251E+09
2.20000000E+01,1.00000000E+00,3.00179674E-01,1.39977934E+08,1.06929780E+03,1.32583772E+04,-0.00000000E+00,-0.00000000E+00,-2.63059236E-33,-1.31980171E-34,1.49113622E+08,6.77807778E+06,1.49136842E-02,6.77913373E-04,-1.49083780E+08,-6.77667889E+06,-1.88345583E+00,-1.43888406E-01,-0.00000000E+00,-0.00000000E+00,3.41493723E-38,1.62761386E-39,-0.00000000E+00,-0.00000000E+00,3.41493723E-38,1.62761386E-39,-5.12001300E+04,-2.39962173E+03,-1.60975664E+02,-8.07880852E+00,2.13333916E+04,9.99842580E+02,2.10000000E+04,1.00000000E+03,7.76993018E+06,1.63109251E+09
2.30000000E+01,1.00000000E+00,3.00181161E-01,1.39977933E+08,1.06929779E+03,1.39235659E+04,-0.00000000E+00,-0.00000000E+00,-2.76257254E-33,-1.31980171E-34,1.55891714E+08,6.77809217E+06,1.55915991E-02,6.77914817E-04,-1.55860473E+08,-6.77669328E+06,-2.02734595E+00,-1.43890771E-01,-0.00000000E+00,-0.00000000E+00,3.57769861E-38,1.62761369E-39,-0.00000000E+00,-0.00000000E+00,3.57769861E-38,1.62761369E-39,-5.35997517E+04,-2.39962171E+03,-1.69054473E+02,-8.07880871E+00,2.23332342E+04,9.99842574E+02,2.20000000E+04,1.00000000E+03,7.76993014E+06,1.63109251E+09
2.40000000E+01,1.00000000E+00,3.00182648E-01,1.39977932E+08,1.06929779E+03,1.45887547E+04,-0.00000000E+00,-0.00000000E+00,-2.89455271E-33,-1.31980171E-34,1.62669821E+08,6.77810655E+06,1.62695153E-02,6.77916259E-04,-1.62637181E+08,-6.77670765E+06,-2.17123839E+00,-1.43893063E-01,-0.00000000E+00,-0.00000000E+00,3.74045996E-38,1.62761353E-39,-0.00000000E+00,-0.00000000E+00,3.74045996E-38,1.62761353E-39,-5.59993734E+04,-2.39962170E+03,-1.77133283E+02,-8.07880891E+00,2.33330768E+04,9.99842568E+02,2.30000000E+04,1.00000000E+03,7.76993009E+06,1.63109251E+09
2.50000000E+01,1.00000000E+00,3.00184134E-01,1.39977931E+08,1.06929779E+03,1.52539435E+04,-0.00000000E+00,-0.00000000E+00,-3.02653288E-33,-1.31980170E-34,1.69447942E+08,6.77812091E+06,1.69474330E-02,6.77917700E-04,-1.69413903E+08,-6.77672202E+06,-2.31513310E+00,-1.43895333E-01,-0.00000000E+00,-0.00000000E+00,3.90322131E-38,1.62761336E-39,-0.00000000E+00,-0.00000000E+00,3.90322131E-38,1.62761336E-39,-5.83989951E+04,-2.39962168E+03,-1.85212093E+02,-8.07880911E+00,2.43329193E+04,9.99842561E+02,2.40000000E+04,1.00000000E+03,7.76993004E+06,1.63109251E+09
2.60000000E+01,1.00000000E+00,3.00185619E-01,1.39977931E+08,1.06929778E+03,1.59191322E+04,-0.00000000E+00,-0.00000000E+00,-3.15851305E-33,-1.31980170E-34,1.76226077E+08,6.77813527E+06,1.76253522E-02,6.77919140E-04,-1.76190639E+08,-6.77673637E+06,-2.45903007E+00,-1.43897597E-01,-0.00000000E+00,-0.00000000E+00,4.06598263E-38,1.62761320E-39,-0.00000000E+00,-0.00000000E+00,4.06598263E-38,1.62761320E-39,-6.07986167E+04,-2.39962167E+03,-1.93290903E+02,-8.07880931E+00,2.53327619E+04,9.99842555E+02,2.50000000E+04,1.00000000E+03,7.76992999E+06,1.63109251E+09
2.70000000E+01,1.00000000E+00,3.00187104E-01,1.39977930E+08,1.06929778E+03,1.65843210E+04,-0.00000000E+00,-0.00000000E+00,-3.29049322E-33,-1.31980170E-34,1.83004227E+08,6.77814961E+06,1.83032727E-02,6.77920579E-04,-1.82967390E+08,-6.77675071E+06,-2.60292931E+00,-1.43899858E-01,-0.00000000E+00,-0.00000000E+00,4.22874394E-38,1.62761303E-39,-0.00000000E+00,-0.00000000E+00,4.22874394E-38,1.62761303E-39,-6.31982384E+04,-2.39962165E+03,-2.01369714E+02,-8.07880950E+00,2.63326044E+04,9.99842549E+02,2.60000000E+04,1.00000000E+03,7.76992994E+06,1.63109251E+09
2.80000000E+01,1.00000000E+00,3.00188589E-01,1.39977929E+08,1.06929778E+03,1.72495098E+04,-0.00000000E+00,-0.00000000E+00,-3.42247339E-33,-1.31980169E-34,1.89782391E+08,6.77816394E+06,1.89811948E-02,6.77922017E-04,-1.89744155E+08,-6.77676505E+06,-2.74683081E+00,-1.43902117E-01,-0.00000000E+00,-0.00000000E+00,4.39150523E-38,1.62761287E-39,-0.00000000E+00,-0.00000000E+00,4.39150523E-38,1.62761287E-39,-6.55978600E+04,-2.39962164E+03,-2.09448525E+02,-8.07880970E+00,2.73324470E+04,9.99842542E+02,2.70000000E+04,1.00000000E+03,7.76992989E+06,1.63109251E+09
2.90000000E+01,1.00000000E+00,3.00190073E-01,1.39977928E+08,1.06929778E+03,1.79146985E+04,-0.00000000E+00,-0.00000000E+00,-3.55445356E-33,-1.31980169E-34,1.96560569E+08,6.77817827E+06,1.96591182E-02,6.77923453E-04,-1.96520934E+08,-6.77677937E+06,-2.89073456E+00,-1.43904376E-01,-0.00000000E+00,-0.00000000E+00,4.55426650E-38,1.62761271E-39,-0.00000000E+00,-0.00000000E+00,4.55426650E-38,1.62761271E-39,-6.79974816E+04,-2.39962162E+03,-2.17527335E+02,-8.07880990E+00,2.83322895E+04,9.99842536E+02,2.80000000E+04,1.00000000E+03,7.76992984E+06,1.63109251E+09
3.00000000E+01,1.00000000E+00,3.00191557E-01,1.39977927E+08,1.06929777E+03,1.85798873E+04,-0.00000000E+00,-0.00000000E+00,-3.68643372E-33,-1.31980169E-34,2.03338761E+08,6.77819258E+06,2.03370431E-02,6.77924889E-04,-2.03297728E+08,-6.77679368E+06,-3.03464058E+00,-1.43906634E-01,-0.00000000E+00,-0.00000000E+00,4.71702776E-38,1.62761255E-39,-0.00000000E+00,-0.00000000E+00,4.71702776E-38,1.62761255E-39,-7.03971032E+04,-2.39962161E+03,-2.25606147E+02,-8.07881010E+00,2.93321320E+04,9.99842530E+02,2.90000000E+04,1.00000000E+03,7.76992979E+06,1.63109251E+09
3.10000000E+01,1.00000000E+00,3.00193040E-01,1.39977926E+08,1.06929777E+03,1.92450760E+04,-0.00000000E+00,-0.00000000E+00,-3.81841389E-33,-1.31980168E-34,2.10116968E+08,6.77820688E+06,2.10149694E-02,6.77926324E-04,-2.10074536E+08,-6.77680798E+06,-3.17854885E+00,-1.43908892E-01,-0.00000000E+00,-0.00000000E+00,4.87978901E-38,1.62761239E-39,-0.00000000E+00,-0.00000000E+00,4.87978901E-38,1.62761239E-39,-7.27967248E+04,-2.39962159E+03,-2.33684958E+02,-8.07881029E+00,3.03319746E+04,9.99842523E+02,3.00000000E+04,1.00000000E+03,7.76992974E+06,1.63109251E+09
3.20000000E+01,1.00000000E+00,3.00194523E-01,1.39977925E+08,1.06929777E+03,1.99102648E+04,-0.00000000E+00,-0.00000000E+00,-3.95039406E-33,-1.31980168E-34,2.16895189E+08,6.77822118E+06,2.16928972E-02,6.77927758E-04,-2.16851358E+08,-6.77682227E+06,-3.32245938E+00,-1.43911148E-01,-0.00000000E+00,-0.00000000E+00,5.04255023E-38,1.62761223E-39,-0.00000000E+00,-0.00000000E+00,5.04255023E-38,1.62761223E-39,-7.51963464E+04,-2.39962158E+03,-2.41763769E+02,-8.07881049E+00,3.13318171E+04,9.99842517E+02,3.10000000E+04,1.00000000E+03,7.76992970E+06,1.63109251E+09
3.30000000E+01,1.00000000E+00,3.00196005E-01,1.39977924E+08,1.06929777E+03,2.05754536E+04,-0.00000000E+00,-0.00000000E+00,-4.08237423E-33,-1.31980168E-34,2.23673425E+08,6.77823546E+06,2.23708264E-02,6.77929190E-04,-2.23628195E+08,-6.77683656E+06,-3.46637216E+00,-1.43913404E-01,-0.00000000E+00,-0.00000000E+00,5.20531144E-38,1.62761207E-39,-0.00000000E+00,-0.00000000E+00,5.20531144E-38,1.62761207E-39,-7.75959680E+04,-2.39962156E+03,-2.49842581E+02,-8.07881069E+00,3.23316596E+04,9.99842511E+02,3.20000000E+04,1.00000000E+03,7.76992965E+06,1.63109251E+09
3.40000000E+01,1.00000000E+00,3.00197488E-01,1.39977923E+08,1.06929776E+03,2.12406423E+04,-0.00000000E+00,-0.00000000E+00,-4.21435440E-33,-1.31980167E-34,2.30451675E+08,6.77824973E+06,2.30487570E-02,6.77930622E-04,-2.30405046E+08,-6.77685083E+06,-3.61028720E+00,-1.43915660E-01,-0.00000000E+00,-0.00000000E+00,5.36807264E-38,1.62761191E-39,-0.00000000E+00,-0.00000000E+00,5.36807264E-38,1.62761191E-39,-7.99955895E+04,-2.39962154E+03,-2.57921393E+02,-8.07881089E+00,3.33315021E+04,9.99842505E+02,3.30000000E+04,1.00000000E+03,7.76992960E+06,1.63109251E+09
3.50000000E+01,1.00000000E+00,3.00198969E-01,1.39977923E+08,1.06929776E+03,2.19058311E+04,-0.00000000E+00,-0.00000000E+00,-4.34633456E-33,-1.31980167E-34,2.37229939E+08,6.77826399E+06,2.37266890E-02,6.77932053E-04,-2.37181911E+08,-6.77686509E+06,-3.75420450E+00,-1.43917915E-01,-0.00000000E+00,-0.00000000E+00,5.53083382E-38,1.62761176E-39,-0.00000000E+00,-0.00000000E+00,5.53083382E-38,1.62761176E-39,-8.23952110E+04,-2.39962153E+03,-2.66000205E+02,-8.07881108E+00,3.43313446E+04,9.99842498E+02,3.40000000E+04,1.00000000E+03,7.76992955E+06,1.63109251E+09
3.60000000E+01,1.00000000E+00,3.00200451E-01,1.39977922E+08,1.06929776E+03,2.25710198E+04,-0.00000000E+00,-0.00000000E+00,-4.47831473E-33,-1.31980167E-34,2.44008217E+08,6.77827825E+06,2.44046225E-02,6.77933483E-04,-2.43958790E+08,-6.77687934E+06,-3.89812405E+00,-1.43920169E-01,-0.00000000E+00,-0.00000000E+00,5.69359498E-38,1.62761160E-39,-0.00000000E+00,-0.00000000E+00,5.69359498E-38,1.62761160E-39,-8.47948326E+04,-2.39962151E+03,-2.74079017E+02,-8.07881128E+00,3.53311871E+04,9.99842492E+02,3.50000000E+04,1.00000000E+03,7.76992950E+06,1.63109251E+09
3.70000000E+01,1.00000000E+00,3.00201932E-01,1.39977921E+08,1.06929776E+03,2.32362086E+04,-0.00000000E+00,-0.00000000E+00,-4.61029490E-33,-1.31980166E-34,2.50786509E+08,6.77829249E+06,2.50825574E-02,6.77934911E-04,-2.50735684E+08,-6.77689359E+06,-4.04204585E+00,-1.43922423E-01,-0.00000000E+00,-0.00000000E+00,5.85635613E-38,1.62761145E-39,-0.00000000E+00,-0.00000000E+00,5.85635613E-38,1.62761145E-39,-8.71944541E+04,-2.39962150E+03,-2.82157829E+02,-8.07881148E+00,3.63310296E+04,9.99842486E+02,3.60000000E+04,1.00000000E+03,7.76992945E+06,1.63109251E+09
3.80000000E+01,1.00000000E+00,3.00203412E-01,1.39977920E+08,1.06929775E+03,2.39013973E+04,-0.00000000E+00,-0.00000000E+00,-4.74227506E-33,-1.31980166E-34,2.57564816E+08,6.77830672E+06,2.57604938E-02,6.77936339E-04,-2.57512592E+08,-6.77690782E+06,-4.18596991E+00,-1.43924676E-01,-0.00000000E+00,-0.00000000E+00,6.01911727E-38,1.62761130E-39,-0.00000000E+00,-0.00000000E+00,6.01911727E-38,1.62761130E-39,-8.95940755E+04,-2.39962148E+03,-2.90236642E+02,-8.07881167E+00,3.73308720E+04,9.99842479E+02,3.70000000E+04,1.00000000E+03,7.76992940E+06,1.63109251E+09
3.90000000E+01,1.00000000E+00,3.00204893E-01,1.39977919E+08,1.06929775E+03,2.45665861E+04,-0.00000000E+00,-0.00000000E+00,-4.87425523E-33,-1.31980166E-34,2.64343137E+08,6.77832095E+06,2.64384315E-02,6.77937766E-04,-2.64289514E+08,-6.77692204E+06,-4.32989622E+00,-1.43926929E-01,-0.00000000E+00,-0.00000000E+00,6.18187839E-38,1.62761114E-39,-0.00000000E+00,-0.00000000E+00,6.18187839E-38,1.62761114E-39,-9.19936970E+04,-2.39962147E+03,-2.98315455E+02,-8.07881187E+00,3.83307145E+04,9.99842473E+02,3.80000000E+04,1.00000000E+03,7.76992936E+06,1.63109251E+09
4.00000000E+01,1.00000000E+00,3.00206372E-01,1.39977918E+08,1.06929775E+03,2.52317748E+04,-0.00000000E+00,-0.00000000E+00,-5.00623539E-33,-1.31980165E-34,2.71121472E+08,6.77833516E+06,2.71163707E-02,6.77939192E-04,-2.71066450E+08,-6.77693625E+06,-4.47382478E+00,-1.43929181E-01,-0.00000000E+00,-0.00000000E+00,6.34463949E-38,1.62761099E-39,-0.00000000E+00,-0.00000000E+00,6.34463949E-38,1.62761099E-39,-9.43933185E+04,-2.39962145E+03,-3.06394268E+02,-8.07881207E+00,3.93305570E+04,9.99842467E+02,3.90000000E+04,1.00000000E+03,7.76992931E+06,1.63109251E+09
4.10000000E+01,1.00000000E+00,3.00207852E-01,1.39977917E+08,1.06929775E+03,2.58969635E+04,-0.00000000E+00,-0.00000000E+00,-5.13821556E-33,-1.31980165E-34,2.77899822E+08,6.77834936E+06,2.77943114E-02,6.77940617E-04,-2.77843400E+08,-6.77695046E+06,-4.61775560E+00,-1.43931433E-01,-0.00000000E+00,-0.00000000E+00,6.50740058E-38,1.62761084E-39,-0.00000000E+00,-0.00000000E+00,6.50740058E-38,1.62761084E-39,-9.67929399E+04,-2.39962144E+03,-3.14473081E+02,-8.07881226E+00,4.03303994E+04,9.99842461E+02,4.00000000E+04,1.00000000E+03,7.76992926E+06,1.63109251E+09
4.20000000E+01,1.00000000E+00,3.00209331E-01,1.39977916E+08,1.06929774E+03,2.65621523E+04,-0.00000000E+00,-0.00000000E+00,-5.27019572E-33,-1.31980165E-34,2.84678185E+08,6.77836356E+06,2.84722534E-02,6.77942041E-04,-2.84620365E+08,-6.77696465E+06,-4.76168866E+00,-1.43933684E-01,-0.00000000E+00,-0.00000000E+00,6.67016165E-38,1.62761069E-39,-0.00000000E+00,-0.00000000E+00,6.67016165E-38,1.62761069E-39,-9.91925613E+04,-2.39962142E+03,-3.22551894E+02,-8.07881246E+00,4.13302419E+04,9.99842454E+02,4.10000000E+04,1.00000000E+03,7.76992921E+06,1.63109251E+09
4.30000000E+01,1.00000000E+00,3.00210810E-01,1.39977916E+08,1.06929774E+03,2.72273410E+04,-0.00000000E+00,-0.00000000E+00,-5.40217589E-33,-1.31980164E-34,2.91456563E+08,6.77837774E+06,2.91501969E-02,6.77943463E-04,-2.91397344E+08,-6.77697884E+06,-4.90562398E+00,-1.43935934E-01,-0.00000000E+00,-0.00000000E+00,6.83292271E-38,1.62761054E-39,-0.00000000E+00,-0.00000000E+00,6.83292271E-38,1.62761054E-39,-1.01592183E+05,-2.39962141E+03,-3.30630708E+02,-8.07881266E+00,4.23300843E+04,9.99842448E+02,4.20000000E+04,1.00000000E+03,7.76992916E+06,1.63109251E+09
4.40000000E+01,1.00000000E+00,3.00212288E-01,1.39977915E+08,1.06929774E+03,2.78925298E+04,-0.00000000E+00,-0.00000000E+00,-5.53415605E-33,-1.31980164E-34,2.98234955E+08,6.77839192E+06,2.98281417E-02,6.77944885E-04,-2.98174337E+08,-6.77699301E+06,-5.04956154E+00,-1.43938184E-01,-0.00000000E+00,-0.00000000E+00,6.99568375E-38,1.62761040E-39,-0.00000000E+00,-0.00000000E+00,6.99568375E-38,1.62761040E-39,-1.03991804E+05,-2.39962139E+03,-3.38709522E+02,-8.07881285E+00,4.33299268E+04,9.99842442E+02,4.30000000E+04,1.00000000E+03,7.76992911E+06,1.63109251E+09
4.50000000E+01,1.00000000E+00,3.00213766E-01,1.39977914E+08,1.06929773E+03,2.85577185E+04,-0.00000000E+00,-0.00000000E+00,-5.66613622E-33,-1.31980164E-34,3.05013361E+08,6.77840608E+06,3.05060880E-02,6.77946306E-04,-3.04951344E+08,-6.77700718E+06,-5.19350136E+00,-1.43940434E-01,-0.00000000E+00,-0.00000000E+00,7.15844478E-38,1.62761025E-39,-0.00000000E+00,-0.00000000E+00,7.15844478E-38,1.62761025E-39,-1.06391426E+05,-2.39962138E+03,-3.46788336E+02,-8.07881305E+00,4.43297692E+04,9.99842435E+02,4.40000000E+04,1.00000000E+03,7.76992906E+06,1.63109251E+09
4.60000000E+01,1.00000000E+00,3.00215243E-01,1.39977913E+08,1.06929773E+03,2.92229072E+04,-0.00000000E+00,-0.00000000E+00,-5.79811638E-33,-1.31980164E-34,3.11791781E+08,6.77842024E+06,3.11840358E-02,6.77947726E-04,-3.11728365E+08,-6.77702133E+06,-5.33744342E+00,-1.43942682E-01,-0.00000000E+00,-0.00000000E+00,7.32120580E-38,1.62761010E-39,-0.00000000E+00,-0.00000000E+00,7.32120580E-38,1.62761010E-39,-1.08791047E+05,-2.39962136E+03,-3.54867150E+02,-8.07881325E+00,4.53296116E+04,9.99842429E+02,4.50000000E+04,1.00000000E+03,7.76992902E+06,1.63109251E+09
4.70000000E+01,1.00000000E+00,3.00216720E-01,1.39977912E+08,1.06929773E+03,2.98880960E+04,-0.00000000E+00,-0.00000000E+00,-5.93009654E-33,-1.31980163E-34,3.18570215E+08,6.77843439E+06,3.18619849E-02,6.77949146E-04,-3.18505401E+08,-6.77703548E+06,-5.48138774E+00,-1.43944931E-01,-0.00000000E+00,-0.00000000E+00,7.48396680E-38,1.62760996E-39,-0.00000000E+00,-0.00000000E+00,7.48396680E-38,1.62760996E-39,-1.11190668E+05,-2.39962135E+03,-3.62945964E+02,-8.07881344E+00,4.63294541E+04,9.99842423E+02,4.60000000E+04,1.00000000E+03,7.76992897E+06,1.63109251E+09
4.80000000E+01,1.00000000E+00,3.00218197E-01,1.39977911E+08,1.06929773E+03,3.05532847E+04,-0.00000000E+00,-0.00000000E+00,-6.06207671E-33,-1.31980163E-34,3.25348664E+08,6.77844852E+06,3.25399355E-02,6.77950564E-04,-3.25282450E+08,-6.77704961E+06,-5.62533430E+00,-1.43947178E-01,-0.00000000E+00,-0.00000000E+00,7.64672778E-38,1.62760981E-39,-0.00000000E+00,-0.00000000E+00,7.64672778E-38,1.62760981E-39,-1.13590290E+05,-2.39962133E+03,-3.71024779E+02,-8.07881364E+00,4.73292965E+04,9.99842417E+02,4.70000000E+04,1.00000000E+03,7.76992892E+06,1.63109251E+09
4.90000000E+01,1.00000000E+00,3.00219673E-01,1.39977910E+08,1.06929772E+03,3.12184734E+04,-0.00000000E+00,-0.00000000E+00,-6.19405687E-33,-1.31980163E-34,3.32127127E+08,6.77846265E+06,3.32178875E-02,6.77951981E-04,-3.32059514E+08,-6.77706374E+06,-5.76928311E+00,-1.43949425E-01,-0.00000000E+00,-0.00000000E+00,7.80948875E-38,1.62760967E-39,-0.00000000E+00,-0.00000000E+00,7.80948875E-38,1.62760967E-39,-1.15989911E+05,-2.39962132E+03,-3.79103594E+02,-8.07881383E+00,4.83291389E+04,9.99842410E+02,4.80000000E+04,1.00000000E+03,7.76992887E+06,1.63109251E+09
5.00000000E+01,1.00000000E+00,3.00221149E-01,1.39977910E+08,1.06929772E+03,3.18836621E+04,-0.00000000E+00,-0.00000000E+00,-6.32603703E-33,-1.31980162E-34,3.38905603E+08,6.77847677E+06,3.38958409E-02,6.77953397E-04,-3.38836592E+08,-6.77707786E+06,-5.91323416E+00,-1.43951672E-01,-0.00000000E+00,-0.00000000E+00,7.97224971E-38,1.62760953E-39,-0.00000000E+00,-0.00000000E+00,7.97224971E-38,1.62760953E-39,-1.18389532E+05,-2.39962130E+03,-3.87182409E+02,-8.07881403E+00,4.93289813E+04,9.99842404E+02,4.90000000E+04,1.00000000E+03,7.76992882E+06,1.63109251E+09
