Time [d],dt_flow [d],dt_tran [d],Global Water Mass in Liquid Phas [kg],Global Vaq [mol],Global Vim [mol],Top Water Mass [kg],Top Water Mass [kg/d],Top Vaq [mol],Top Vaq [mol/d],Right Water Mass [kg],Right Water Mass [kg/d],Right Vaq [mol],Right Vaq [mol/d],Left Water Mass [kg],Left Water Mass [kg/d],Left Vaq [mol],Left Vaq [mol/d],North Water Mass [kg],North Water Mass [kg/d],North Vaq [mol],North Vaq [mol/d],South Water Mass [kg],South Water Mass [kg/d],South Vaq [mol],South Vaq [mol/d],ExtractWell Water Mass [kg],ExtractWell Water Mass [kg/d],ExtractWell Vaq [mol],ExtractWell Vaq [mol/d],InjectWell Water Mass [kg],InjectWell Water Mass [kg/d],InjectWell Vaq [mol],InjectWell Vaq [mol/d],Region Region__all Water Mass [kg],Region Region__all Total Mass [kg]
1.00000000E+00,4.89000000E-01,9.00000000E-03,1.39977809E+08,5.72902484E-03,5.65406869E-03,-0.00000000E+00,-0.00000000E+00,6.14097471E-40,1.02087465E-39,2.78048648E+06,2.78057457E+06,2.78092521E-04,2.78101332E-04,-2.78001541E+06,-2.77985959E+06,-1.78635928E-04,-1.12356388E-04,-0.00000000E+00,-0.00000000E+00,6.10283655E-40,1.01453516E-39,-0.00000000E+00,-0.00000000E+00,6.10283655E-40,1.01453516E-39,-8.08069493E+02,-1.22620560E+03,-4.49588043E-08,-4.95607516E-08,3.36695721E+02,5.10919152E+02,3.36749000E-08,5.11000000E-08,7.76992323E+06,1.63109144E+09
2.00000000E+00,4.88000000E-01,8.00000000E-03,1.39977808E+08,6.46987332E+02,2.36776398E+02,-0.00000000E+00,-0.00000000E+00,-4.69759801E-35,-7.98549941E-35,5.56130788E+06,2.78082188E+06,5.56218540E-04,2.78126067E-04,-5.55943732E+06,-2.77942239E+06,-2.51317366E-04,-4.49263764E-05,-0.00000000E+00,-0.00000000E+00,1.86372142E-39,1.41954263E-39,-0.00000000E+00,-0.00000000E+00,1.86372142E-39,1.41954263E-39,-3.20768907E+03,-2.39961957E+03,-1.95910144E-07,-7.51896985E-07,1.33653751E+03,9.99841783E+02,1.00000000E+03,1.00000000E+03,7.76992321E+06,1.63109209E+09
3.00000000E+00,1.00000000E+00,8.00000000E-03,1.39977808E+08,9.03869280E+02,7.35188271E+02,-0.00000000E+00,-0.00000000E+00,-1.45865497E-34,-1.11561566E-34,8.34213163E+06,2.78082375E+06,8.34344793E-04,2.78126254E-04,-8.33886158E+06,-2.77942425E+06,-2.80175321E-04,-1.81605370E-05,-0.00000000E+00,-0.00000000E+00,3.37811911E-39,1.57713044E-39,-0.00000000E+00,-0.00000000E+00,3.37811911E-39,1.57713044E-39,-5.60730863E+03,-2.39961957E+03,-4.37798777E-05,-1.60379373E-04,2.33637929E+03,9.99841781E+02,2.00000000E+03,1.00000000E+03,7.76992319E+06,1.63109235E+09
4.00000000E+00,1.00000000E+00,4.00000000E-02,1.39977808E+08,1.00769275E+03,1.33625644E+03,-0.00000000E+00,-0.00000000E+00,-2.65123326E-34,-1.24376348E-34,1.11229572E+07,2.78082558E+06,1.11247123E-03,2.78126437E-04,-1.11182877E+07,-2.77942608E+06,-2.91838858E-04,-7.34257168E-06,-0.00000000E+00,-0.00000000E+00,4.99284183E-39,1.63955616E-39,-0.00000000E+00,-0.00000000E+00,4.99284183E-39,1.63955616E-39,-8.00692819E+03,-2.39961956E+03,-9.02861980E-04,-1.96773952E-03,3.33622107E+03,9.99841779E+02,3.00000000E+03,1.00000000E+03,7.76992318E+06,1.63109245E+09
5.00000000E+00,1.00000000E+00,4.00000000E-02,1.39977808E+08,1.04966740E+03,1.97880423E+03,-0.00000000E+00,-0.00000000E+00,-3.92611239E-34,-1.29557220E-34,1.39037846E+07,2.78082738E+06,1.39059785E-03,2.78126617E-04,-1.38977155E+07,-2.77942787E+06,-2.96554597E-04,-2.96870946E-06,-0.00000000E+00,-0.00000000E+00,6.64728970E-39,1.66428395E-39,-0.00000000E+00,-0.00000000E+00,6.64728970E-39,1.66428395E-39,-1.04065477E+04,-2.39961956E+03,-5.60533594E-03,-7.91422887E-03,4.33606284E+03,9.99841777E+02,4.00000000E+03,1.00000000E+03,7.76992316E+06,1.63109249E+09
6.00000000E+00,1.00000000E+00,7.20000000E-02,1.39977807E+08,1.06662105E+03,2.63812822E+03,-0.00000000E+00,-0.00000000E+00,-5.23427763E-34,-1.31649784E-34,1.66846137E+07,2.78082914E+06,1.66872464E-03,2.78126794E-04,-1.66771451E+07,-2.77942962E+06,-2.98459903E-04,-1.20153172E-06,-0.00000000E+00,-0.00000000E+00,8.31747760E-39,1.67406787E-39,-0.00000000E+00,-0.00000000E+00,8.31747760E-39,1.67406787E-39,-1.28061673E+04,-2.39961955E+03,-1.84819163E-02,-1.77038149E-02,5.33590462E+03,9.99841775E+02,5.00000000E+03,1.00000000E+03,7.76992315E+06,1.63109251E+09
7.00000000E+00,1.00000000E+00,4.00000000E-02,1.39977807E+08,1.07338723E+03,3.30427785E+03,-0.00000000E+00,-0.00000000E+00,-6.55598581E-34,-1.32484925E-34,1.94654446E+07,2.78083086E+06,1.94685161E-03,2.78126967E-04,-1.94565765E+07,-2.77943134E+06,-2.99221066E-04,-4.95551481E-07,-0.00000000E+00,-0.00000000E+00,9.99393804E-39,1.67789353E-39,-0.00000000E+00,-0.00000000E+00,9.99393804E-39,1.67789353E-39,-1.52057868E+04,-2.39961954E+03,-4.19852592E-02,-2.80196419E-02,6.33574639E+03,9.99841774E+02,6.00000000E+03,1.00000000E+03,7.76992314E+06,1.63109252E+09
8.00000000E+00,1.00000000E+00,4.00000000E-02,1.39977807E+08,1.07617210E+03,3.97309159E+03,-0.00000000E+00,-0.00000000E+00,-7.88297991E-34,-1.32828657E-34,2.22462771E+07,2.78083255E+06,2.22497874E-03,2.78127136E-04,-2.22360095E+07,-2.77943303E+06,-2.99534998E-04,-2.04388966E-07,-0.00000000E+00,-0.00000000E+00,1.16727980E-38,1.67943873E-39,-0.00000000E+00,-0.00000000E+00,1.16727980E-38,1.67943873E-39,-1.76054064E+04,-2.39961954E+03,-7.46895656E-02,-3.60677666E-02,7.33558816E+03,9.99841772E+02,7.00000000E+03,1.00000000E+03,7.76992312E+06,1.63109252E+09
9.00000000E+00,1.00000000E+00,4.00000000E-02,1.39977807E+08,1.07731675E+03,4.64300113E+03,-0.00000000E+00,-0.00000000E+00,-9.21214823E-34,-1.32969939E-34,2.50271113E+07,2.78083421E+06,2.50310605E-03,2.78127302E-04,-2.50154442E+07,-2.77943468E+06,-2.99664501E-04,-8.43545212E-08,-0.00000000E+00,-0.00000000E+00,1.33526269E-38,1.68006255E-39,-0.00000000E+00,-0.00000000E+00,1.33526269E-38,1.68006255E-39,-2.00050259E+04,-2.39961954E+03,-1.13801629E-01,-4.11710322E-02,8.33542993E+03,9.99841771E+02,8.00000000E+03,1.00000000E+03,7.76992311E+06,1.63109252E+09
1.00000000E+01,1.00000000E+00,4.00000000E-02,1.39977806E+08,1.07778175E+03,5.31336398E+03,-0.00000000E+00,-0.00000000E+00,-1.05422160E-33,-1.33027334E-34,2.78079472E+07,2.78083582E+06,2.78123351E-03,2.78127464E-04,-2.77948805E+07,-2.77943629E+06,-2.99717544E-04,-3.56115446E-08,-0.00000000E+00,-0.00000000E+00,1.50328497E-38,1.68031168E-39,-0.00000000E+00,-0.00000000E+00,1.50328497E-38,1.68031168E-39,-2.24046454E+04,-2.39961953E+03,-1.56689192E-01,-4.39126171E-02,9.33527170E+03,9.99841769E+02,9.00000000E+03,1.00000000E+03,7.76992309E+06,1.63109252E+09
1.10000000E+01,1.00000000E+00,1.04000000E-01,1.39977806E+08,1.07797290E+03,5.98390924E+03,-0.00000000E+00,-0.00000000E+00,-1.18726456E-33,-1.33050927E-34,3.05887846E+07,2.78083741E+06,3.05936113E-03,2.78127622E-04,-3.05743184E+07,-2.77943787E+06,-2.99740254E-04,-1.63649225E-08,-0.00000000E+00,-0.00000000E+00,1.67132282E-38,1.68041245E-39,-0.00000000E+00,-0.00000000E+00,1.67132282E-38,1.68041245E-39,-2.48042650E+04,-2.39961953E+03,-2.01462633E-01,-4.52260995E-02,1.03351135E+04,9.99841768E+02,1.00000000E+04,1.00000000E+03,7.76992308E+06,1.63109252E+09
1.20000000E+01,1.00000000E+00,2.32000000E-01,1.39977806E+08,1.07805315E+03,6.65452831E+03,-0.00000000E+00,-0.00000000E+00,-1.32032218E-33,-1.33060832E-34,3.33696235E+07,2.78083895E+06,3.33748891E-03,2.78127777E-04,-3.33537578E+07,-2.77943941E+06,-2.99752330E-04,-1.05377827E-08,-0.00000000E+00,-0.00000000E+00,1.83936688E-38,1.68045411E-39,-0.00000000E+00,-0.00000000E+00,1.83936688E-38,1.68045411E-39,-2.72038845E+04,-2.39961952E+03,-2.47082587E-01,-4.58108354E-02,1.13349552E+04,9.99841767E+02,1.10000000E+04,1.00000000E+03,7.76992307E+06,1.63109252E+09
1.30000000E+01,1.00000000E+00,2.32000000E-01,1.39977806E+08,1.07808740E+03,7.32517800E+03,-0.00000000E+00,-0.00000000E+00,-1.45338586E-33,-1.33065059E-34,3.61504640E+07,2.78084046E+06,3.61561684E-03,2.78127928E-04,-3.61331987E+07,-2.77944091E+06,-2.99763562E-04,-1.25345154E-08,-0.00000000E+00,-0.00000000E+00,2.00741348E-38,1.68047161E-39,-0.00000000E+00,-0.00000000E+00,2.00741348E-38,1.68047161E-39,-2.96035040E+04,-2.39961952E+03,-2.93060790E-01,-4.60576569E-02,1.23347970E+04,9.99841766E+02,1.20000000E+04,1.00000000E+03,7.76992306E+06,1.63109252E+09
1.40000000E+01,1.00000000E+00,2.32000000E-01,1.39977805E+08,1.07810202E+03,7.99584075E+03,-0.00000000E+00,-0.00000000E+00,-1.58645214E-33,-1.33066865E-34,3.89313059E+07,2.78084193E+06,3.89374491E-03,2.78128076E-04,-3.89126410E+07,-2.77944237E+06,-2.99780611E-04,-2.07026765E-08,-0.00000000E+00,-0.00000000E+00,2.17546114E-38,1.68047896E-39,-0.00000000E+00,-0.00000000E+00,2.17546114E-38,1.68047896E-39,-3.20031235E+04,-2.39961951E+03,-3.39185668E-01,-4.61562389E-02,1.33346388E+04,9.99841764E+02,1.30000000E+04,1.00000000E+03,7.76992304E+06,1.63109252E+09
1.50000000E+01,1.00000000E+00,2.32000000E-01,1.39977805E+08,1.07810804E+03,8.66650923E+03,-0.00000000E+00,-0.00000000E+00,-1.71951955E-33,-1.33067607E-34,4.17121493E+07,2.78084337E+06,4.17187313E-03,2.78128219E-04,-4.16920848E+07,-2.77944380E+06,-2.99811900E-04,-3.62571501E-08,-0.00000000E+00,-0.00000000E+00,2.34350925E-38,1.68048191E-39,-0.00000000E+00,-0.00000000E+00,2.34350925E-38,1.68048191E-39,-3.44027430E+04,-2.39961951E+03,-3.85368999E-01,-4.61922889E-02,1.43344805E+04,9.99841763E+02,1.40000000E+04,1.00000000E+03,7.76992303E+06,1.63109252E+09
1.60000000E+01,1.00000000E+00,2.32000000E-01,1.39977805E+08,1.07811073E+03,9.33717993E+03,-0.00000000E+00,-0.00000000E+00,-1.85258741E-33,-1.33067939E-34,4.44929940E+07,2.78084476E+06,4.45000149E-03,2.78128360E-04,-4.44715300E+07,-2.77944520E+06,-2.99858923E-04,-5.23486773E-08,-0.00000000E+00,-0.00000000E+00,2.51155754E-38,1.68048321E-39,-0.00000000E+00,-0.00000000E+00,2.51155754E-38,1.68048321E-39,-3.68023625E+04,-2.39961951E+03,-4.31571934E-01,-4.62064241E-02,1.53343223E+04,9.99841762E+02,1.50000000E+04,1.00000000E+03,7.76992302E+06,1.63109252E+09
1.70000000E+01,1.00000000E+00,2.32000000E-01,1.39977805E+08,1.07811195E+03,1.00078516E+04,-0.00000000E+00,-0.00000000E+00,-1.98565546E-33,-1.33068090E-34,4.72738402E+07,2.78084613E+06,4.72812999E-03,2.78128496E-04,-4.72509766E+07,-2.77944655E+06,-2.99926972E-04,-7.50833705E-08,-0.00000000E+00,-0.00000000E+00,2.67960590E-38,1.68048377E-39,-0.00000000E+00,-0.00000000E+00,2.67960590E-38,1.68048377E-39,-3.92019821E+04,-2.39961950E+03,-4.77782461E-01,-4.62118724E-02,1.63341641E+04,9.99841761E+02,1.60000000E+04,1.00000000E+03,7.76992301E+06,1.63109252E+09
1.80000000E+01,1.00000000E+00,2.32000000E-01,1.39977805E+08,1.07811249E+03,1.06785237E+04,-0.00000000E+00,-0.00000000E+00,-2.11872360E-33,-1.33068157E-34,5.00546876E+07,2.78084745E+06,5.00625862E-03,2.78128629E-04,-5.00304245E+07,-2.77944788E+06,-3.00014955E-04,-9.41010866E-08,-0.00000000E+00,-0.00000000E+00,2.84765430E-38,1.68048401E-39,-0.00000000E+00,-0.00000000E+00,2.84765430E-38,1.68048401E-39,-4.16016016E+04,-2.39961950E+03,-5.23995889E-01,-4.62139394E-02,1.73340058E+04,9.99841760E+02,1.70000000E+04,1.00000000E+03,7.76992300E+06,1.63109252E+09
1.90000000E+01,1.00000000E+00,2.32000000E-01,1.39977804E+08,1.07811274E+03,1.13491961E+04,-0.00000000E+00,-0.00000000E+00,-2.25179178E-33,-1.33068187E-34,5.28355364E+07,2.78084875E+06,5.28438738E-03,2.78128759E-04,-5.28098736E+07,-2.77944916E+06,-3.00125262E-04,-1.17072168E-07,-0.00000000E+00,-0.00000000E+00,3.01570271E-38,1.68048411E-39,-0.00000000E+00,-0.00000000E+00,3.01570271E-38,1.68048411E-39,-4.40012211E+04,-2.39961950E+03,-5.70210448E-01,-4.62147624E-02,1.83338476E+04,9.99841759E+02,1.80000000E+04,1.00000000E+03,7.76992299E+06,1.63109252E+09
2.00000000E+01,1.00000000E+00,1.50795080E-01,1.39977804E+08,1.07811284E+03,1.20198685E+04,-0.00000000E+00,-0.00000000E+00,-2.38485998E-33,-1.33068200E-34,5.56163864E+07,2.78085001E+06,5.56251626E-03,2.78128885E-04,-5.55893241E+07,-2.77945042E+06,-3.00355673E-04,-2.24982600E-07,-0.00000000E+00,-0.00000000E+00,3.18375112E-38,1.68048414E-39,-0.00000000E+00,-0.00000000E+00,3.18375112E-38,1.68048414E-39,-4.64008405E+04,-2.39961950E+03,-6.16425485E-01,-4.62150739E-02,1.93336893E+04,9.99841758E+02,1.90000000E+04,1.00000000E+03,7.76992298E+06,1.63109252E+09
2.10000000E+01,1.00000000E+00,5.75397540E-01,1.39977804E+08,1.07811290E+03,1.26905410E+04,-0.00000000E+00,-0.00000000E+00,-2.51792818E-33,-1.33068206E-34,5.83972376E+07,2.78085124E+06,5.84064527E-03,2.78129008E-04,-5.83687757E+07,-2.77945164E+06,-3.00560508E-04,-1.99905419E-07,-0.00000000E+00,-0.00000000E+00,3.35179953E-38,1.68048415E-39,-0.00000000E+00,-0.00000000E+00,3.35179953E-38,1.68048415E-39,-4.88004600E+04,-2.39961949E+03,-6.62640712E-01,-4.62152716E-02,2.03335311E+04,9.99841757E+02,2.00000000E+04,1.00000000E+03,7.76992297E+06,1.63109252E+09
2.20000000E+01,1.00000000E+00,1.50795830E-01,1.39977804E+08,1.07811292E+03,1.33612134E+04,-0.00000000E+00,-0.00000000E+00,-2.65099639E-33,-1.33068209E-34,6.11780901E+07,2.78085244E+06,6.11877440E-03,2.78129129E-04,-6.11482285E+07,-2.77945284E+06,-3.00790381E-04,-2.25081511E-07,-0.00000000E+00,-0.00000000E+00,3.51984795E-38,1.68048415E-39,-0.00000000E+00,-0.00000000E+00,3.51984795E-38,1.68048415E-39,-5.12000795E+04,-2.39961949E+03,-7.08856083E-01,-4.62153847E-02,2.13333728E+04,9.99841756E+02,2.10000000E+04,1.00000000E+03,7.76992295E+06,1.63109252E+09
2.30000000E+01,1.00000000E+00,5.75397915E-01,1.39977804E+08,1.07811293E+03,1.40318859E+04,-0.00000000E+00,-0.00000000E+00,-2.78406460E-33,-1.33068211E-34,6.39589437E+07,2.78085361E+06,6.39690365E-03,2.78129246E-04,-6.39276825E+07,-2.77945401E+06,-3.00998002E-04,-2.03175003E-07,-0.00000000E+00,-0.00000000E+00,3.68789636E-38,1.68048414E-39,-0.00000000E+00,-0.00000000E+00,3.68789636E-38,1.68048414E-39,-5.35996990E+04,-2.39961949E+03,-7.55071548E-01,-4.62154924E-02,2.23332146E+04,9.99841755E+02,2.20000000E+04,1.00000000E+03,7.76992295E+06,1.63109252E+09
2.40000000E+01,1.00000000E+00,1.50796545E-01,1.39977803E+08,1.07811293E+03,1.47025584E+04,-0.00000000E+00,-0.00000000E+00,-2.91713281E-33,-1.33068211E-34,6.67397984E+07,2.78085475E+06,6.67503301E-03,2.78129361E-04,-6.67071377E+07,-2.77945515E+06,-3.01202379E-04,-2.02454540E-07,-0.00000000E+00,-0.00000000E+00,3.85594478E-38,1.68048412E-39,-0.00000000E+00,-0.00000000E+00,3.85594478E-38,1.68048412E-39,-5.59993185E+04,-2.39961949E+03,-8.01287111E-01,-4.62155730E-02,2.33330564E+04,9.99841754E+02,2.30000000E+04,1.00000000E+03,7.76992294E+06,1.63109252E+09
2.50000000E+01,1.00000000E+00,5.75398273E-01,1.39977803E+08,1.07811294E+03,1.53732309E+04,-0.00000000E+00,-0.00000000E+00,-3.05020102E-33,-1.33068212E-34,6.95206543E+07,2.78085588E+06,6.95316248E-03,2.78129474E-04,-6.94865940E+07,-2.77945627E+06,-3.01397947E-04,-1.93816827E-07,-0.00000000E+00,-0.00000000E+00,4.02399319E-38,1.68048411E-39,-0.00000000E+00,-0.00000000E+00,4.02399319E-38,1.68048411E-39,-5.83989380E+04,-2.39961948E+03,-8.47502752E-01,-4.62156655E-02,2.43328981E+04,9.99841753E+02,2.40000000E+04,1.00000000E+03,7.76992293E+06,1.63109252E+09
2.60000000E+01,1.00000000E+00,1.50797230E-01,1.39977803E+08,1.07811294E+03,1.60439034E+04,-0.00000000E+00,-0.00000000E+00,-3.18326924E-33,-1.33068212E-34,7.23015113E+07,2.78085698E+06,7.23129206E-03,2.78129584E-04,-7.22660513E+07,-2.77945737E+06,-3.01586169E-04,-1.87965536E-07,-0.00000000E+00,-0.00000000E+00,4.19204160E-38,1.68048410E-39,-0.00000000E+00,-0.00000000E+00,4.19204160E-38,1.68048410E-39,-6.07985575E+04,-2.39961948E+03,-8.93718485E-01,-4.62157434E-02,2.53327399E+04,9.99841752E+02,2.50000000E+04,1.00000000E+03,7.76992292E+06,1.63109252E+09
2.70000000E+01,1.00000000E+00,5.75398615E-01,1.39977803E+08,1.07811294E+03,1.67145759E+04,-0.00000000E+00,-0.00000000E+00,-3.31633745E-33,-1.33068212E-34,7.50823693E+07,2.78085806E+06,7.50942176E-03,2.78129693E-04,-7.50455098E+07,-2.77945844E+06,-3.01773444E-04,-1.87159493E-07,-0.00000000E+00,-0.00000000E+00,4.36009001E-38,1.68048409E-39,-0.00000000E+00,-0.00000000E+00,4.36009001E-38,1.68048409E-39,-6.31981769E+04,-2.39961948E+03,-9.39934295E-01,-4.62158336E-02,2.63325816E+04,9.99841751E+02,2.60000000E+04,1.00000000E+03,7.76992291E+06,1.63109252E+09
2.80000000E+01,1.00000000E+00,1.50797890E-01,1.39977803E+08,1.07811294E+03,1.73852484E+04,-0.00000000E+00,-0.00000000E+00,-3.44940566E-33,-1.33068212E-34,7.78632284E+07,2.78085913E+06,7.78755156E-03,2.78129800E-04,-7.78249693E+07,-2.77945951E+06,-3.01958372E-04,-1.85057712E-07,-0.00000000E+00,-0.00000000E+00,4.52813841E-38,1.68048408E-39,-0.00000000E+00,-0.00000000E+00,4.52813841E-38,1.68048408E-39,-6.55977964E+04,-2.39961947E+03,-9.86150192E-01,-4.62159072E-02,2.73324234E+04,9.99841750E+02,2.70000000E+04,1.00000000E+03,7.76992290E+06,1.63109252E+09
2.90000000E+01,1.00000000E+00,5.75398945E-01,1.39977803E+08,1.07811294E+03,1.80559209E+04,-0.00000000E+00,-0.00000000E+00,-3.58247387E-33,-1.33068212E-34,8.06440886E+07,2.78086018E+06,8.06568146E-03,2.78129905E-04,-8.06044298E+07,-2.77946056E+06,-3.02144097E-04,-1.85951871E-07,-0.00000000E+00,-0.00000000E+00,4.69618682E-38,1.68048406E-39,-0.00000000E+00,-0.00000000E+00,4.69618682E-38,1.68048406E-39,-6.79974159E+04,-2.39961947E+03,-1.03236616E+00,-4.62159921E-02,2.83322651E+04,9.99841749E+02,2.80000000E+04,1.00000000E+03,7.76992289E+06,1.63109252E+09
3.00000000E+01,1.00000000E+00,1.50798531E-01,1.39977802E+08,1.07811294E+03,1.87265934E+04,-0.00000000E+00,-0.00000000E+00,-3.71554208E-33,-1.33068212E-34,8.34249498E+07,2.78086122E+06,8.34381147E-03,2.78130009E-04,-8.33838914E+07,-2.77946160E+06,-3.02328523E-04,-1.84628844E-07,-0.00000000E+00,-0.00000000E+00,4.86423523E-38,1.68048405E-39,-0.00000000E+00,-0.00000000E+00,4.86423523E-38,1.68048405E-39,-7.03970354E+04,-2.39961947E+03,-1.07858221E+00,-4.62160620E-02,2.93321069E+04,9.99841748E+02,2.90000000E+04,1.00000000E+03,7.76992288E+06,1.63109252E+09
3.10000000E+01,1.00000000E+00,5.75399265E-01,1.39977802E+08,1.07811294E+03,1.93972659E+04,-0.00000000E+00,-0.00000000E+00,-3.84861029E-33,-1.33068212E-34,8.62058121E+07,2.78086225E+06,8.62194158E-03,2.78130113E-04,-8.61633541E+07,-2.77946262E+06,-3.02514056E-04,-1.85815425E-07,-0.00000000E+00,-0.00000000E+00,5.03228363E-38,1.68048404E-39,-0.00000000E+00,-0.00000000E+00,5.03228363E-38,1.68048404E-39,-7.27966548E+04,-2.39961947E+03,-1.12479834E+00,-4.62161436E-02,3.03319486E+04,9.99841747E+02,3.00000000E+04,1.00000000E+03,7.76992287E+06,1.63109252E+09
3.20000000E+01,1.00000000E+00,1.50799157E-01,1.39977802E+08,1.07811294E+03,2.00679384E+04,-0.00000000E+00,-0.00000000E+00,-3.98167851E-33,-1.33068212E-34,8.89866754E+07,2.78086327E+06,8.90007180E-03,2.78130215E-04,-8.89428177E+07,-2.77946364E+06,-3.02698490E-04,-1.84643447E-07,-0.00000000E+00,-0.00000000E+00,5.20033203E-38,1.68048403E-39,-0.00000000E+00,-0.00000000E+00,5.20033203E-38,1.68048403E-39,-7.51962743E+04,-2.39961946E+03,-1.17101454E+00,-4.62162113E-02,3.13317903E+04,9.99841745E+02,3.10000000E+04,1.00000000E+03,7.76992286E+06,1.63109252E+09
3.30000000E+01,1.00000000E+00,5.75399578E-01,1.39977802E+08,1.07811294E+03,2.07386109E+04,-0.00000000E+00,-0.00000000E+00,-4.11474672E-33,-1.33068212E-34,9.17675396E+07,2.78086428E+06,9.17820211E-03,2.78130316E-04,-9.17222824E+07,-2.77946465E+06,-3.02884053E-04,-1.85847076E-07,-0.00000000E+00,-0.00000000E+00,5.36838044E-38,1.68048402E-39,-0.00000000E+00,-0.00000000E+00,5.36838044E-38,1.68048402E-39,-7.75958938E+04,-2.39961946E+03,-1.21723081E+00,-4.62162908E-02,3.23316321E+04,9.99841744E+02,3.20000000E+04,1.00000000E+03,7.76992286E+06,1.63109252E+09
3.40000000E+01,1.00000000E+00,1.50799772E-01,1.39977802E+08,1.07811294E+03,2.14092834E+04,-0.00000000E+00,-0.00000000E+00,-4.24781493E-33,-1.33068212E-34,9.45484049E+07,2.78086528E+06,9.45633253E-03,2.78130417E-04,-9.45017480E+07,-2.77946566E+06,-3.03068556E-04,-1.84710025E-07,-0.00000000E+00,-0.00000000E+00,5.53642884E-38,1.68048401E-39,-0.00000000E+00,-0.00000000E+00,5.53642884E-38,1.68048401E-39,-7.99955132E+04,-2.39961946E+03,-1.26344716E+00,-4.62163571E-02,3.33314738E+04,9.99841743E+02,3.30000000E+04,1.00000000E+03,7.76992285E+06,1.63109252E+09
3.50000000E+01,1.00000000E+00,5.75399886E-01,1.39977802E+08,1.07811294E+03,2.20799559E+04,-0.00000000E+00,-0.00000000E+00,-4.38088314E-33,-1.33068212E-34,9.73292712E+07,2.78086629E+06,9.73446305E-03,2.78130518E-04,-9.72812147E+07,-2.77946666E+06,-3.03254168E-04,-1.85890172E-07,-0.00000000E+00,-0.00000000E+00,5.70447724E-38,1.68048399E-39,-0.00000000E+00,-0.00000000E+00,5.70447724E-38,1.68048399E-39,-8.23951327E+04,-2.39961946E+03,-1.30966357E+00,-4.62164353E-02,3.43313156E+04,9.99841742E+02,3.40000000E+04,1.00000000E+03,7.76992284E+06,1.63109252E+09
3.60000000E+01,1.00000000E+00,1.50800380E-01,1.39977802E+08,1.07811294E+03,2.27506284E+04,-0.00000000E+00,-0.00000000E+00,-4.51395135E-33,-1.33068212E-34,1.00110138E+08,2.78086728E+06,1.00125937E-02,2.78130618E-04,-1.00060682E+08,-2.77946765E+06,-3.03438732E-04,-1.84760911E-07,-0.00000000E+00,-0.00000000E+00,5.87252563E-38,1.68048398E-39,-0.00000000E+00,-0.00000000E+00,5.87252563E-38,1.68048398E-39,-8.47947521E+04,-2.39961945E+03,-1.35588006E+00,-4.62165003E-02,3.53311573E+04,9.99841741E+02,3.50000000E+04,1.00000000E+03,7.76992283E+06,1.63109252E+09
3.70000000E+01,1.00000000E+00,5.75400190E-01,1.39977801E+08,1.07811294E+03,2.34213009E+04,-0.00000000E+00,-0.00000000E+00,-4.64701956E-33,-1.33068212E-34,1.02891007E+08,2.78086827E+06,1.02907244E-02,2.78130717E-04,-1.02840151E+08,-2.77946865E+06,-3.03624379E-04,-1.85920748E-07,-0.00000000E+00,-0.00000000E+00,6.04057403E-38,1.68048397E-39,-0.00000000E+00,-0.00000000E+00,6.04057403E-38,1.68048397E-39,-8.71943716E+04,-2.39961945E+03,-1.40209662E+00,-4.62165777E-02,3.63309991E+04,9.99841740E+02,3.60000000E+04,1.00000000E+03,7.76992282E+06,1.63109252E+09
3.80000000E+01,1.00000000E+00,1.50800984E-01,1.39977801E+08,1.07811294E+03,2.40919734E+04,-0.00000000E+00,-0.00000000E+00,-4.78008778E-33,-1.33068212E-34,1.05671876E+08,2.78086927E+06,1.05688552E-02,2.78130817E-04,-1.05619621E+08,-2.77946964E+06,-3.03808982E-04,-1.84797785E-07,-0.00000000E+00,-0.00000000E+00,6.20862243E-38,1.68048396E-39,-0.00000000E+00,-0.00000000E+00,6.20862243E-38,1.68048396E-39,-8.95939910E+04,-2.39961945E+03,-1.44831325E+00,-4.62166421E-02,3.73308408E+04,9.99841739E+02,3.70000000E+04,1.00000000E+03,7.76992281E+06,1.63109252E+09
3.90000000E+01,1.00000000E+00,5.75400492E-01,1.39977801E+08,1.07811294E+03,2.47626459E+04,-0.00000000E+00,-0.00000000E+00,-4.91315599E-33,-1.33068212E-34,1.08452746E+08,2.78087025E+06,1.08469861E-02,2.78130916E-04,-1.08399091E+08,-2.77947062E+06,-3.03994655E-04,-1.85942793E-07,-0.00000000E+00,-0.00000000E+00,6.37667082E-38,1.68048395E-39,-0.00000000E+00,-0.00000000E+00,6.37667082E-38,1.68048395E-39,-9.19936105E+04,-2.39961945E+03,-1.49452995E+00,-4.62167189E-02,3.83306825E+04,9.99841738E+02,3.80000000E+04,1.00000000E+03,7.76992281E+06,1.63109252E+09
4.00000000E+01,1.00000000E+00,1.50801585E-01,1.39977801E+08,1.07811294E+03,2.54333184E+04,-0.00000000E+00,-0.00000000E+00,-5.04622420E-33,-1.33068212E-34,1.11233618E+08,2.78087124E+06,1.11251171E-02,2.78131015E-04,-1.11178563E+08,-2.77947161E+06,-3.04179286E-04,-1.84824316E-07,-0.00000000E+00,-0.00000000E+00,6.54471922E-38,1.68048394E-39,-0.00000000E+00,-0.00000000E+00,6.54471922E-38,1.68048394E-39,-9.43932299E+04,-2.39961944E+03,-1.54074673E+00,-4.62167830E-02,3.93305243E+04,9.99841737E+02,3.90000000E+04,1.00000000E+03,7.76992280E+06,1.63109252E+09
4.10000000E+01,1.00000000E+00,5.75400792E-01,1.39977801E+08,1.07811294E+03,2.61039909E+04,-0.00000000E+00,-0.00000000E+00,-5.17929241E-33,-1.33068212E-34,1.14014490E+08,2.78087222E+06,1.14032482E-02,2.78131113E-04,-1.13958035E+08,-2.77947259E+06,-3.04364978E-04,-1.85958868E-07,-0.00000000E+00,-0.00000000E+00,6.71276761E-38,1.68048393E-39,-0.00000000E+00,-0.00000000E+00,6.71276761E-38,1.68048393E-39,-9.67928494E+04,-2.39961944E+03,-1.58696357E+00,-4.62168595E-02,4.03303660E+04,9.99841736E+02,4.00000000E+04,1.00000000E+03,7.76992279E+06,1.63109252E+09
4.20000000E+01,1.00000000E+00,1.50802183E-01,1.39977801E+08,1.07811294E+03,2.67746634E+04,-0.00000000E+00,-0.00000000E+00,-5.31236062E-33,-1.33068212E-34,1.16795363E+08,2.78087321E+06,1.16813795E-02,2.78131212E-04,-1.16737509E+08,-2.77947358E+06,-3.04549629E-04,-1.84843464E-07,-0.00000000E+00,-0.00000000E+00,6.88081600E-38,1.68048392E-39,-0.00000000E+00,-0.00000000E+00,6.88081600E-38,1.68048392E-39,-9.91924688E+04,-2.39961944E+03,-1.63318048E+00,-4.62169233E-02,4.13302077E+04,9.99841735E+02,4.10000000E+04,1.00000000E+03,7.76992278E+06,1.63109252E+09
4.30000000E+01,1.00000000E+00,5.75401092E-01,1.39977801E+08,1.07811294E+03,2.74453359E+04,-0.00000000E+00,-0.00000000E+00,-5.44542883E-33,-1.33068212E-34,1.19576237E+08,2.78087419E+06,1.19595108E-02,2.78131310E-04,-1.19516984E+08,-2.77947456E+06,-3.04735334E-04,-1.85970709E-07,-0.00000000E+00,-0.00000000E+00,7.04886439E-38,1.68048391E-39,-0.00000000E+00,-0.00000000E+00,7.04886439E-38,1.68048391E-39,-1.01592088E+05,-2.39961944E+03,-1.67939746E+00,-4.62169995E-02,4.23300495E+04,9.99841734E+02,4.20000000E+04,1.00000000E+03,7.76992277E+06,1.63109252E+09
4.40000000E+01,1.00000000E+00,1.50802781E-01,1.39977800E+08,1.07811294E+03,2.81160083E+04,-0.00000000E+00,-0.00000000E+00,-5.57849705E-33,-1.33068212E-34,1.22357112E+08,2.78087517E+06,1.22376422E-02,2.78131409E-04,-1.22296459E+08,-2.77947554E+06,-3.04920001E-04,-1.84857269E-07,-0.00000000E+00,-0.00000000E+00,7.21691279E-38,1.68048390E-39,-0.00000000E+00,-0.00000000E+00,7.21691279E-38,1.68048390E-39,-1.03991708E+05,-2.39961943E+03,-1.72561452E+00,-4.62170631E-02,4.33298912E+04,9.99841733E+02,4.30000000E+04,1.00000000E+03,7.76992277E+06,1.63109252E+09
4.50000000E+01,1.00000000E+00,5.75401390E-01,1.39977800E+08,1.07811294E+03,2.87866808E+04,-0.00000000E+00,-0.00000000E+00,-5.71156526E-33,-1.33068212E-34,1.25137988E+08,2.78087615E+06,1.25157737E-02,2.78131507E-04,-1.25075936E+08,-2.77947652E+06,-3.05105716E-04,-1.85979484E-07,-0.00000000E+00,-0.00000000E+00,7.38496117E-38,1.68048389E-39,-0.00000000E+00,-0.00000000E+00,7.38496117E-38,1.68048389E-39,-1.06391327E+05,-2.39961943E+03,-1.77183164E+00,-4.62171392E-02,4.43297329E+04,9.99841732E+02,4.40000000E+04,1.00000000E+03,7.76992276E+06,1.63109252E+09
4.60000000E+01,1.00000000E+00,1.50803377E-01,1.39977800E+08,1.07811294E+03,2.94573533E+04,-0.00000000E+00,-0.00000000E+00,-5.84463347E-33,-1.33068212E-34,1.27918866E+08,2.78087713E+06,1.27939053E-02,2.78131605E-04,-1.27855413E+08,-2.77947749E+06,-3.05290392E-04,-1.84867287E-07,-0.00000000E+00,-0.00000000E+00,7.55300956E-38,1.68048388E-39,-0.00000000E+00,-0.00000000E+00,7.55300956E-38,1.68048388E-39,-1.08790947E+05,-2.39961943E+03,-1.81804883E+00,-4.62172027E-02,4.53295747E+04,9.99841731E+02,4.50000000E+04,1.00000000E+03,7.76992275E+06,1.63109252E+09
4.70000000E+01,1.00000000E+00,5.75401689E-01,1.39977800E+08,1.07811294E+03,3.01280258E+04,-0.00000000E+00,-0.00000000E+00,-5.97770168E-33,-1.33068212E-34,1.30699744E+08,2.78087810E+06,1.30720370E-02,2.78131703E-04,-1.30634892E+08,-2.77947847E+06,-3.05476115E-04,-1.85986096E-07,-0.00000000E+00,-0.00000000E+00,7.72105795E-38,1.68048387E-39,-0.00000000E+00,-0.00000000E+00,7.72105795E-38,1.68048387E-39,-1.11190566E+05,-2.39961943E+03,-1.86426609E+00,-4.62172786E-02,4.63294164E+04,9.99841730E+02,4.60000000E+04,1.00000000E+03,7.76992274E+06,1.63109252E+09
4.80000000E+01,1.00000000E+00,1.50803973E-01,1.39977800E+08,1.07811294E+03,3.07986983E+04,-0.00000000E+00,-0.00000000E+00,-6.11076989E-33,-1.33068212E-34,1.33480623E+08,2.78087908E+06,1.33501688E-02,2.78131801E-04,-1.33414371E+08,-2.77947945E+06,-3.05660800E-04,-1.84874755E-07,-0.00000000E+00,-0.00000000E+00,7.88910634E-38,1.68048386E-39,-0.00000000E+00,-0.00000000E+00,7.88910634E-38,1.68048386E-39,-1.13590185E+05,-2.39961942E+03,-1.91048342E+00,-4.62173421E-02,4.73292581E+04,9.99841729E+02,4.70000000E+04,1.00000000E+03,7.76992273E+06,1.63109252E+09
4.90000000E+01,1.00000000E+00,5.75401987E-01,1.39977800E+08,1.07811294E+03,3.14693708E+04,-0.00000000E+00,-0.00000000E+00,-6.24383810E-33,-1.33068212E-34,1.36261503E+08,2.78088006E+06,1.36283007E-02,2.78131899E-04,-1.36193851E+08,-2.77948043E+06,-3.05846528E-04,-1.85991258E-07,-0.00000000E+00,-0.00000000E+00,8.05715472E-38,1.68048385E-39,-0.00000000E+00,-0.00000000E+00,8.05715472E-38,1.68048385E-39,-1.15989805E+05,-2.39961942E+03,-1.95670082E+00,-4.62174180E-02,4.83290999E+04,9.99841728E+02,4.80000000E+04,1.00000000E+03,7.76992272E+06,1.63109252E+09
5.00000000E+01,1.00000000E+00,1.50804569E-01,1.39977800E+08,1.07811294E+03,3.21400433E+04,-0.00000000E+00,-0.00000000E+00,-6.37690632E-33,-1.33068212E-34,1.39042384E+08,2.78088103E+06,1.39064327E-02,2.78131997E-04,-1.38973333E+08,-2.77948140E+06,-3.06031219E-04,-1.84880589E-07,-0.00000000E+00,-0.00000000E+00,8.22520310E-38,1.68048384E-39,-0.00000000E+00,-0.00000000E+00,8.22520310E-38,1.68048384E-39,-1.18389424E+05,-2.39961942E+03,-2.00291829E+00,-4.62174813E-02,4.93289416E+04,9.99841727E+02,4.90000000E+04,1.00000000E+03,7.76992272E+06,1.63109252E+09
