Time [d],dt_flow [d],dt_tran [d],Global Water Mass in Liquid Phas [kg],Global Vaq [mol],Global Vim [mol],Top Water Mass [kg],Top Water Mass [kg/d],Top Vaq [mol],Top Vaq [mol/d],Right Water Mass [kg],Right Water Mass [kg/d],Right Vaq [mol],Right Vaq [mol/d],Left Water Mass [kg],Left Water Mass [kg/d],Left Vaq [mol],Left Vaq [mol/d],North Water Mass [kg],North Water Mass [kg/d],North Vaq [mol],North Vaq [mol/d],South Water Mass [kg],South Water Mass [kg/d],South Vaq [mol],South Vaq [mol/d],ExtractWell Water Mass [kg],ExtractWell Water Mass [kg/d],ExtractWell Vaq [mol],ExtractWell Vaq [mol/d],InjectWell Water Mass [kg],InjectWell Water Mass [kg/d],InjectWell Vaq [mol],InjectWell Vaq [mol/d],Region Region__all Water Mass [kg],Region Region__all Total Mass [kg]
1.00000000E+00,4.89000000E-01,9.00000000E-03,1.39977912E+08,5.80041225E-03,5.67287196E-03,-0.00000000E+00,-0.00000000E+00,6.10366663E-40,1.01206340E-39,5.56081753E+06,5.56091013E+06,5.56168671E-04,5.56177933E-04,-5.56034733E+06,-5.56019600E+06,-3.57289509E-04,-2.24732029E-04,-0.00000000E+00,-0.00000000E+00,6.06576020E-40,1.00577864E-39,-0.00000000E+00,-0.00000000E+00,6.06576020E-40,1.00577864E-39,-8.08070090E+02,-1.22620651E+03,-4.49588020E-08,-4.95607478E-08,3.36696069E+02,5.10919680E+02,3.36749000E-08,5.11000000E-08,7.76992896E+06,1.63109144E+09
2.00000000E+00,4.88000000E-01,8.00000000E-03,1.39977911E+08,6.46987468E+02,2.36776490E+02,-0.00000000E+00,-0.00000000E+00,-4.69759983E-35,-7.98550109E-35,1.11219842E+07,5.56117034E+06,1.11237226E-03,5.56203960E-04,-1.11201153E+07,-5.55977167E+06,-5.02676520E-04,-8.98677195E-05,-0.00000000E+00,-0.00000000E+00,1.84517781E-39,1.39935519E-39,-0.00000000E+00,-0.00000000E+00,1.84517781E-39,1.39935519E-39,-3.20769142E+03,-2.39962132E+03,-3.20465245E-05,-2.39509266E-04,1.33653888E+03,9.99842809E+02,1.00000000E+03,1.00000000E+03,7.76992890E+06,1.63109209E+09
3.00000000E+00,1.00000000E+00,5.60000000E-02,1.39977910E+08,9.04644812E+02,7.34663884E+02,-0.00000000E+00,-0.00000000E+00,-1.45761452E-34,-1.11657289E-34,1.66831687E+07,5.56118446E+06,1.66857764E-03,5.56205375E-04,-1.66799011E+07,-5.55978574E+06,-5.60577602E-04,-3.61644551E-05,-0.00000000E+00,-0.00000000E+00,3.33450246E-39,1.54965105E-39,-0.00000000E+00,-0.00000000E+00,3.33450247E-39,1.54965105E-39,-5.60731272E+03,-2.39962130E+03,-6.91309949E-03,-2.20349278E-02,2.33638168E+03,9.99842802E+02,2.00000000E+03,1.00000000E+03,7.76992884E+06,1.63109235E+09
4.00000000E+00,1.00000000E+00,4.00000000E-02,1.39977909E+08,1.00795466E+03,1.33602836E+03,-0.00000000E+00,-0.00000000E+00,-2.65078072E-34,-1.24408676E-34,2.22443667E+07,5.56119801E+06,2.22478437E-03,5.56206732E-04,-2.22397003E+07,-5.55979925E+06,-5.83804133E-04,-1.46218697E-05,-0.00000000E+00,-0.00000000E+00,4.91903117E-39,1.60739023E-39,-0.00000000E+00,-0.00000000E+00,4.91903117E-39,1.60739023E-39,-8.00693401E+03,-2.39962128E+03,-7.98681761E-02,-1.34487112E-01,3.33622448E+03,9.99842795E+02,3.00000000E+03,1.00000000E+03,7.76992878E+06,1.63109245E+09
5.00000000E+00,1.00000000E+00,4.00000000E-02,1.39977908E+08,1.04962812E+03,1.97863426E+03,-0.00000000E+00,-0.00000000E+00,-3.92577514E-34,-1.29552372E-34,2.78055777E+07,5.56121100E+06,2.78099240E-03,5.56208034E-04,-2.77995125E+07,-5.55981219E+06,-5.93196134E-04,-5.91664903E-06,-0.00000000E+00,-0.00000000E+00,6.53991092E-39,1.62971595E-39,-0.00000000E+00,-0.00000000E+00,6.53991092E-39,1.62971595E-39,-1.04065553E+04,-2.39962127E+03,-2.99408578E-01,-2.94150143E-01,4.33606727E+03,9.99842789E+02,4.00000000E+03,1.00000000E+03,7.76992873E+06,1.63109249E+09
6.00000000E+00,1.00000000E+00,4.00000000E-02,1.39977907E+08,1.06639063E+03,2.63785488E+03,-0.00000000E+00,-0.00000000E+00,-5.23373528E-34,-1.31621344E-34,3.33668011E+07,5.56122341E+06,3.33720168E-03,5.56209277E-04,-3.33593371E+07,-5.55982456E+06,-5.97052078E-04,-2.57697363E-06,-0.00000000E+00,-0.00000000E+00,8.17483338E-39,1.63833047E-39,-0.00000000E+00,-0.00000000E+00,8.17483339E-39,1.63833047E-39,-1.28061765E+04,-2.39962125E+03,-6.57817904E-01,-4.05172832E-01,5.33591005E+03,9.99842784E+02,5.00000000E+03,1.00000000E+03,7.76992867E+06,1.63109251E+09
7.00000000E+00,1.00000000E+00,4.00000000E-02,1.39977906E+08,1.07302960E+03,3.30381348E+03,-0.00000000E+00,-0.00000000E+00,-6.55506443E-34,-1.32440783E-34,3.89280363E+07,5.56123525E+06,3.89341215E-03,5.56210464E-04,-3.89191735E+07,-5.55983637E+06,-5.99802559E-04,-3.94783126E-06,-0.00000000E+00,-0.00000000E+00,9.81521600E-39,1.64160047E-39,-0.00000000E+00,-0.00000000E+00,9.81521600E-39,1.64160047E-39,-1.52057978E+04,-2.39962123E+03,-1.09362926E+00,-4.53715002E-01,6.33575283E+03,9.99842779E+02,6.00000000E+03,1.00000000E+03,7.76992863E+06,1.63109252E+09
8.00000000E+00,1.00000000E+00,4.00000000E-02,1.39977905E+08,1.07575101E+03,3.97238045E+03,-0.00000000E+00,-0.00000000E+00,-7.88156892E-34,-1.32776683E-34,4.44892829E+07,5.56124654E+06,4.44962374E-03,5.56211596E-04,-4.44790211E+07,-5.55984761E+06,-6.10938216E-04,-2.09856602E-05,-0.00000000E+00,-0.00000000E+00,1.14576223E-38,1.64288417E-39,-0.00000000E+00,-0.00000000E+00,1.14576223E-38,1.64288417E-39,-1.76054190E+04,-2.39962122E+03,-1.55797861E+00,-4.70110676E-01,7.33559561E+03,9.99842775E+02,7.00000000E+03,1.00000000E+03,7.76992858E+06,1.63109252E+09
9.00000000E+00,1.00000000E+00,4.00000000E-02,1.39977904E+08,1.07686832E+03,4.64201739E+03,-0.00000000E+00,-0.00000000E+00,-9.21019637E-34,-1.32914590E-34,5.00505402E+07,5.56125729E+06,5.00583641E-03,5.56212674E-04,-5.00388794E+07,-5.55985833E+06,-6.60974301E-04,-8.32602241E-05,-0.00000000E+00,-0.00000000E+00,1.31008221E-38,1.64338678E-39,-0.00000000E+00,-0.00000000E+00,1.31008221E-38,1.64338678E-39,-2.00050402E+04,-2.39962121E+03,-2.03110065E+00,-4.74665362E-01,8.33543838E+03,9.99842771E+02,8.00000000E+03,1.00000000E+03,7.76992853E+06,1.63109252E+09
1.00000000E+01,1.00000000E+00,4.00000000E-02,1.39977904E+08,1.07732776E+03,5.31209397E+03,-0.00000000E+00,-0.00000000E+00,-1.05396961E-33,-1.32971298E-34,5.56118077E+07,5.56126755E+06,5.56205012E-03,5.56213702E-04,-5.55987479E+07,-5.55986855E+06,-8.16122359E-04,-2.27821690E-04,-0.00000000E+00,-0.00000000E+00,1.47443321E-38,1.64358296E-39,-0.00000000E+00,-0.00000000E+00,1.47443321E-38,1.64358296E-39,-2.24046614E+04,-2.39962120E+03,-2.50649876E+00,-4.75758161E-01,9.33528114E+03,9.99842766E+02,9.00000000E+03,1.00000000E+03,7.76992849E+06,1.63109252E+09
1.10000000E+01,1.00000000E+00,2.32000000E-01,1.39977903E+08,1.07751135E+03,5.98235506E+03,-0.00000000E+00,-0.00000000E+00,-1.18695619E-33,-1.32993959E-34,6.11730851E+07,5.56127736E+06,6.11826480E-03,5.56214685E-04,-6.11586263E+07,-5.55987832E+06,-1.18589321E-03,-4.71767392E-04,-0.00000000E+00,-0.00000000E+00,1.63879653E-38,1.64365698E-39,-0.00000000E+00,-0.00000000E+00,1.63879653E-38,1.64365698E-39,-2.48042826E+04,-2.39962118E+03,-2.98242042E+00,-4.75985198E-01,1.03351239E+04,9.99842762E+02,1.00000000E+04,1.00000000E+03,7.76992845E+06,1.63109252E+09
1.20000000E+01,1.00000000E+00,2.32000000E-01,1.39977902E+08,1.07758996E+03,6.65268631E+03,-0.00000000E+00,-0.00000000E+00,-1.31995670E-33,-1.33003661E-34,6.67343718E+07,5.56128677E+06,6.67448043E-03,5.56215628E-04,-6.67185140E+07,-5.55988770E+06,-1.83978134E-03,-7.74994029E-04,-0.00000000E+00,-0.00000000E+00,1.80316427E-38,1.64368696E-39,-0.00000000E+00,-0.00000000E+00,1.80316427E-38,1.64368696E-39,-2.72039037E+04,-2.39962117E+03,-3.45844307E+00,-4.76037067E-01,1.13349667E+04,9.99842758E+02,1.10000000E+04,1.00000000E+03,7.76992841E+06,1.63109252E+09
1.30000000E+01,1.00000000E+00,2.32000000E-01,1.39977901E+08,1.07762350E+03,7.32304756E+03,-0.00000000E+00,-0.00000000E+00,-1.45296316E-33,-1.33007801E-34,7.22956677E+07,5.56129584E+06,7.23069697E-03,5.56216538E-04,-7.22784107E+07,-5.55989675E+06,-2.80297642E-03,-1.08087663E-03,-0.00000000E+00,-0.00000000E+00,1.96753378E-38,1.64369903E-39,-0.00000000E+00,-0.00000000E+00,1.96753378E-38,1.64369903E-39,-2.96035249E+04,-2.39962116E+03,-3.93448900E+00,-4.76049477E-01,1.23348094E+04,9.99842753E+02,1.20000000E+04,1.00000000E+03,7.76992837E+06,1.63109252E+09
1.40000000E+01,1.00000000E+00,2.32000000E-01,1.39977901E+08,1.07763773E+03,7.99342157E+03,-0.00000000E+00,-0.00000000E+00,-1.58597214E-33,-1.33009558E-34,7.78569723E+07,5.56130464E+06,7.78691439E-03,5.56217420E-04,-7.78383162E+07,-5.55990552E+06,-4.04754914E-03,-1.34193260E-03,-0.00000000E+00,-0.00000000E+00,2.13190401E-38,1.64370383E-39,-0.00000000E+00,-0.00000000E+00,2.13190401E-38,1.64370383E-39,-3.20031460E+04,-2.39962115E+03,-4.41054123E+00,-4.76053481E-01,1.33346522E+04,9.99842749E+02,1.30000000E+04,1.00000000E+03,7.76992834E+06,1.63109252E+09
1.50000000E+01,1.00000000E+00,1.04618689E-01,1.39977900E+08,1.07764359E+03,8.66380105E+03,-0.00000000E+00,-0.00000000E+00,-1.71898222E-33,-1.33010280E-34,8.34182855E+07,5.56131321E+06,8.34313267E-03,5.56218280E-04,-8.33982303E+07,-5.55991407E+06,-5.51893450E-03,-1.53291541E-03,-0.00000000E+00,-0.00000000E+00,2.29627452E-38,1.64370566E-39,-0.00000000E+00,-0.00000000E+00,2.29627452E-38,1.64370566E-39,-3.44027672E+04,-2.39962114E+03,-4.88659626E+00,-4.76055710E-01,1.43344949E+04,9.99842745E+02,1.40000000E+04,1.00000000E+03,7.76992830E+06,1.63109252E+09
1.60000000E+01,1.00000000E+00,3.60618689E-01,1.39977899E+08,1.07764604E+03,9.33418270E+03,-0.00000000E+00,-0.00000000E+00,-1.85199272E-33,-1.33010584E-34,8.89796071E+07,5.56132161E+06,8.89935179E-03,5.56219122E-04,-8.89581528E+07,-5.55992246E+06,-7.14107857E-03,-1.65823736E-03,-0.00000000E+00,-0.00000000E+00,2.46064514E-38,1.64370634E-39,-0.00000000E+00,-0.00000000E+00,2.46064514E-38,1.64370634E-39,-3.68023883E+04,-2.39962113E+03,-5.36265329E+00,-4.76057567E-01,1.53343376E+04,9.99842741E+02,1.50000000E+04,1.00000000E+03,7.76992826E+06,1.63109252E+09
1.70000000E+01,1.00000000E+00,3.60619651E-01,1.39977899E+08,1.07764709E+03,1.00045652E+04,-0.00000000E+00,-0.00000000E+00,-1.98500340E-33,-1.33010713E-34,9.45409370E+07,5.56132987E+06,9.45557174E-03,5.56219951E-04,-9.45180835E+07,-5.55993071E+06,-8.85363262E-03,-1.73422334E-03,-0.00000000E+00,-0.00000000E+00,2.62501579E-38,1.64370657E-39,-0.00000000E+00,-0.00000000E+00,2.62501579E-38,1.64370657E-39,-3.92020094E+04,-2.39962112E+03,-5.83871211E+00,-4.76059342E-01,1.63341804E+04,9.99842736E+02,1.60000000E+04,1.00000000E+03,7.76992823E+06,1.63109252E+09
1.80000000E+01,1.00000000E+00,3.60620598E-01,1.39977898E+08,1.07764753E+03,1.06749481E+04,-0.00000000E+00,-0.00000000E+00,-2.11801415E-33,-1.33010767E-34,1.00102275E+08,5.56133804E+06,1.00117925E-02,5.56220771E-04,-1.00078022E+08,-5.55993887E+06,-1.06186751E-02,-1.77702725E-03,-0.00000000E+00,-0.00000000E+00,2.78938645E-38,1.64370660E-39,-0.00000000E+00,-0.00000000E+00,2.78938645E-38,1.64370660E-39,-4.16016306E+04,-2.39962111E+03,-6.31477269E+00,-4.76061091E-01,1.73340231E+04,9.99842732E+02,1.70000000E+04,1.00000000E+03,7.76992820E+06,1.63109252E+09
1.90000000E+01,1.00000000E+00,3.60621534E-01,1.39977898E+08,1.07764771E+03,1.13453312E+04,-0.00000000E+00,-0.00000000E+00,-2.25102494E-33,-1.33010790E-34,1.05663621E+08,5.56134614E+06,1.05680141E-02,5.56221583E-04,-1.05637969E+08,-5.55994697E+06,-1.24120185E-02,-1.79948734E-03,-0.00000000E+00,-0.00000000E+00,2.95375711E-38,1.64370656E-39,-0.00000000E+00,-0.00000000E+00,2.95375711E-38,1.64370656E-39,-4.40012517E+04,-2.39962110E+03,-6.79083499E+00,-4.76062814E-01,1.83338658E+04,9.99842728E+02,1.80000000E+04,1.00000000E+03,7.76992816E+06,1.63109252E+09
2.00000000E+01,1.00000000E+00,3.60622463E-01,1.39977897E+08,1.07764778E+03,1.20157143E+04,-0.00000000E+00,-0.00000000E+00,-2.38403573E-33,-1.33010798E-34,1.11224975E+08,5.56135418E+06,1.11242365E-02,5.56222390E-04,-1.11197924E+08,-5.55995501E+06,-1.42197282E-02,-1.81074777E-03,-0.00000000E+00,-0.00000000E+00,3.11812776E-38,1.64370649E-39,-0.00000000E+00,-0.00000000E+00,3.11812776E-38,1.64370649E-39,-4.64008727E+04,-2.39962109E+03,-7.26689902E+00,-4.76064533E-01,1.93337086E+04,9.99842724E+02,1.90000000E+04,1.00000000E+03,7.76992813E+06,1.63109252E+09
2.10000000E+01,1.00000000E+00,3.60623386E-01,1.39977896E+08,1.07764781E+03,1.26860975E+04,-0.00000000E+00,-0.00000000E+00,-2.51704653E-33,-1.33010802E-34,1.16786338E+08,5.56136219E+06,1.16804597E-02,5.56223194E-04,-1.16757887E+08,-5.55996302E+06,-1.60344166E-02,-1.81612133E-03,-0.00000000E+00,-0.00000000E+00,3.28249840E-38,1.64370640E-39,-0.00000000E+00,-0.00000000E+00,3.28249840E-38,1.64370640E-39,-4.88004938E+04,-2.39962108E+03,-7.74296477E+00,-4.76066249E-01,2.03335513E+04,9.99842719E+02,2.00000000E+04,1.00000000E+03,7.76992810E+06,1.63109252E+09
2.20000000E+01,1.00000000E+00,3.60624305E-01,1.39977896E+08,1.07764782E+03,1.33564806E+04,-0.00000000E+00,-0.00000000E+00,-2.65005734E-33,-1.33010803E-34,1.22347708E+08,5.56137018E+06,1.22366837E-02,5.56223995E-04,-1.22317858E+08,-5.55997100E+06,-1.78523393E-02,-1.81856804E-03,-0.00000000E+00,-0.00000000E+00,3.44686904E-38,1.64370631E-39,-0.00000000E+00,-0.00000000E+00,3.44686904E-38,1.64370631E-39,-5.12001149E+04,-2.39962107E+03,-8.21903223E+00,-4.76067957E-01,2.13333940E+04,9.99842715E+02,2.10000000E+04,1.00000000E+03,7.76992806E+06,1.63109252E+09
2.30000000E+01,1.00000000E+00,3.60625222E-01,1.39977895E+08,1.07764782E+03,1.40268638E+04,-0.00000000E+00,-0.00000000E+00,-2.78306814E-33,-1.33010803E-34,1.27909086E+08,5.56137815E+06,1.27929085E-02,5.56224794E-04,-1.27877837E+08,-5.55997896E+06,-1.96717026E-02,-1.81964489E-03,-0.00000000E+00,-0.00000000E+00,3.61123966E-38,1.64370622E-39,-0.00000000E+00,-0.00000000E+00,3.61123966E-38,1.64370622E-39,-5.35997360E+04,-2.39962106E+03,-8.69510139E+00,-4.76069658E-01,2.23332367E+04,9.99842711E+02,2.20000000E+04,1.00000000E+03,7.76992803E+06,1.63109252E+09
2.40000000E+01,1.00000000E+00,3.60626138E-01,1.39977895E+08,1.07764782E+03,1.46972469E+04,-0.00000000E+00,-0.00000000E+00,-2.91607894E-33,-1.33010803E-34,1.33470472E+08,5.56138610E+06,1.33491341E-02,5.56225592E-04,-1.33437824E+08,-5.55998692E+06,-2.14916920E-02,-1.82011052E-03,-0.00000000E+00,-0.00000000E+00,3.77561028E-38,1.64370613E-39,-0.00000000E+00,-0.00000000E+00,3.77561028E-38,1.64370613E-39,-5.59993570E+04,-2.39962105E+03,-9.17117224E+00,-4.76071354E-01,2.33330794E+04,9.99842707E+02,2.30000000E+04,1.00000000E+03,7.76992800E+06,1.63109252E+09
2.50000000E+01,1.00000000E+00,3.60627052E-01,1.39977894E+08,1.07764782E+03,1.53676301E+04,-0.00000000E+00,-0.00000000E+00,-3.04908975E-33,-1.33010803E-34,1.39031866E+08,5.56139404E+06,1.39053604E-02,5.56226388E-04,-1.38997819E+08,-5.55999486E+06,-2.33119537E-02,-1.82031484E-03,-0.00000000E+00,-0.00000000E+00,3.93998088E-38,1.64370604E-39,-0.00000000E+00,-0.00000000E+00,3.93998088E-38,1.64370604E-39,-5.83989780E+04,-2.39962104E+03,-9.64724480E+00,-4.76073048E-01,2.43329221E+04,9.99842702E+02,2.40000000E+04,1.00000000E+03,7.76992796E+06,1.63109252E+09
2.60000000E+01,1.00000000E+00,3.60627965E-01,1.39977893E+08,1.07764782E+03,1.60380132E+04,-0.00000000E+00,-0.00000000E+00,-3.18210055E-33,-1.33010803E-34,1.44593268E+08,5.56140197E+06,1.44615876E-02,5.56227184E-04,-1.44557822E+08,-5.56000279E+06,-2.51323398E-02,-1.82041167E-03,-0.00000000E+00,-0.00000000E+00,4.10435148E-38,1.64370595E-39,-0.00000000E+00,-0.00000000E+00,4.10435148E-38,1.64370595E-39,-6.07985991E+04,-2.39962103E+03,-1.01233190E+01,-4.76074741E-01,2.53327648E+04,9.99842698E+02,2.50000000E+04,1.00000000E+03,7.76992793E+06,1.63109252E+09
2.70000000E+01,1.00000000E+00,3.60628878E-01,1.39977893E+08,1.07764782E+03,1.67083964E+04,-0.00000000E+00,-0.00000000E+00,-3.31511135E-33,-1.33010803E-34,1.50154678E+08,5.56140990E+06,1.50178156E-02,5.56227979E-04,-1.50117833E+08,-5.56001071E+06,-2.69527910E-02,-1.82046580E-03,-0.00000000E+00,-0.00000000E+00,4.26872207E-38,1.64370586E-39,-0.00000000E+00,-0.00000000E+00,4.26872207E-38,1.64370586E-39,-6.31982201E+04,-2.39962102E+03,-1.05993950E+01,-4.76076432E-01,2.63326075E+04,9.99842694E+02,2.60000000E+04,1.00000000E+03,7.76992790E+06,1.63109252E+09
2.80000000E+01,1.00000000E+00,3.60629790E-01,1.39977892E+08,1.07764782E+03,1.73787796E+04,-0.00000000E+00,-0.00000000E+00,-3.44812215E-33,-1.33010802E-34,1.55716096E+08,5.56141782E+06,1.55740444E-02,5.56228773E-04,-1.55677851E+08,-5.56001863E+06,-2.87732841E-02,-1.82050348E-03,-0.00000000E+00,-0.00000000E+00,4.43309265E-38,1.64370577E-39,-0.00000000E+00,-0.00000000E+00,4.43309265E-38,1.64370577E-39,-6.55978411E+04,-2.39962101E+03,-1.10754726E+01,-4.76078122E-01,2.73324502E+04,9.99842690E+02,2.70000000E+04,1.00000000E+03,7.76992786E+06,1.63109252E+09
2.90000000E+01,1.00000000E+00,3.60630702E-01,1.39977892E+08,1.07764781E+03,1.80491627E+04,-0.00000000E+00,-0.00000000E+00,-3.58113296E-33,-1.33010802E-34,1.61277521E+08,5.56142573E+06,1.61302740E-02,5.56229567E-04,-1.61237878E+08,-5.56002655E+06,-3.05938102E-02,-1.82053500E-03,-0.00000000E+00,-0.00000000E+00,4.59746322E-38,1.64370568E-39,-0.00000000E+00,-0.00000000E+00,4.59746322E-38,1.64370568E-39,-6.79974621E+04,-2.39962100E+03,-1.15515519E+01,-4.76079812E-01,2.83322929E+04,9.99842685E+02,2.80000000E+04,1.00000000E+03,7.76992783E+06,1.63109252E+09
3.00000000E+01,1.00000000E+00,3.60631613E-01,1.39977891E+08,1.07764781E+03,1.87195459E+04,-0.00000000E+00,-0.00000000E+00,-3.71414376E-33,-1.33010802E-34,1.66838955E+08,5.56143364E+06,1.66865043E-02,5.56230360E-04,-1.66797912E+08,-5.56003445E+06,-3.24143661E-02,-1.82056425E-03,-0.00000000E+00,-0.00000000E+00,4.76183378E-38,1.64370559E-39,-0.00000000E+00,-0.00000000E+00,4.76183378E-38,1.64370559E-39,-7.03970831E+04,-2.39962099E+03,-1.20276329E+01,-4.76081501E-01,2.93321356E+04,9.99842681E+02,2.90000000E+04,1.00000000E+03,7.76992780E+06,1.63109252E+09
3.10000000E+01,1.00000000E+00,3.60632524E-01,1.39977890E+08,1.07764781E+03,1.93899290E+04,-0.00000000E+00,-0.00000000E+00,-3.84715456E-33,-1.33010802E-34,1.72400397E+08,5.56144154E+06,1.72427355E-02,5.56231153E-04,-1.72357955E+08,-5.56004235E+06,-3.42349506E-02,-1.82059268E-03,-0.00000000E+00,-0.00000000E+00,4.92620433E-38,1.64370550E-39,-0.00000000E+00,-0.00000000E+00,4.92620433E-38,1.64370550E-39,-7.27967041E+04,-2.39962098E+03,-1.25037156E+01,-4.76083189E-01,3.03319782E+04,9.99842677E+02,3.00000000E+04,1.00000000E+03,7.76992777E+06,1.63109252E+09
3.20000000E+01,1.00000000E+00,3.60633435E-01,1.39977890E+08,1.07764781E+03,2.00603122E+04,-0.00000000E+00,-0.00000000E+00,-3.98016536E-33,-1.33010801E-34,1.77961846E+08,5.56144943E+06,1.77989674E-02,5.56231945E-04,-1.77918005E+08,-5.56005025E+06,-3.60555634E-02,-1.82062081E-03,-0.00000000E+00,-0.00000000E+00,5.09057487E-38,1.64370541E-39,-0.00000000E+00,-0.00000000E+00,5.09057487E-38,1.64370541E-39,-7.51963250E+04,-2.39962097E+03,-1.29798000E+01,-4.76084877E-01,3.13318209E+04,9.99842673E+02,3.10000000E+04,1.00000000E+03,7.76992773E+06,1.63109252E+09
3.30000000E+01,1.00000000E+00,3.60634346E-01,1.39977889E+08,1.07764781E+03,2.07306953E+04,-0.00000000E+00,-0.00000000E+00,-4.11317616E-33,-1.33010801E-34,1.83523303E+08,5.56145732E+06,1.83552001E-02,5.56232736E-04,-1.83478063E+08,-5.56005814E+06,-3.78762042E-02,-1.82064883E-03,-0.00000000E+00,-0.00000000E+00,5.25494541E-38,1.64370533E-39,-0.00000000E+00,-0.00000000E+00,5.25494541E-38,1.64370533E-39,-7.75959460E+04,-2.39962096E+03,-1.34558861E+01,-4.76086565E-01,3.23316636E+04,9.99842669E+02,3.20000000E+04,1.00000000E+03,7.76992770E+06,1.63109252E+09
3.40000000E+01,1.00000000E+00,3.60635257E-01,1.39977889E+08,1.07764780E+03,2.14010785E+04,-0.00000000E+00,-0.00000000E+00,-4.24618696E-33,-1.33010801E-34,1.89084769E+08,5.56146521E+06,1.89114337E-02,5.56233527E-04,-1.89038129E+08,-5.56006602E+06,-3.96968730E-02,-1.82067680E-03,-0.00000000E+00,-0.00000000E+00,5.41931594E-38,1.64370524E-39,-0.00000000E+00,-0.00000000E+00,5.41931594E-38,1.64370524E-39,-7.99955669E+04,-2.39962095E+03,-1.39319738E+01,-4.76088252E-01,3.33315063E+04,9.99842664E+02,3.30000000E+04,1.00000000E+03,7.76992767E+06,1.63109252E+09
3.50000000E+01,1.00000000E+00,3.60636167E-01,1.39977888E+08,1.07764780E+03,2.20714616E+04,-0.00000000E+00,-0.00000000E+00,-4.37919776E-33,-1.33010801E-34,1.94646242E+08,5.56147309E+06,1.94676680E-02,5.56234318E-04,-1.94598203E+08,-5.56007390E+06,-4.15175697E-02,-1.82070474E-03,-0.00000000E+00,-0.00000000E+00,5.58368645E-38,1.64370515E-39,-0.00000000E+00,-0.00000000E+00,5.58368645E-38,1.64370515E-39,-8.23951879E+04,-2.39962094E+03,-1.44080633E+01,-4.76089939E-01,3.43313489E+04,9.99842660E+02,3.40000000E+04,1.00000000E+03,7.76992763E+06,1.63109252E+09
3.60000000E+01,1.00000000E+00,3.60637077E-01,1.39977888E+08,1.07764780E+03,2.27418447E+04,-0.00000000E+00,-0.00000000E+00,-4.51220856E-33,-1.33010801E-34,2.00207723E+08,5.56148096E+06,2.00239031E-02,5.56235108E-04,-2.00158285E+08,-5.56008177E+06,-4.33382944E-02,-1.82073267E-03,-0.00000000E+00,-0.00000000E+00,5.74805696E-38,1.64370507E-39,-0.00000000E+00,-0.00000000E+00,5.74805696E-38,1.64370507E-39,-8.47948088E+04,-2.39962093E+03,-1.48841544E+01,-4.76091625E-01,3.53311916E+04,9.99842656E+02,3.50000000E+04,1.00000000E+03,7.76992760E+06,1.63109252E+09
3.70000000E+01,1.00000000E+00,3.60637987E-01,1.39977887E+08,1.07764780E+03,2.34122279E+04,-0.00000000E+00,-0.00000000E+00,-4.64521937E-33,-1.33010800E-34,2.05769211E+08,5.56148883E+06,2.05801390E-02,5.56235897E-04,-2.05718374E+08,-5.56008964E+06,-4.51590470E-02,-1.82076059E-03,-0.00000000E+00,-0.00000000E+00,5.91242746E-38,1.64370498E-39,-0.00000000E+00,-0.00000000E+00,5.91242746E-38,1.64370498E-39,-8.71944297E+04,-2.39962092E+03,-1.53602472E+01,-4.76093311E-01,3.63310342E+04,9.99842652E+02,3.60000000E+04,1.00000000E+03,7.76992757E+06,1.63109252E+09
3.80000000E+01,1.00000000E+00,3.60638896E-01,1.39977886E+08,1.07764780E+03,2.40826110E+04,-0.00000000E+00,-0.00000000E+00,-4.77823017E-33,-1.33010800E-34,2.11330708E+08,5.56149669E+06,2.11363757E-02,5.56236686E-04,-2.11278472E+08,-5.56009750E+06,-4.69798275E-02,-1.82078850E-03,-0.00000000E+00,-0.00000000E+00,6.07679795E-38,1.64370490E-39,-0.00000000E+00,-0.00000000E+00,6.07679795E-38,1.64370490E-39,-8.95940506E+04,-2.39962091E+03,-1.58363417E+01,-4.76094996E-01,3.73308769E+04,9.99842647E+02,3.70000000E+04,1.00000000E+03,7.76992754E+06,1.63109252E+09
3.90000000E+01,1.00000000E+00,3.60639806E-01,1.39977886E+08,1.07764780E+03,2.47529942E+04,-0.00000000E+00,-0.00000000E+00,-4.91124097E-33,-1.33010800E-34,2.16892213E+08,5.56150455E+06,2.16926132E-02,5.56237474E-04,-2.16838577E+08,-5.56010536E+06,-4.88006359E-02,-1.82081641E-03,-0.00000000E+00,-0.00000000E+00,6.24116844E-38,1.64370481E-39,-0.00000000E+00,-0.00000000E+00,6.24116844E-38,1.64370481E-39,-9.19936715E+04,-2.39962090E+03,-1.63124379E+01,-4.76096681E-01,3.83307195E+04,9.99842643E+02,3.80000000E+04,1.00000000E+03,7.76992750E+06,1.63109252E+09
4.00000000E+01,1.00000000E+00,3.60640715E-01,1.39977885E+08,1.07764779E+03,2.54233773E+04,-0.00000000E+00,-0.00000000E+00,-5.04425176E-33,-1.33010800E-34,2.22453725E+08,5.56151240E+06,2.22488514E-02,5.56238261E-04,-2.22398690E+08,-5.56011321E+06,-5.06214722E-02,-1.82084430E-03,-0.00000000E+00,-0.00000000E+00,6.40553891E-38,1.64370473E-39,-0.00000000E+00,-0.00000000E+00,6.40553891E-38,1.64370473E-39,-9.43932924E+04,-2.39962089E+03,-1.67885358E+01,-4.76098365E-01,3.93305622E+04,9.99842639E+02,3.90000000E+04,1.00000000E+03,7.76992747E+06,1.63109252E+09
4.10000000E+01,1.00000000E+00,3.60641623E-01,1.39977885E+08,1.07764779E+03,2.60937604E+04,-0.00000000E+00,-0.00000000E+00,-5.17726256E-33,-1.33010799E-34,2.28015245E+08,5.56152025E+06,2.28050905E-02,5.56239048E-04,-2.27958811E+08,-5.56012106E+06,-5.24423364E-02,-1.82087219E-03,-0.00000000E+00,-0.00000000E+00,6.56990938E-38,1.64370465E-39,-0.00000000E+00,-0.00000000E+00,6.56990938E-38,1.64370465E-39,-9.67929133E+04,-2.39962088E+03,-1.72646353E+01,-4.76100049E-01,4.03304048E+04,9.99842635E+02,4.00000000E+04,1.00000000E+03,7.76992744E+06,1.63109252E+09
4.20000000E+01,1.00000000E+00,3.60642532E-01,1.39977884E+08,1.07764779E+03,2.67641436E+04,-0.00000000E+00,-0.00000000E+00,-5.31027336E-33,-1.33010799E-34,2.33576773E+08,5.56152809E+06,2.33613303E-02,5.56239835E-04,-2.33518940E+08,-5.56012890E+06,-5.42632285E-02,-1.82090007E-03,-0.00000000E+00,-0.00000000E+00,6.73427984E-38,1.64370456E-39,-0.00000000E+00,-0.00000000E+00,6.73427984E-38,1.64370456E-39,-9.91925342E+04,-2.39962087E+03,-1.77407366E+01,-4.76101733E-01,4.13302474E+04,9.99842630E+02,4.10000000E+04,1.00000000E+03,7.76992741E+06,1.63109252E+09
4.30000000E+01,1.00000000E+00,3.60643440E-01,1.39977883E+08,1.07764779E+03,2.74345267E+04,-0.00000000E+00,-0.00000000E+00,-5.44328416E-33,-1.33010799E-34,2.39138309E+08,5.56153592E+06,2.39175709E-02,5.56240621E-04,-2.39079077E+08,-5.56013673E+06,-5.60841484E-02,-1.82092794E-03,-0.00000000E+00,-0.00000000E+00,6.89865029E-38,1.64370448E-39,-0.00000000E+00,-0.00000000E+00,6.89865029E-38,1.64370448E-39,-1.01592155E+05,-2.39962086E+03,-1.82168395E+01,-4.76103416E-01,4.23300900E+04,9.99842626E+02,4.20000000E+04,1.00000000E+03,7.76992737E+06,1.63109252E+09
4.40000000E+01,1.00000000E+00,3.60644348E-01,1.39977883E+08,1.07764779E+03,2.81049099E+04,-0.00000000E+00,-0.00000000E+00,-5.57629496E-33,-1.33010799E-34,2.44699853E+08,5.56154375E+06,2.44738123E-02,5.56241407E-04,-2.44639222E+08,-5.56014456E+06,-5.79050963E-02,-1.82095581E-03,-0.00000000E+00,-0.00000000E+00,7.06302073E-38,1.64370440E-39,-0.00000000E+00,-0.00000000E+00,7.06302073E-38,1.64370440E-39,-1.03991776E+05,-2.39962085E+03,-1.86929441E+01,-4.76105099E-01,4.33299327E+04,9.99842622E+02,4.30000000E+04,1.00000000E+03,7.76992734E+06,1.63109252E+09
4.50000000E+01,1.00000000E+00,3.60645256E-01,1.39977882E+08,1.07764778E+03,2.87752930E+04,-0.00000000E+00,-0.00000000E+00,-5.70930576E-33,-1.33010798E-34,2.50261405E+08,5.56155158E+06,2.50300545E-02,5.56242192E-04,-2.50199374E+08,-5.56015239E+06,-5.97260719E-02,-1.82098367E-03,-0.00000000E+00,-0.00000000E+00,7.22739117E-38,1.64370432E-39,-0.00000000E+00,-0.00000000E+00,7.22739117E-38,1.64370432E-39,-1.06391397E+05,-2.39962084E+03,-1.91690504E+01,-4.76106781E-01,4.43297753E+04,9.99842618E+02,4.40000000E+04,1.00000000E+03,7.76992731E+06,1.63109252E+09
4.60000000E+01,1.00000000E+00,3.60646164E-01,1.39977882E+08,1.07764778E+03,2.94456761E+04,-0.00000000E+00,-0.00000000E+00,-5.84231656E-33,-1.33010798E-34,2.55822964E+08,5.56155940E+06,2.55862975E-02,5.56242976E-04,-2.55759534E+08,-5.56016021E+06,-6.15470755E-02,-1.82101152E-03,-0.00000000E+00,-0.00000000E+00,7.39176159E-38,1.64370424E-39,-0.00000000E+00,-0.00000000E+00,7.39176159E-38,1.64370424E-39,-1.08791018E+05,-2.39962083E+03,-1.96451584E+01,-4.76108463E-01,4.53296179E+04,9.99842614E+02,4.50000000E+04,1.00000000E+03,7.76992728E+06,1.63109252E+09
4.70000000E+01,1.00000000E+00,3.60647071E-01,1.39977881E+08,1.07764778E+03,3.01160593E+04,-0.00000000E+00,-0.00000000E+00,-5.97532736E-33,-1.33010798E-34,2.61384531E+08,5.56156721E+06,2.61425413E-02,5.56243760E-04,-2.61319702E+08,-5.56016802E+06,-6.33681069E-02,-1.82103936E-03,-0.00000000E+00,-0.00000000E+00,7.55613201E-38,1.64370416E-39,-0.00000000E+00,-0.00000000E+00,7.55613201E-38,1.64370416E-39,-1.11190638E+05,-2.39962082E+03,-2.01212680E+01,-4.76110144E-01,4.63294605E+04,9.99842609E+02,4.60000000E+04,1.00000000E+03,7.76992724E+06,1.63109252E+09
4.80000000E+01,1.00000000E+00,3.60647978E-01,1.39977880E+08,1.07764778E+03,3.07864424E+04,-0.00000000E+00,-0.00000000E+00,-6.10833815E-33,-1.33010798E-34,2.66946106E+08,5.56157502E+06,2.66987858E-02,5.56244543E-04,-2.66879878E+08,-5.56017583E+06,-6.51891661E-02,-1.82106720E-03,-0.00000000E+00,-0.00000000E+00,7.72050242E-38,1.64370408E-39,-0.00000000E+00,-0.00000000E+00,7.72050242E-38,1.64370408E-39,-1.13590259E+05,-2.39962081E+03,-2.05973793E+01,-4.76111825E-01,4.73293031E+04,9.99842605E+02,4.70000000E+04,1.00000000E+03,7.76992721E+06,1.63109252E+09
4.90000000E+01,1.00000000E+00,3.60648885E-01,1.39977880E+08,1.07764778E+03,3.14568255E+04,-0.00000000E+00,-0.00000000E+00,-6.24134895E-33,-1.33010798E-34,2.72507689E+08,5.56158283E+06,2.72550311E-02,5.56245326E-04,-2.72440062E+08,-5.56018363E+06,-6.70102531E-02,-1.82109503E-03,-0.00000000E+00,-0.00000000E+00,7.88487282E-38,1.64370400E-39,-0.00000000E+00,-0.00000000E+00,7.88487282E-38,1.64370400E-39,-1.15989880E+05,-2.39962080E+03,-2.10734924E+01,-4.76113506E-01,4.83291457E+04,9.99842601E+02,4.80000000E+04,1.00000000E+03,7.76992718E+06,1.63109252E+09
5.00000000E+01,1.00000000E+00,3.60649792E-01,1.39977879E+08,1.07764777E+03,3.21272086E+04,-0.00000000E+00,-0.00000000E+00,-6.37435975E-33,-1.33010797E-34,2.78069280E+08,5.56159063E+06,2.78112772E-02,5.56246109E-04,-2.78000253E+08,-5.56019143E+06,-6.88313680E-02,-1.82112286E-03,-0.00000000E+00,-0.00000000E+00,8.04924322E-38,1.64370392E-39,-0.00000000E+00,-0.00000000E+00,8.04924322E-38,1.64370392E-39,-1.18389501E+05,-2.39962079E+03,-2.15496071E+01,-4.76115186E-01,4.93289883E+04,9.99842597E+02,4.90000000E+04,1.00000000E+03,7.76992715E+06,1.63109252E+09
