Time [d],dt_flow [d],dt_tran [d],Global Water Mass in Liquid Phas [kg],Global Vaq [mol],Global Vim [mol],Top Water Mass [kg],Top Water Mass [kg/d],Top Vaq [mol],Top Vaq [mol/d],Right Water Mass [kg],Right Water Mass [kg/d],Right Vaq [mol],Right Vaq [mol/d],Left Water Mass [kg],Left Water Mass [kg/d],Left Vaq [mol],Left Vaq [mol/d],North Water Mass [kg],North Water Mass [kg/d],North Vaq [mol],North Vaq [mol/d],South Water Mass [kg],South Water Mass [kg/d],South Vaq [mol],South Vaq [mol/d],ExtractWell Water Mass [kg],ExtractWell Water Mass [kg/d],ExtractWell Vaq [mol],ExtractWell Vaq [mol/d],InjectWell Water Mass [kg],InjectWell Water Mass [kg/d],InjectWell Vaq [mol],InjectWell Vaq [mol/d],Region Region__all Water Mass [kg],Region Region__all Total Mass [kg]
1.00000000E+00,4.89000000E-01,3.27307634E-02,1.39979932E+08,7.22750082E-03,6.07139204E-03,-0.00000000E+00,-0.00000000E+00,5.31295250E-40,8.35919899E-40,6.25704999E+07,6.25758621E+07,6.25783939E-03,6.25837684E-03,-6.25701439E+07,-6.25752463E+07,-4.03768863E-03,-2.51317849E-03,-0.00000000E+00,-0.00000000E+00,5.27995371E-40,8.30728155E-40,-0.00000000E+00,-0.00000000E+00,5.27995371E-40,8.30728155E-40,-8.08081813E+02,-1.22622417E+03,-4.56166478E-08,-5.22160365E-08,3.36706295E+02,5.10935157E+02,3.36749000E-08,5.11000000E-08,7.77004111E+06,1.63109144E+09
2.00000000E+00,4.88000000E-01,2.36424374E-02,1.39979849E+08,6.46972060E+02,2.36734224E+02,-0.00000000E+00,-0.00000000E+00,-4.69676122E-35,-7.98531092E-35,1.25155947E+08,6.25884544E+07,1.25171774E-02,6.25963965E-03,-1.25154275E+08,-6.25871351E+07,-1.13852897E-02,-6.88842913E-02,-0.00000000E+00,-0.00000000E+00,1.46506302E-39,9.88095272E-40,-0.00000000E+00,-0.00000000E+00,1.46506302E-39,9.88095272E-40,-3.20773670E+03,-2.39965456E+03,-7.89796240E-02,-4.06231465E-01,1.33657901E+03,9.99872582E+02,1.00000000E+03,1.00000000E+03,7.77003646E+06,1.63109209E+09
3.00000000E+00,1.00000000E+00,3.98531823E-02,1.39979771E+08,8.92992774E+02,7.32227955E+02,-0.00000000E+00,-0.00000000E+00,-1.45278133E-34,-1.10219094E-34,1.87755989E+08,6.26000419E+07,1.87779794E-02,6.26080198E-03,-1.87752994E+08,-6.25987195E+07,-1.43767341E+01,-5.13771708E+01,-0.00000000E+00,-0.00000000E+00,2.46151528E-39,9.98895707E-40,-0.00000000E+00,-0.00000000E+00,2.46151528E-39,9.98895707E-40,-5.60739002E+03,-2.39965332E+03,-9.31787824E-01,-1.00796318E+00,2.33645108E+03,9.99872073E+02,2.00000000E+03,1.00000000E+03,7.77003216E+06,1.63109234E+09
4.00000000E+00,1.00000000E+00,1.21268663E-02,1.39979694E+08,9.33696185E+02,1.30643558E+03,-0.00000000E+00,-0.00000000E+00,-2.59206489E-34,-1.15243058E-34,2.50367518E+08,6.26115292E+07,2.50399337E-02,6.26195429E-03,-2.50363201E+08,-6.26102062E+07,-1.16539945E+02,-1.28295226E+02,-0.00000000E+00,-0.00000000E+00,3.46045855E-39,9.98928514E-40,-0.00000000E+00,-0.00000000E+00,3.46045855E-39,9.98928514E-40,-8.00704212E+03,-2.39965210E+03,-1.94380700E+00,-1.01257649E+00,3.33632266E+03,9.99871575E+02,3.00000000E+03,1.00000000E+03,7.77002790E+06,1.63109238E+09
5.00000000E+00,1.00000000E+00,1.22910395E-02,1.39979618E+08,9.34532930E+02,1.88770930E+03,-0.00000000E+00,-0.00000000E+00,-3.74536848E-34,-1.15346337E-34,3.12990508E+08,6.26229901E+07,3.13030376E-02,6.26310395E-03,-3.12984867E+08,-6.26216670E+07,-2.48033915E+02,-1.32226331E+02,-0.00000000E+00,-0.00000000E+00,4.45933107E-39,9.98838913E-40,-0.00000000E+00,-0.00000000E+00,4.45933107E-39,9.98838913E-40,-1.04066930E+04,-2.39965091E+03,-2.95639498E+00,-1.01257679E+00,4.33619374E+03,9.99871087E+02,4.00000000E+03,1.00000000E+03,7.77002364E+06,1.63109238E+09
6.00000000E+00,1.00000000E+00,1.24518252E-02,1.39979541E+08,9.34489315E+02,2.46904893E+03,-0.00000000E+00,-0.00000000E+00,-4.89880284E-34,-1.15340953E-34,3.75624946E+08,6.26344381E+07,3.75672900E-02,6.26425234E-03,-3.75617983E+08,-6.26331150E+07,-3.80309967E+02,-1.32286639E+02,-0.00000000E+00,-0.00000000E+00,5.45811420E-39,9.98749731E-40,-0.00000000E+00,-0.00000000E+00,5.45811420E-39,9.98749731E-40,-1.28063428E+04,-2.39964974E+03,-3.96898133E+00,-1.01257518E+00,5.33606435E+03,9.99870608E+02,5.00000000E+03,1.00000000E+03,7.77001938E+06,1.63109238E+09
7.00000000E+00,1.00000000E+00,1.26094857E-02,1.39979464E+08,9.34443822E+02,3.05036023E+03,-0.00000000E+00,-0.00000000E+00,-6.05218101E-34,-1.15335338E-34,4.38270822E+08,6.26458756E+07,4.38326897E-02,6.26539967E-03,-4.38262535E+08,-6.26445525E+07,-5.12630132E+02,-1.32328160E+02,-0.00000000E+00,-0.00000000E+00,6.45680851E-39,9.98661139E-40,-0.00000000E+00,-0.00000000E+00,6.45680851E-39,9.98661140E-40,-1.52059914E+04,-2.39964860E+03,-4.98156592E+00,-1.01257365E+00,6.33593449E+03,9.99870138E+02,6.00000000E+03,1.00000000E+03,7.77001512E+06,1.63109238E+09
8.00000000E+00,1.00000000E+00,1.27642247E-02,1.39979387E+08,9.34399180E+02,3.63164353E+03,-0.00000000E+00,-0.00000000E+00,-7.20550361E-34,-1.15329828E-34,5.00928125E+08,6.26573028E+07,5.00992356E-02,6.26654598E-03,-5.00918515E+08,-6.26559798E+07,-6.44991202E+02,-1.32368921E+02,-0.00000000E+00,-0.00000000E+00,7.45541460E-39,9.98573125E-40,-0.00000000E+00,-0.00000000E+00,7.45541460E-39,9.98573126E-40,-1.76056388E+04,-2.39964747E+03,-5.99414884E+00,-1.01257219E+00,7.33580416E+03,9.99869676E+02,7.00000000E+03,1.00000000E+03,7.77001086E+06,1.63109238E+09
9.00000000E+00,1.00000000E+00,1.29162220E-02,1.39979311E+08,9.34355336E+02,4.21289934E+03,-0.00000000E+00,-0.00000000E+00,-8.35877166E-34,-1.15324416E-34,5.63596845E+08,6.26687200E+07,5.63669269E-02,6.26769128E-03,-5.63585912E+08,-6.26673969E+07,-7.77392467E+02,-1.32408981E+02,-0.00000000E+00,-0.00000000E+00,8.45393303E-39,9.98485683E-40,-0.00000000E+00,-0.00000000E+00,8.45393303E-39,9.98485684E-40,-2.00052852E+04,-2.39964636E+03,-7.00673016E+00,-1.01257077E+00,8.33567339E+03,9.99869222E+02,8.00000000E+03,1.00000000E+03,7.77000660E+06,1.63109238E+09
1.00000000E+01,1.00000000E+00,1.30709706E-02,1.39979234E+08,9.34312243E+02,4.79412814E+03,-0.00000000E+00,-0.00000000E+00,-9.51198612E-34,-1.15319097E-34,6.26276972E+08,6.26801270E+07,6.26357625E-02,6.26883557E-03,-6.26264716E+08,-6.26788040E+07,-9.09833259E+02,-1.32448382E+02,-0.00000000E+00,-0.00000000E+00,9.45236436E-39,9.98398806E-40,-0.00000000E+00,-0.00000000E+00,9.45236437E-39,9.98398808E-40,-2.24049305E+04,-2.39964527E+03,-8.01930995E+00,-1.01256941E+00,9.33554216E+03,9.99868775E+02,9.00000000E+03,1.00000000E+03,7.77000233E+06,1.63109238E+09
1.10000000E+01,1.00000000E+00,1.32444545E-02,1.39979157E+08,9.34269855E+02,5.37533037E+03,-0.00000000E+00,-0.00000000E+00,-1.06651479E-33,-1.15313866E-34,6.88968496E+08,6.26915241E+07,6.89057414E-02,6.26997887E-03,-6.88954917E+08,-6.26902011E+07,-1.04231295E+03,-1.32487162E+02,-0.00000000E+00,-0.00000000E+00,1.04507092E-38,9.98312489E-40,-0.00000000E+00,-0.00000000E+00,1.04507092E-38,9.98312491E-40,-2.48045747E+04,-2.39964419E+03,-9.03188825E+00,-1.01256810E+00,1.03354105E+04,9.99868334E+02,1.00000000E+04,1.00000000E+03,7.76999807E+06,1.63109238E+09
1.20000000E+01,1.00000000E+00,1.34176318E-02,1.39979080E+08,9.34228134E+02,5.95650647E+03,-0.00000000E+00,-0.00000000E+00,-1.18182578E-33,-1.15308716E-34,7.51671407E+08,6.27029112E+07,7.51768625E-02,6.27112117E-03,-7.51656505E+08,-6.27015882E+07,-1.17483095E+03,-1.32525355E+02,-0.00000000E+00,-0.00000000E+00,1.14489680E-38,9.98226727E-40,-0.00000000E+00,-0.00000000E+00,1.14489680E-38,9.98226728E-40,-2.72042178E+04,-2.39964314E+03,-1.00444651E+01,-1.01256674E+00,1.13352784E+04,9.99867900E+02,1.10000000E+04,1.00000000E+03,7.76999381E+06,1.63109238E+09
1.30000000E+01,1.00000000E+00,1.35896972E-02,1.39979003E+08,9.34187041E+02,6.53765683E+03,-0.00000000E+00,-0.00000000E+00,-1.29713166E-33,-1.15303644E-34,8.14385696E+08,6.27142884E+07,8.14491250E-02,6.27226249E-03,-8.14369470E+08,-6.27129654E+07,-1.30738669E+03,-1.32562991E+02,-0.00000000E+00,-0.00000000E+00,1.24471414E-38,9.98141513E-40,-0.00000000E+00,-0.00000000E+00,1.24471415E-38,9.98141515E-40,-2.96038599E+04,-2.39964209E+03,-1.10570404E+01,-1.01256537E+00,1.23351459E+04,9.99867472E+02,1.20000000E+04,1.00000000E+03,7.76998955E+06,1.63109238E+09
1.40000000E+01,1.00000000E+00,1.37606363E-02,1.39978927E+08,9.34146545E+02,7.11878184E+03,-0.00000000E+00,-0.00000000E+00,-1.41243251E-33,-1.15298646E-34,8.77111351E+08,6.27256558E+07,8.77225278E-02,6.27340282E-03,-8.77093803E+08,-6.27243328E+07,-1.43997964E+03,-1.32600100E+02,-0.00000000E+00,-0.00000000E+00,1.34452300E-38,9.98056844E-40,-0.00000000E+00,-0.00000000E+00,1.34452300E-38,9.98056845E-40,-3.20035009E+04,-2.39964106E+03,-1.20696143E+01,-1.01256402E+00,1.33350129E+04,9.99867050E+02,1.30000000E+04,1.00000000E+03,7.76998528E+06,1.63109238E+09
1.50000000E+01,1.00000000E+00,1.39304388E-02,1.39978850E+08,9.34106614E+02,7.69988185E+03,-0.00000000E+00,-0.00000000E+00,-1.52772841E-33,-1.15293717E-34,9.39848365E+08,6.27370133E+07,9.39970700E-02,6.27454217E-03,-9.39829494E+08,-6.27356903E+07,-1.57260930E+03,-1.32636707E+02,-0.00000000E+00,-0.00000000E+00,1.44432342E-38,9.97972712E-40,-0.00000000E+00,-0.00000000E+00,1.44432342E-38,9.97972714E-40,-3.44031410E+04,-2.39964004E+03,-1.30821867E+01,-1.01256270E+00,1.43348796E+04,9.99866633E+02,1.40000000E+04,1.00000000E+03,7.76998102E+06,1.63109238E+09
1.60000000E+01,1.00000000E+00,1.40990983E-02,1.39978773E+08,9.34067221E+02,8.28095721E+03,-0.00000000E+00,-0.00000000E+00,-1.64301941E-33,-1.15288855E-34,1.00259673E+09,6.27483611E+07,1.00272751E-01,6.27568054E-03,-1.00257653E+09,-6.27470381E+07,-1.70527517E+03,-1.32672836E+02,-0.00000000E+00,-0.00000000E+00,1.54411546E-38,9.97889114E-40,-0.00000000E+00,-0.00000000E+00,1.54411546E-38,9.97889116E-40,-3.68027800E+04,-2.39963904E+03,-1.40947577E+01,-1.01256142E+00,1.53347458E+04,9.99866222E+02,1.50000000E+04,1.00000000E+03,7.76997675E+06,1.63109238E+09
1.70000000E+01,1.00000000E+00,1.42708599E-02,1.39978696E+08,9.34028340E+02,8.86200825E+03,-0.00000000E+00,-0.00000000E+00,-1.75830558E-33,-1.15284056E-34,1.06535642E+09,6.27596992E+07,1.06549568E-01,6.27681795E-03,-1.06533491E+09,-6.27583762E+07,-1.83797681E+03,-1.32708510E+02,-0.00000000E+00,-0.00000000E+00,1.64389918E-38,9.97806044E-40,-0.00000000E+00,-0.00000000E+00,1.64389918E-38,9.97806045E-40,-3.92024181E+04,-2.39963805E+03,-1.51073273E+01,-1.01256015E+00,1.63346116E+04,9.99865815E+02,1.60000000E+04,1.00000000E+03,7.76997248E+06,1.63109238E+09
1.80000000E+01,1.00000000E+00,1.44487872E-02,1.39978619E+08,9.33989947E+02,9.44303526E+03,-0.00000000E+00,-0.00000000E+00,-1.87358699E-33,-1.15279317E-34,1.12812745E+09,6.27710276E+07,1.12827523E-01,6.27795439E-03,-1.12810461E+09,-6.27697046E+07,-1.97071378E+03,-1.32743749E+02,-0.00000000E+00,-0.00000000E+00,1.74367462E-38,9.97723496E-40,-0.00000000E+00,-0.00000000E+00,1.74367462E-38,9.97723498E-40,-4.16020551E+04,-2.39963707E+03,-1.61198956E+01,-1.01255891E+00,1.73344770E+04,9.99865413E+02,1.70000000E+04,1.00000000E+03,7.76996822E+06,1.63109238E+09
1.90000000E+01,1.00000000E+00,1.46265417E-02,1.39978542E+08,9.33952021E+02,1.00240386E+04,-0.00000000E+00,-0.00000000E+00,-1.98886370E-33,-1.15274636E-34,1.19090980E+09,6.27823464E+07,1.19106613E-01,6.27908987E-03,-1.19088564E+09,-6.27810234E+07,-2.10348564E+03,-1.32778572E+02,-0.00000000E+00,-0.00000000E+00,1.84344183E-38,9.97641466E-40,-0.00000000E+00,-0.00000000E+00,1.84344184E-38,9.97641468E-40,-4.40016912E+04,-2.39963610E+03,-1.71324625E+01,-1.01255769E+00,1.83343420E+04,9.99865016E+02,1.80000000E+04,1.00000000E+03,7.76996395E+06,1.63109238E+09
2.00000000E+01,1.00000000E+00,1.48038496E-02,1.39978465E+08,9.33914541E+02,1.06050184E+04,-0.00000000E+00,-0.00000000E+00,-2.10413575E-33,-1.15270010E-34,1.25370345E+09,6.27936556E+07,1.25386837E-01,6.28022440E-03,-1.25367797E+09,-6.27923327E+07,-2.23629201E+03,-1.32812995E+02,-0.00000000E+00,-0.00000000E+00,1.94320088E-38,9.97559949E-40,-0.00000000E+00,-0.00000000E+00,1.94320088E-38,9.97559950E-40,-4.64013264E+04,-2.39963514E+03,-1.81450282E+01,-1.01255648E+00,1.93342066E+04,9.99864623E+02,1.90000000E+04,1.00000000E+03,7.76995968E+06,1.63109238E+09
2.10000000E+01,1.00000000E+00,1.49806954E-02,1.39978389E+08,9.33877490E+02,1.11859751E+04,-0.00000000E+00,-0.00000000E+00,-2.21940321E-33,-1.15265437E-34,1.31650841E+09,6.28049553E+07,1.31668195E-01,6.28135797E-03,-1.31648160E+09,-6.28036324E+07,-2.36913249E+03,-1.32847035E+02,-0.00000000E+00,-0.00000000E+00,2.04295181E-38,9.97478939E-40,-0.00000000E+00,-0.00000000E+00,2.04295181E-38,9.97478941E-40,-4.88009606E+04,-2.39963419E+03,-1.91575925E+01,-1.01255530E+00,2.03340709E+04,9.99864234E+02,2.00000000E+04,1.00000000E+03,7.76995541E+06,1.63109238E+09
2.20000000E+01,1.00000000E+00,1.51570648E-02,1.39978312E+08,9.33840850E+02,1.17669089E+04,-0.00000000E+00,-0.00000000E+00,-2.33466612E-33,-1.15260914E-34,1.37932466E+09,6.28162455E+07,1.37950686E-01,6.28249060E-03,-1.37929652E+09,-6.28149226E+07,-2.50200671E+03,-1.32880706E+02,-0.00000000E+00,-0.00000000E+00,2.14269467E-38,9.97398432E-40,-0.00000000E+00,-0.00000000E+00,2.14269467E-38,9.97398434E-40,-5.12005938E+04,-2.39963325E+03,-2.01701556E+01,-1.01255412E+00,2.13339347E+04,9.99863848E+02,2.10000000E+04,1.00000000E+03,7.76995114E+06,1.63109238E+09
2.30000000E+01,1.00000000E+00,1.53329441E-02,1.39978235E+08,9.33804606E+02,1.23478200E+04,-0.00000000E+00,-0.00000000E+00,-2.44992453E-33,-1.15256440E-34,1.44215218E+09,6.28275263E+07,1.44234308E-01,6.28362229E-03,-1.44212273E+09,-6.28262034E+07,-2.63491432E+03,-1.32914023E+02,-0.00000000E+00,-0.00000000E+00,2.24242950E-38,9.97318423E-40,-0.00000000E+00,-0.00000000E+00,2.24242951E-38,9.97318425E-40,-5.36002261E+04,-2.39963232E+03,-2.11827174E+01,-1.01255296E+00,2.23337982E+04,9.99863467E+02,2.20000000E+04,1.00000000E+03,7.76994687E+06,1.63109238E+09
2.40000000E+01,1.00000000E+00,1.55083207E-02,1.39978158E+08,9.33768742E+02,1.29287087E+04,-0.00000000E+00,-0.00000000E+00,-2.56517850E-33,-1.15252014E-34,1.50499098E+09,6.28387976E+07,1.50519061E-01,6.28475304E-03,-1.50496020E+09,-6.28374748E+07,-2.76785497E+03,-1.32946997E+02,-0.00000000E+00,-0.00000000E+00,2.34215637E-38,9.97238907E-40,-0.00000000E+00,-0.00000000E+00,2.34215637E-38,9.97238909E-40,-5.59998575E+04,-2.39963139E+03,-2.21952780E+01,-1.01255181E+00,2.33336613E+04,9.99863090E+02,2.30000000E+04,1.00000000E+03,7.76994260E+06,1.63109238E+09
2.50000000E+01,1.00000000E+00,1.56831829E-02,1.39978081E+08,9.33733245E+02,1.35095753E+04,-0.00000000E+00,-0.00000000E+00,-2.68042807E-33,-1.15247633E-34,1.56784104E+09,6.28500597E+07,1.56804944E-01,6.28588285E-03,-1.56780894E+09,-6.28487368E+07,-2.90082833E+03,-1.32979642E+02,-0.00000000E+00,-0.00000000E+00,2.44187532E-38,9.97159879E-40,-0.00000000E+00,-0.00000000E+00,2.44187532E-38,9.97159881E-40,-5.83994880E+04,-2.39963048E+03,-2.32078374E+01,-1.01255068E+00,2.43335240E+04,9.99862716E+02,2.40000000E+04,1.00000000E+03,7.76993833E+06,1.63109238E+09
2.60000000E+01,1.00000000E+00,1.58604558E-02,1.39978004E+08,9.33698102E+02,1.40904198E+04,-0.00000000E+00,-0.00000000E+00,-2.79567328E-33,-1.15243295E-34,1.63070235E+09,6.28613124E+07,1.63091956E-01,6.28701174E-03,-1.63066893E+09,-6.28599896E+07,-3.03383408E+03,-1.33011968E+02,-0.00000000E+00,-0.00000000E+00,2.54158639E-38,9.97081335E-40,-0.00000000E+00,-0.00000000E+00,2.54158640E-38,9.97081337E-40,-6.07991176E+04,-2.39962958E+03,-2.42203956E+01,-1.01254955E+00,2.53333863E+04,9.99862345E+02,2.50000000E+04,1.00000000E+03,7.76993406E+06,1.63109238E+09
2.70000000E+01,1.00000000E+00,1.60396023E-02,1.39977927E+08,9.33663302E+02,1.46712427E+04,-0.00000000E+00,-0.00000000E+00,-2.91091418E-33,-1.15239000E-34,1.69357491E+09,6.28725559E+07,1.69380095E-01,6.28813970E-03,-1.69354016E+09,-6.28712331E+07,-3.16687190E+03,-1.33043985E+02,-0.00000000E+00,-0.00000000E+00,2.64128964E-38,9.97003270E-40,-0.00000000E+00,-0.00000000E+00,2.64128965E-38,9.97003272E-40,-6.31987463E+04,-2.39962868E+03,-2.52329525E+01,-1.01254843E+00,2.63332483E+04,9.99861978E+02,2.60000000E+04,1.00000000E+03,7.76992978E+06,1.63109238E+09
2.80000000E+01,1.00000000E+00,1.62186200E-02,1.39977850E+08,9.33628833E+02,1.52520440E+04,-0.00000000E+00,-0.00000000E+00,-3.02615080E-33,-1.15234745E-34,1.75645870E+09,6.28837902E+07,1.75669362E-01,6.28926675E-03,-1.75642263E+09,-6.28824673E+07,-3.29994150E+03,-1.33075704E+02,-0.00000000E+00,-0.00000000E+00,2.74098511E-38,9.96925679E-40,-0.00000000E+00,-0.00000000E+00,2.74098512E-38,9.96925681E-40,-6.55983741E+04,-2.39962779E+03,-2.62455083E+01,-1.01254732E+00,2.73331099E+04,9.99861614E+02,2.70000000E+04,1.00000000E+03,7.76992551E+06,1.63109238E+09
2.90000000E+01,1.00000000E+00,1.63974230E-02,1.39977773E+08,9.33594685E+02,1.58328239E+04,-0.00000000E+00,-0.00000000E+00,-3.14138320E-33,-1.15230530E-34,1.81935371E+09,6.28950152E+07,1.81959755E-01,6.29039288E-03,-1.81931632E+09,-6.28936924E+07,-3.43304259E+03,-1.33107133E+02,-0.00000000E+00,-0.00000000E+00,2.84067286E-38,9.96848558E-40,-0.00000000E+00,-0.00000000E+00,2.84067286E-38,9.96848560E-40,-6.79980010E+04,-2.39962691E+03,-2.72580629E+01,-1.01254621E+00,2.83329712E+04,9.99861253E+02,2.80000000E+04,1.00000000E+03,7.76992124E+06,1.63109238E+09
3.00000000E+01,1.00000000E+00,1.65760042E-02,1.39977696E+08,9.33560848E+02,1.64135828E+04,-0.00000000E+00,-0.00000000E+00,-3.25661139E-33,-1.15226354E-34,1.88225994E+09,6.29062312E+07,1.88251273E-01,6.29151809E-03,-1.88222123E+09,-6.29049084E+07,-3.56617488E+03,-1.33138281E+02,-0.00000000E+00,-0.00000000E+00,2.94035292E-38,9.96771903E-40,-0.00000000E+00,-0.00000000E+00,2.94035292E-38,9.96771905E-40,-7.03976270E+04,-2.39962604E+03,-2.82706163E+01,-1.01254511E+00,2.93328321E+04,9.99860895E+02,2.90000000E+04,1.00000000E+03,7.76991696E+06,1.63109238E+09
3.10000000E+01,1.00000000E+00,1.67543565E-02,1.39977619E+08,9.33527312E+02,1.69943207E+04,-0.00000000E+00,-0.00000000E+00,-3.37183544E-33,-1.15222215E-34,1.94517738E+09,6.29174380E+07,1.94543915E-01,6.29264240E-03,-1.94513734E+09,-6.29161153E+07,-3.69933809E+03,-1.33169155E+02,-0.00000000E+00,-0.00000000E+00,3.04002534E-38,9.96695708E-40,-0.00000000E+00,-0.00000000E+00,3.04002534E-38,9.96695710E-40,-7.27972522E+04,-2.39962517E+03,-2.92831686E+01,-1.01254402E+00,3.03326926E+04,9.99860540E+02,3.00000000E+04,1.00000000E+03,7.76991268E+06,1.63109238E+09
3.20000000E+01,1.00000000E+00,1.69324732E-02,1.39977542E+08,9.33494070E+02,1.75750378E+04,-0.00000000E+00,-0.00000000E+00,-3.48705536E-33,-1.15218112E-34,2.00810602E+09,6.29286359E+07,2.00837681E-01,6.29376581E-03,-2.00806466E+09,-6.29273131E+07,-3.83253197E+03,-1.33199765E+02,-0.00000000E+00,-0.00000000E+00,3.13969017E-38,9.96619970E-40,-0.00000000E+00,-0.00000000E+00,3.13969018E-38,9.96619972E-40,-7.51968765E+04,-2.39962431E+03,-3.02957197E+01,-1.01254293E+00,3.13325528E+04,9.99860188E+02,3.10000000E+04,1.00000000E+03,7.76990841E+06,1.63109238E+09
3.30000000E+01,1.00000000E+00,1.71103475E-02,1.39977465E+08,9.33461114E+02,1.81557343E+04,-0.00000000E+00,-0.00000000E+00,-3.60227120E-33,-1.15214044E-34,2.07104584E+09,6.29398247E+07,2.07132570E-01,6.29488831E-03,-2.07100316E+09,-6.29385019E+07,-3.96575625E+03,-1.33230116E+02,-0.00000000E+00,-0.00000000E+00,3.23934746E-38,9.96544684E-40,-0.00000000E+00,-0.00000000E+00,3.23934746E-38,9.96544686E-40,-7.75964999E+04,-2.39962346E+03,-3.13082697E+01,-1.01254185E+00,3.23324126E+04,9.99859838E+02,3.20000000E+04,1.00000000E+03,7.76990413E+06,1.63109238E+09
3.40000000E+01,1.00000000E+00,1.72879728E-02,1.39977388E+08,9.33428434E+02,1.87364105E+04,-0.00000000E+00,-0.00000000E+00,-3.71748299E-33,-1.15210010E-34,2.13399685E+09,6.29510045E+07,2.13428579E-01,6.29600992E-03,-2.13395284E+09,-6.29496818E+07,-4.09901068E+03,-1.33260215E+02,-0.00000000E+00,-0.00000000E+00,3.33899725E-38,9.96469846E-40,-0.00000000E+00,-0.00000000E+00,3.33899725E-38,9.96469848E-40,-7.99961225E+04,-2.39962261E+03,-3.23208185E+01,-1.01254077E+00,3.33322721E+04,9.99859491E+02,3.30000000E+04,1.00000000E+03,7.76989985E+06,1.63109238E+09
3.50000000E+01,1.00000000E+00,1.74653425E-02,1.39977310E+08,9.33396025E+02,1.93170664E+04,-0.00000000E+00,-0.00000000E+00,-3.83269077E-33,-1.15206010E-34,2.19695902E+09,6.29621754E+07,2.19725710E-01,6.29713064E-03,-2.19691369E+09,-6.29608527E+07,-4.23229501E+03,-1.33290070E+02,-0.00000000E+00,-0.00000000E+00,3.43863958E-38,9.96395451E-40,-0.00000000E+00,-0.00000000E+00,3.43863958E-38,9.96395453E-40,-8.23957443E+04,-2.39962177E+03,-3.33333662E+01,-1.01253969E+00,3.43321313E+04,9.99859147E+02,3.40000000E+04,1.00000000E+03,7.76989557E+06,1.63109238E+09
3.60000000E+01,1.00000000E+00,1.76429389E-02,1.39977233E+08,9.33363879E+02,1.98977022E+04,-0.00000000E+00,-0.00000000E+00,-3.94789457E-33,-1.15202042E-34,2.25993236E+09,6.29733374E+07,2.26023961E-01,6.29825048E-03,-2.25988571E+09,-6.29720147E+07,-4.36560900E+03,-1.33319685E+02,-0.00000000E+00,-0.00000000E+00,3.53827449E-38,9.96321496E-40,-0.00000000E+00,-0.00000000E+00,3.53827450E-38,9.96321498E-40,-8.47953653E+04,-2.39962094E+03,-3.43459128E+01,-1.01253862E+00,3.53319901E+04,9.99858806E+02,3.50000000E+04,1.00000000E+03,7.76989129E+06,1.63109238E+09
3.70000000E+01,1.00000000E+00,1.78221846E-02,1.39977156E+08,9.33331990E+02,2.04783181E+04,-0.00000000E+00,-0.00000000E+00,-4.06309441E-33,-1.15198106E-34,2.32291685E+09,6.29844906E+07,2.32323330E-01,6.29936943E-03,-2.32286888E+09,-6.29831679E+07,-4.49895242E+03,-1.33349068E+02,-0.00000000E+00,-0.00000000E+00,3.63790204E-38,9.96247977E-40,-0.00000000E+00,-0.00000000E+00,3.63790205E-38,9.96247978E-40,-8.71949854E+04,-2.39962011E+03,-3.53584583E+01,-1.01253755E+00,3.63318486E+04,9.99858467E+02,3.60000000E+04,1.00000000E+03,7.76988701E+06,1.63109238E+09
3.80000000E+01,1.00000000E+00,1.80013789E-02,1.39977079E+08,9.33300351E+02,2.10589143E+04,-0.00000000E+00,-0.00000000E+00,-4.17829034E-33,-1.15194201E-34,2.38591248E+09,6.29956349E+07,2.38623818E-01,6.30048750E-03,-2.38586319E+09,-6.29943122E+07,-4.63232504E+03,-1.33378222E+02,-0.00000000E+00,-0.00000000E+00,3.73752227E-38,9.96174888E-40,-0.00000000E+00,-0.00000000E+00,3.73752227E-38,9.96174888E-40,-8.95946047E+04,-2.39961929E+03,-3.63710026E+01,-1.01253648E+00,3.73317067E+04,9.99858130E+02,3.70000000E+04,1.00000000E+03,7.76988273E+06,1.63109238E+09
3.90000000E+01,1.00000000E+00,1.81804485E-02,1.39977002E+08,9.33268957E+02,2.16394909E+04,-0.00000000E+00,-0.00000000E+00,-4.29348238E-33,-1.15190326E-34,2.44891926E+09,6.30067705E+07,2.44925422E-01,6.30160469E-03,-2.44886864E+09,-6.30054478E+07,-4.76572664E+03,-1.33407155E+02,-0.00000000E+00,-0.00000000E+00,3.83713521E-38,9.96102226E-40,-0.00000000E+00,-0.00000000E+00,3.83713522E-38,9.96102226E-40,-9.19942231E+04,-2.39961847E+03,-3.73835458E+01,-1.01253542E+00,3.83315645E+04,9.99857796E+02,3.80000000E+04,1.00000000E+03,7.76987845E+06,1.63109238E+09
4.00000000E+01,1.00000000E+00,1.83593905E-02,1.39976925E+08,9.33237802E+02,2.22200480E+04,-0.00000000E+00,-0.00000000E+00,-4.40867056E-33,-1.15186481E-34,2.51193715E+09,6.30178974E+07,2.51228143E-01,6.30272102E-03,-2.51188521E+09,-6.30165747E+07,-4.89915699E+03,-1.33435869E+02,-0.00000000E+00,-0.00000000E+00,3.93674091E-38,9.96029987E-40,-0.00000000E+00,-0.00000000E+00,3.93674092E-38,9.96029987E-40,-9.43938408E+04,-2.39961766E+03,-3.83960879E+01,-1.01253436E+00,3.93314219E+04,9.99857464E+02,3.90000000E+04,1.00000000E+03,7.76987417E+06,1.63109238E+09
4.10000000E+01,1.00000000E+00,1.85382018E-02,1.39976848E+08,9.33206881E+02,2.28005859E+04,-0.00000000E+00,-0.00000000E+00,-4.52385491E-33,-1.15182664E-34,2.57496617E+09,6.30290155E+07,2.57531980E-01,6.30383647E-03,-2.57491290E+09,-6.30276929E+07,-5.03261589E+03,-1.33464372E+02,-0.00000000E+00,-0.00000000E+00,4.03633942E-38,9.95958167E-40,-0.00000000E+00,-0.00000000E+00,4.03633942E-38,9.95958167E-40,-9.67934576E+04,-2.39961686E+03,-3.94086288E+01,-1.01253330E+00,4.03312791E+04,9.99857134E+02,4.00000000E+04,1.00000000E+03,7.76986988E+06,1.63109238E+09
4.20000000E+01,1.00000000E+00,1.87168795E-02,1.39976770E+08,9.33176188E+02,2.33811046E+04,-0.00000000E+00,-0.00000000E+00,-4.63903546E-33,-1.15178876E-34,2.63800629E+09,6.30401250E+07,2.63836931E-01,6.30495107E-03,-2.63795171E+09,-6.30388024E+07,-5.16610312E+03,-1.33492666E+02,-0.00000000E+00,-0.00000000E+00,4.13593077E-38,9.95886762E-40,-0.00000000E+00,-0.00000000E+00,4.13593077E-38,9.95886762E-40,-9.91930737E+04,-2.39961606E+03,-4.04211687E+01,-1.01253224E+00,4.13311359E+04,9.99856807E+02,4.10000000E+04,1.00000000E+03,7.76986560E+06,1.63109238E+09
4.30000000E+01,1.00000000E+00,1.88954208E-02,1.39976693E+08,9.33145719E+02,2.39616042E+04,-0.00000000E+00,-0.00000000E+00,-4.75421223E-33,-1.15175115E-34,2.70105752E+09,6.30512259E+07,2.70142996E-01,6.30606480E-03,-2.70100161E+09,-6.30499033E+07,-5.29961848E+03,-1.33520756E+02,-0.00000000E+00,-0.00000000E+00,4.23551500E-38,9.95815768E-40,-0.00000000E+00,-0.00000000E+00,4.23551501E-38,9.95815768E-40,-1.01592689E+05,-2.39961526E+03,-4.14337074E+01,-1.01253112E+00,4.23309924E+04,9.99856482E+02,4.20000000E+04,1.00000000E+03,7.76986131E+06,1.63109238E+09
4.40000000E+01,1.00000000E+00,1.90738225E-02,1.39976616E+08,9.33115470E+02,2.45420850E+04,-0.00000000E+00,-0.00000000E+00,-4.86938526E-33,-1.15171381E-34,2.76411984E+09,6.30623182E+07,2.76450173E-01,6.30717767E-03,-2.76406261E+09,-6.30609956E+07,-5.43316177E+03,-1.33548646E+02,-0.00000000E+00,-0.00000000E+00,4.33509216E-38,9.95745181E-40,-0.00000000E+00,-0.00000000E+00,4.33509217E-38,9.95745182E-40,-1.03992303E+05,-2.39961447E+03,-4.24462450E+01,-1.01252997E+00,4.33308485E+04,9.99856158E+02,4.30000000E+04,1.00000000E+03,7.76985703E+06,1.63109238E+09
4.50000000E+01,1.00000000E+00,1.92520818E-02,1.39976539E+08,9.33085435E+02,2.51225471E+04,-0.00000000E+00,-0.00000000E+00,-4.98455458E-33,-1.15167674E-34,2.82719324E+09,6.30734019E+07,2.82758463E-01,6.30828969E-03,-2.82713469E+09,-6.30720794E+07,-5.56673280E+03,-1.33576341E+02,-0.00000000E+00,-0.00000000E+00,4.43466229E-38,9.95674998E-40,-0.00000000E+00,-0.00000000E+00,4.43466229E-38,9.95674998E-40,-1.06391917E+05,-2.39961369E+03,-4.34587813E+01,-1.01252881E+00,4.43307044E+04,9.99855837E+02,4.40000000E+04,1.00000000E+03,7.76985274E+06,1.63109238E+09
4.60000000E+01,1.00000000E+00,1.94301956E-02,1.39976462E+08,9.33055610E+02,2.57029905E+04,-0.00000000E+00,-0.00000000E+00,-5.09972020E-33,-1.15163993E-34,2.89027772E+09,6.30844772E+07,2.89067864E-01,6.30940087E-03,-2.89021784E+09,-6.30831546E+07,-5.70033136E+03,-1.33603844E+02,-0.00000000E+00,-0.00000000E+00,4.53422542E-38,9.95605214E-40,-0.00000000E+00,-0.00000000E+00,4.53422543E-38,9.95605215E-40,-1.08791530E+05,-2.39961291E+03,-4.44713165E+01,-1.01252765E+00,4.53305599E+04,9.99855519E+02,4.50000000E+04,1.00000000E+03,7.76984845E+06,1.63109238E+09
4.70000000E+01,1.00000000E+00,1.96081611E-02,1.39976384E+08,9.33025991E+02,2.62834154E+04,-0.00000000E+00,-0.00000000E+00,-5.21488215E-33,-1.15160337E-34,2.95337326E+09,6.30955439E+07,2.95378375E-01,6.31051119E-03,-2.95331206E+09,-6.30942214E+07,-5.83395728E+03,-1.33631159E+02,-0.00000000E+00,-0.00000000E+00,4.63378160E-38,9.95535827E-40,-0.00000000E+00,-0.00000000E+00,4.63378160E-38,9.95535827E-40,-1.11191142E+05,-2.39961214E+03,-4.54838504E+01,-1.01252650E+00,4.63304151E+04,9.99855202E+02,4.60000000E+04,1.00000000E+03,7.76984416E+06,1.63109238E+09
4.80000000E+01,1.00000000E+00,1.97859792E-02,1.39976307E+08,9.32996575E+02,2.68638220E+04,-0.00000000E+00,-0.00000000E+00,-5.33004046E-33,-1.15156706E-34,3.01647986E+09,6.31066022E+07,3.01689996E-01,6.31162068E-03,-3.01641734E+09,-6.31052797E+07,-5.96761036E+03,-1.33658290E+02,-0.00000000E+00,-0.00000000E+00,4.73333086E-38,9.95466832E-40,-0.00000000E+00,-0.00000000E+00,4.73333087E-38,9.95466832E-40,-1.13590754E+05,-2.39961137E+03,-4.64963832E+01,-1.01252535E+00,4.73302700E+04,9.99854887E+02,4.70000000E+04,1.00000000E+03,7.76983987E+06,1.63109238E+09
4.90000000E+01,1.00000000E+00,1.99647681E-02,1.39976230E+08,9.32967358E+02,2.74442104E+04,-0.00000000E+00,-0.00000000E+00,-5.44519515E-33,-1.15153100E-34,3.07959751E+09,6.31176521E+07,3.08002725E-01,6.31272932E-03,-3.07953367E+09,-6.31163296E+07,-6.10129043E+03,-1.33685239E+02,-0.00000000E+00,-0.00000000E+00,4.83287325E-38,9.95398225E-40,-0.00000000E+00,-0.00000000E+00,4.83287326E-38,9.95398226E-40,-1.15990364E+05,-2.39961060E+03,-4.75089147E+01,-1.01252420E+00,4.83301245E+04,9.99854574E+02,4.80000000E+04,1.00000000E+03,7.76983558E+06,1.63109238E+09
5.00000000E+01,1.00000000E+00,2.01435103E-02,1.39976152E+08,9.32938335E+02,2.80245807E+04,-0.00000000E+00,-0.00000000E+00,-5.56034625E-33,-1.15149518E-34,3.14272621E+09,6.31286937E+07,3.14316562E-01,6.31383713E-03,-3.14266104E+09,-6.31273712E+07,-6.23499731E+03,-1.33712010E+02,-0.00000000E+00,-0.00000000E+00,4.93240881E-38,9.95330003E-40,-0.00000000E+00,-0.00000000E+00,4.93240881E-38,9.95330004E-40,-1.18389974E+05,-2.39960984E+03,-4.85214451E+01,-1.01252305E+00,4.93299788E+04,9.99854262E+02,4.90000000E+04,1.00000000E+03,7.76983129E+06,1.63109238E+09
