Time [d],dt_flow [d],dt_tran [d],Global Water Mass in Liquid Phas [kg],Global Vaq [mol],Global Vim [mol],Top Water Mass [kg],Top Water Mass [kg/d],Top Vaq [mol],Top Vaq [mol/d],Right Water Mass [kg],Right Water Mass [kg/d],Right Vaq [mol],Right Vaq [mol/d],Left Water Mass [kg],Left Water Mass [kg/d],Left Vaq [mol],Left Vaq [mol/d],North Water Mass [kg],North Water Mass [kg/d],North Vaq [mol],North Vaq [mol/d],South Water Mass [kg],South Water Mass [kg/d],South Vaq [mol],South Vaq [mol/d],ExtractWell Water Mass [kg],ExtractWell Water Mass [kg/d],ExtractWell Vaq [mol],ExtractWell Vaq [mol/d],InjectWell Water Mass [kg],InjectWell Water Mass [kg/d],InjectWell Vaq [mol],InjectWell Vaq [mol/d],Region Region__all Water Mass [kg],Region Region__all Total Mass [kg]
1.00000000E+00,4.89000000E-01,9.00000000E-03,1.39978471E+08,6.19304833E-03,5.77628967E-03,-0.00000000E+00,-0.00000000E+00,5.89847278E-40,9.63600892E-40,2.08530994E+07,2.08533862E+07,2.08561890E-03,2.08564762E-03,-2.08526433E+07,-2.08526855E+07,-1.33991073E-03,-8.42822706E-04,-0.00000000E+00,-0.00000000E+00,5.86183683E-40,9.57615947E-40,-0.00000000E+00,-0.00000000E+00,5.86183683E-40,9.57615947E-40,-8.08073319E+02,-1.22621139E+03,-4.49587983E-08,-4.95609872E-08,3.36699048E+02,5.10924196E+02,3.36749000E-08,5.11000000E-08,7.76995997E+06,1.63109144E+09
2.00000000E+00,4.88000000E-01,8.00000000E-03,1.39978458E+08,6.46988396E+02,2.36777009E+02,-0.00000000E+00,-0.00000000E+00,-4.69761013E-35,-7.98551255E-35,4.17070800E+07,2.08541344E+07,4.17132606E-03,2.08572258E-03,-4.17052371E+07,-2.08527470E+07,-1.88520065E-03,-3.37061190E-04,-0.00000000E+00,-0.00000000E+00,1.74318142E-39,1.28831391E-39,-0.00000000E+00,-0.00000000E+00,1.74318142E-39,1.28831391E-39,-3.20770404E+03,-2.39963067E+03,-6.19025380E-06,-6.18751295E-05,1.33655066E+03,9.99851598E+02,1.00000000E+03,1.00000000E+03,7.76995925E+06,1.63109209E+09
3.00000000E+00,1.00000000E+00,5.60000000E-02,1.39978447E+08,9.05548987E+02,7.34058589E+02,-0.00000000E+00,-0.00000000E+00,-1.45641353E-34,-1.11768890E-34,6.25617483E+07,2.08546682E+07,6.25710215E-03,2.08577610E-03,-6.25585162E+07,-2.08532792E+07,-2.10321990E-03,-1.35724892E-04,-0.00000000E+00,-0.00000000E+00,3.09704333E-39,1.39625288E-39,-0.00000000E+00,-0.00000000E+00,3.09704333E-39,1.39625288E-39,-5.60733454E+03,-2.39963050E+03,-8.26101646E-03,-3.34213649E-02,2.33640220E+03,9.99851542E+02,2.00000000E+03,1.00000000E+03,7.76995865E+06,1.63109235E+09
4.00000000E+00,1.00000000E+00,4.00000000E-02,1.39978437E+08,1.00827675E+03,1.33577341E+03,-0.00000000E+00,-0.00000000E+00,-2.65027487E-34,-1.24448430E-34,8.34168968E+07,2.08551485E+07,8.34292641E-03,2.08582426E-03,-8.34122746E+07,-2.08537584E+07,-2.55519417E-03,-1.89891697E-03,-0.00000000E+00,-0.00000000E+00,4.51403286E-39,1.42953358E-39,-0.00000000E+00,-0.00000000E+00,4.51403286E-39,1.42953358E-39,-8.00696489E+03,-2.39963035E+03,-1.42048987E-01,-2.44824257E-01,3.33625369E+03,9.99851487E+02,3.00000000E+03,1.00000000E+03,7.76995812E+06,1.63109245E+09
5.00000000E+00,1.00000000E+00,4.00000000E-02,1.39978428E+08,1.04965674E+03,1.97847418E+03,-0.00000000E+00,-0.00000000E+00,-3.92545752E-34,-1.29555904E-34,1.04272495E+08,2.08555985E+07,1.04287958E-02,2.08586938E-03,-1.04266482E+08,-2.08542077E+07,-3.16805218E-02,-8.97642046E-02,-0.00000000E+00,-0.00000000E+00,5.94967255E-39,1.43920388E-39,-0.00000000E+00,-0.00000000E+00,5.94967255E-39,1.43920388E-39,-1.04065951E+04,-2.39963021E+03,-4.86028120E-01,-4.06664151E-01,4.33610512E+03,9.99851433E+02,4.00000000E+03,1.00000000E+03,7.76995762E+06,1.63109249E+09
6.00000000E+00,1.00000000E+00,4.00000000E-02,1.39978420E+08,1.06611142E+03,2.63762469E+03,-0.00000000E+00,-0.00000000E+00,-5.23327857E-34,-1.31586881E-34,1.25128528E+08,2.08560330E+07,1.25147088E-02,2.08591297E-03,-1.25121124E+08,-2.08546420E+07,-3.72669583E-01,-6.83190824E-01,-0.00000000E+00,-0.00000000E+00,7.39045558E-39,1.44165267E-39,-0.00000000E+00,-0.00000000E+00,7.39045558E-39,1.44165267E-39,-1.28062252E+04,-2.39963008E+03,-9.17335929E-01,-4.42692717E-01,5.33595650E+03,9.99851380E+02,5.00000000E+03,1.00000000E+03,7.76995714E+06,1.63109251E+09
7.00000000E+00,1.00000000E+00,2.11073529E-02,1.39978411E+08,1.07208510E+03,3.30316728E+03,-0.00000000E+00,-0.00000000E+00,-6.55378229E-34,-1.32324204E-34,1.45984989E+08,2.08564605E+07,1.46006646E-02,2.08595585E-03,-1.45976194E+08,-2.08550692E+07,-1.65022117E+00,-1.80158976E+00,-0.00000000E+00,-0.00000000E+00,8.83244359E-39,1.44215033E-39,-0.00000000E+00,-0.00000000E+00,8.83244359E-39,1.44215033E-39,-1.52058551E+04,-2.39962995E+03,-1.36268343E+00,-4.46323000E-01,6.33580783E+03,9.99851328E+02,6.00000000E+03,1.00000000E+03,7.76995666E+06,1.63109251E+09
8.00000000E+00,1.00000000E+00,8.81715105E-02,1.39978403E+08,1.07388215E+03,3.97082066E+03,-0.00000000E+00,-0.00000000E+00,-7.87847409E-34,-1.32546012E-34,1.66841873E+08,2.08568847E+07,1.66866630E-02,2.08599840E-03,-1.66831687E+08,-2.08554934E+07,-3.95609833E+00,-2.64095842E+00,-0.00000000E+00,-0.00000000E+00,1.02746492E-38,1.44222942E-39,-0.00000000E+00,-0.00000000E+00,1.02746492E-38,1.44222942E-39,-1.76054849E+04,-2.39962982E+03,-1.80919506E+00,-4.46575232E-01,7.33565911E+03,9.99851277E+02,7.00000000E+03,1.00000000E+03,7.76995619E+06,1.63109252E+09
9.00000000E+00,1.00000000E+00,3.11973636E-02,1.39978394E+08,1.07429260E+03,4.63903539E+03,-0.00000000E+00,-0.00000000E+00,-9.20427970E-34,-1.32596673E-34,1.87699181E+08,2.08573074E+07,1.87727038E-02,2.08604081E-03,-1.87687603E+08,-2.08559161E+07,-6.81154039E+00,-2.97013547E+00,-0.00000000E+00,-0.00000000E+00,1.17168835E-38,1.44223553E-39,-0.00000000E+00,-0.00000000E+00,1.17168835E-38,1.44223553E-39,-2.00051146E+04,-2.39962969E+03,-2.25578744E+00,-4.46600370E-01,8.33551033E+03,9.99851227E+02,8.00000000E+03,1.00000000E+03,7.76995572E+06,1.63109252E+09
1.00000000E+01,1.00000000E+00,8.82023818E-02,1.39978386E+08,1.07436458E+03,5.30736281E+03,-0.00000000E+00,-0.00000000E+00,-1.05303089E-33,-1.32605557E-34,2.08556910E+08,2.08577293E+07,2.08587870E-02,2.08608313E-03,-2.08543941E+08,-2.08563380E+07,-9.83742431E+00,-3.05175806E+00,-0.00000000E+00,-0.00000000E+00,1.31591167E-38,1.44223160E-39,-0.00000000E+00,-0.00000000E+00,1.31591167E-38,1.44223160E-39,-2.24047442E+04,-2.39962957E+03,-2.70239610E+00,-4.46613989E-01,9.33536151E+03,9.99851178E+02,9.00000000E+03,1.00000000E+03,7.76995525E+06,1.63109252E+09
1.10000000E+01,1.00000000E+00,8.82179200E-02,1.39978377E+08,1.07437421E+03,5.97570786E+03,-0.00000000E+00,-0.00000000E+00,-1.18563730E-33,-1.32606746E-34,2.29415061E+08,2.08581507E+07,2.29449124E-02,2.08612540E-03,-2.29400700E+08,-2.08567593E+07,-1.28993520E+01,-3.06620034E+00,-0.00000000E+00,-0.00000000E+00,1.46013451E-38,1.44222655E-39,-0.00000000E+00,-0.00000000E+00,1.46013451E-38,1.44222655E-39,-2.48043736E+04,-2.39962945E+03,-3.14901790E+00,-4.46626955E-01,1.03352126E+04,9.99851130E+02,1.00000000E+04,1.00000000E+03,7.76995478E+06,1.63109252E+09
1.20000000E+01,1.00000000E+00,8.82332137E-02,1.39978369E+08,1.07437498E+03,6.64405495E+03,-0.00000000E+00,-0.00000000E+00,-1.31824413E-33,-1.32606841E-34,2.50273632E+08,2.08585715E+07,2.50310800E-02,2.08616761E-03,-2.50257880E+08,-2.08571801E+07,-1.59670787E+01,-3.06833980E+00,-0.00000000E+00,-0.00000000E+00,1.60435684E-38,1.44222141E-39,-0.00000000E+00,-0.00000000E+00,1.60435684E-38,1.44222141E-39,-2.72040030E+04,-2.39962933E+03,-3.59565254E+00,-4.46639732E-01,1.13350637E+04,9.99851083E+02,1.10000000E+04,1.00000000E+03,7.76995432E+06,1.63109252E+09
1.30000000E+01,1.00000000E+00,8.82482772E-02,1.39978360E+08,1.07437476E+03,7.31240207E+03,-0.00000000E+00,-0.00000000E+00,-1.45085096E-33,-1.32606814E-34,2.71132624E+08,2.08589919E+07,2.71172898E-02,2.08620978E-03,-2.71115481E+08,-2.08576005E+07,-1.90357433E+01,-3.06881185E+00,-0.00000000E+00,-0.00000000E+00,1.74857866E-38,1.44221630E-39,-0.00000000E+00,-0.00000000E+00,1.74857866E-38,1.44221630E-39,-2.96036322E+04,-2.39962921E+03,-4.04229984E+00,-4.46652303E-01,1.23349148E+04,9.99851036E+02,1.20000000E+04,1.00000000E+03,7.76995385E+06,1.63109252E+09
1.40000000E+01,1.00000000E+00,8.82631229E-02,1.39978352E+08,1.07437446E+03,7.98074902E+03,-0.00000000E+00,-0.00000000E+00,-1.58345775E-33,-1.32606776E-34,2.91992036E+08,2.08594117E+07,2.92035417E-02,2.08625190E-03,-2.91973501E+08,-2.08580204E+07,-2.21047480E+01,-3.06910391E+00,-0.00000000E+00,-0.00000000E+00,1.89279997E-38,1.44221122E-39,-0.00000000E+00,-0.00000000E+00,1.89279997E-38,1.44221122E-39,-3.20032613E+04,-2.39962909E+03,-4.48895960E+00,-4.46664684E-01,1.33347658E+04,9.99850989E+02,1.30000000E+04,1.00000000E+03,7.76995338E+06,1.63109252E+09
1.50000000E+01,1.00000000E+00,8.82777618E-02,1.39978344E+08,1.07437415E+03,8.64909577E+03,-0.00000000E+00,-0.00000000E+00,-1.71606450E-33,-1.32606738E-34,3.12851867E+08,2.08598312E+07,3.12898356E-02,2.08629397E-03,-3.12831941E+08,-2.08584398E+07,-2.51740308E+01,-3.06937678E+00,-0.00000000E+00,-0.00000000E+00,2.03702078E-38,1.44220618E-39,-0.00000000E+00,-0.00000000E+00,2.03702078E-38,1.44220618E-39,-3.44028903E+04,-2.39962898E+03,-4.93563163E+00,-4.46676891E-01,1.43346167E+04,9.99850944E+02,1.40000000E+04,1.00000000E+03,7.76995292E+06,1.63109252E+09
1.60000000E+01,1.00000000E+00,8.82922039E-02,1.39978335E+08,1.07437384E+03,9.31744233E+03,-0.00000000E+00,-0.00000000E+00,-1.84867122E-33,-1.32606700E-34,3.33712117E+08,2.08602502E+07,3.33761716E-02,2.08633600E-03,-3.33690800E+08,-2.08588588E+07,-2.82435832E+01,-3.06964469E+00,-0.00000000E+00,-0.00000000E+00,2.18124108E-38,1.44220116E-39,-0.00000000E+00,-0.00000000E+00,2.18124108E-38,1.44220116E-39,-3.68025191E+04,-2.39962886E+03,-5.38231577E+00,-4.46688933E-01,1.53344676E+04,9.99850899E+02,1.50000000E+04,1.00000000E+03,7.76995245E+06,1.63109252E+09
1.70000000E+01,1.00000000E+00,8.83064583E-02,1.39978327E+08,1.07437354E+03,9.98578870E+03,-0.00000000E+00,-0.00000000E+00,-1.98127790E-33,-1.32606663E-34,3.54572786E+08,2.08606687E+07,3.54625496E-02,2.08637799E-03,-3.54550077E+08,-2.08592773E+07,-3.13134010E+01,-3.06990887E+00,-0.00000000E+00,-0.00000000E+00,2.32546088E-38,1.44219618E-39,-0.00000000E+00,-0.00000000E+00,2.32546088E-38,1.44219618E-39,-3.92021479E+04,-2.39962875E+03,-5.82901185E+00,-4.46700810E-01,1.63343184E+04,9.99850855E+02,1.60000000E+04,1.00000000E+03,7.76995199E+06,1.63109252E+09
1.80000000E+01,1.00000000E+00,8.83205334E-02,1.39978318E+08,1.07437324E+03,1.06541349E+04,-0.00000000E+00,-0.00000000E+00,-2.11388454E-33,-1.32606626E-34,3.75433873E+08,2.08610868E+07,3.75489695E-02,2.08641993E-03,-3.75409773E+08,-2.08596954E+07,-3.43834807E+01,-3.07016959E+00,-0.00000000E+00,-0.00000000E+00,2.46968019E-38,1.44219124E-39,-0.00000000E+00,-0.00000000E+00,2.46968019E-38,1.44219124E-39,-4.16017765E+04,-2.39962864E+03,-6.27571971E+00,-4.46712531E-01,1.73341693E+04,9.99850811E+02,1.70000000E+04,1.00000000E+03,7.76995152E+06,1.63109252E+09
1.90000000E+01,1.00000000E+00,8.83344371E-02,1.39978310E+08,1.07437295E+03,1.13224809E+04,-0.00000000E+00,-0.00000000E+00,-2.24649115E-33,-1.32606590E-34,3.96295377E+08,2.08615044E+07,3.96354314E-02,2.08646182E-03,-3.96269886E+08,-2.08601130E+07,-3.74538190E+01,-3.07042701E+00,-0.00000000E+00,-0.00000000E+00,2.61389900E-38,1.44218632E-39,-0.00000000E+00,-0.00000000E+00,2.61389900E-38,1.44218632E-39,-4.40014050E+04,-2.39962853E+03,-6.72243921E+00,-4.46724107E-01,1.83340200E+04,9.99850767E+02,1.80000000E+04,1.00000000E+03,7.76995106E+06,1.63109252E+09
2.00000000E+01,1.00000000E+00,8.83481764E-02,1.39978302E+08,1.07437266E+03,1.19908267E+04,-0.00000000E+00,-0.00000000E+00,-2.37909771E-33,-1.32606554E-34,4.17157299E+08,2.08619216E+07,4.17219350E-02,2.08650367E-03,-4.17130416E+08,-2.08605302E+07,-4.05244127E+01,-3.07068128E+00,-0.00000000E+00,-0.00000000E+00,2.75811733E-38,1.44218143E-39,-0.00000000E+00,-0.00000000E+00,2.75811733E-38,1.44218143E-39,-4.64010335E+04,-2.39962843E+03,-7.16917020E+00,-4.46735544E-01,1.93338708E+04,9.99850725E+02,1.90000000E+04,1.00000000E+03,7.76995060E+06,1.63109252E+09
2.10000000E+01,1.00000000E+00,8.83617581E-02,1.39978293E+08,1.07437237E+03,1.26591723E+04,-0.00000000E+00,-0.00000000E+00,-2.51170425E-33,-1.32606519E-34,4.38019637E+08,2.08623384E+07,4.38084805E-02,2.08654548E-03,-4.37991363E+08,-2.08609469E+07,-4.35952587E+01,-3.07093253E+00,-0.00000000E+00,-0.00000000E+00,2.90233517E-38,1.44217658E-39,-0.00000000E+00,-0.00000000E+00,2.90233517E-38,1.44217658E-39,-4.88006618E+04,-2.39962832E+03,-7.61591255E+00,-4.46746850E-01,2.03337214E+04,9.99850682E+02,2.00000000E+04,1.00000000E+03,7.76995013E+06,1.63109252E+09
2.20000000E+01,1.00000000E+00,8.83751882E-02,1.39978285E+08,1.07437209E+03,1.33275178E+04,-0.00000000E+00,-0.00000000E+00,-2.64431075E-33,-1.32606484E-34,4.58882392E+08,2.08627547E+07,4.58950678E-02,2.08658724E-03,-4.58852726E+08,-2.08613632E+07,-4.66663540E+01,-3.07118089E+00,-0.00000000E+00,-0.00000000E+00,3.04655252E-38,1.44217175E-39,-0.00000000E+00,-0.00000000E+00,3.04655252E-38,1.44217175E-39,-5.12002900E+04,-2.39962821E+03,-8.06266613E+00,-4.46758029E-01,2.13335721E+04,9.99850641E+02,2.10000000E+04,1.00000000E+03,7.76994967E+06,1.63109252E+09
2.30000000E+01,1.00000000E+00,8.83884723E-02,1.39978277E+08,1.07437181E+03,1.39958631E+04,-0.00000000E+00,-0.00000000E+00,-2.77691721E-33,-1.32606449E-34,4.79745562E+08,2.08631705E+07,4.79816967E-02,2.08662895E-03,-4.79714505E+08,-2.08617791E+07,-4.97376959E+01,-3.07142646E+00,-0.00000000E+00,-0.00000000E+00,3.19076940E-38,1.44216696E-39,-0.00000000E+00,-0.00000000E+00,3.19076940E-38,1.44216696E-39,-5.35999181E+04,-2.39962811E+03,-8.50943081E+00,-4.46769087E-01,2.23334227E+04,9.99850599E+02,2.20000000E+04,1.00000000E+03,7.76994921E+06,1.63109252E+09
2.40000000E+01,1.00000000E+00,8.84016159E-02,1.39978268E+08,1.07437153E+03,1.46642082E+04,-0.00000000E+00,-0.00000000E+00,-2.90952364E-33,-1.32606415E-34,5.00609148E+08,2.08635860E+07,5.00683673E-02,2.08667063E-03,-5.00576699E+08,-2.08621945E+07,-5.28092816E+01,-3.07166936E+00,-0.00000000E+00,-0.00000000E+00,3.33498579E-38,1.44216219E-39,-0.00000000E+00,-0.00000000E+00,3.33498579E-38,1.44216219E-39,-5.59995461E+04,-2.39962801E+03,-8.95620648E+00,-4.46780026E-01,2.33332732E+04,9.99850558E+02,2.30000000E+04,1.00000000E+03,7.76994875E+06,1.63109252E+09
2.50000000E+01,1.00000000E+00,8.84146239E-02,1.39978260E+08,1.07437126E+03,1.53325532E+04,-0.00000000E+00,-0.00000000E+00,-3.04213004E-33,-1.32606381E-34,5.21473149E+08,2.08640009E+07,5.21550796E-02,2.08671226E-03,-5.21439309E+08,-2.08626095E+07,-5.58811086E+01,-3.07190969E+00,-0.00000000E+00,-0.00000000E+00,3.47920171E-38,1.44215746E-39,-0.00000000E+00,-0.00000000E+00,3.47920171E-38,1.44215746E-39,-5.83991740E+04,-2.39962790E+03,-9.40299302E+00,-4.46790852E-01,2.43331237E+04,9.99850518E+02,2.40000000E+04,1.00000000E+03,7.76994829E+06,1.63109252E+09
2.60000000E+01,1.00000000E+00,8.84275007E-02,1.39978252E+08,1.07437099E+03,1.60008979E+04,-0.00000000E+00,-0.00000000E+00,-3.17473640E-33,-1.32606348E-34,5.42337565E+08,2.08644155E+07,5.42418334E-02,2.08675384E-03,-5.42302333E+08,-2.08630240E+07,-5.89531742E+01,-3.07214753E+00,-0.00000000E+00,-0.00000000E+00,3.62341716E-38,1.44215275E-39,-0.00000000E+00,-0.00000000E+00,3.62341716E-38,1.44215275E-39,-6.07988018E+04,-2.39962780E+03,-9.84979032E+00,-4.46801569E-01,2.53329742E+04,9.99850477E+02,2.50000000E+04,1.00000000E+03,7.76994782E+06,1.63109252E+09
2.70000000E+01,1.00000000E+00,8.84402508E-02,1.39978244E+08,1.07437072E+03,1.66692425E+04,-0.00000000E+00,-0.00000000E+00,-3.30734273E-33,-1.32606315E-34,5.63202394E+08,2.08648296E+07,5.63286288E-02,2.08679538E-03,-5.63165771E+08,-2.08634381E+07,-6.20254761E+01,-3.07238298E+00,-0.00000000E+00,-0.00000000E+00,3.76763214E-38,1.44214808E-39,-0.00000000E+00,-0.00000000E+00,3.76763214E-38,1.44214808E-39,-6.31984295E+04,-2.39962770E+03,-1.02965983E+01,-4.46812180E-01,2.63328247E+04,9.99850438E+02,2.60000000E+04,1.00000000E+03,7.76994736E+06,1.63109252E+09
2.80000000E+01,1.00000000E+00,8.84528781E-02,1.39978235E+08,1.07437045E+03,1.73375870E+04,-0.00000000E+00,-0.00000000E+00,-3.43994902E-33,-1.32606282E-34,5.84067638E+08,2.08652433E+07,5.84154657E-02,2.08683688E-03,-5.84029623E+08,-2.08638518E+07,-6.50980119E+01,-3.07261610E+00,-0.00000000E+00,-0.00000000E+00,3.91184666E-38,1.44214343E-39,-0.00000000E+00,-0.00000000E+00,3.91184666E-38,1.44214343E-39,-6.55980571E+04,-2.39962760E+03,-1.07434168E+01,-4.46822688E-01,2.73326751E+04,9.99850398E+02,2.70000000E+04,1.00000000E+03,7.76994690E+06,1.63109252E+09
2.90000000E+01,1.00000000E+00,8.84653865E-02,1.39978227E+08,1.07437019E+03,1.80059313E+04,-0.00000000E+00,-0.00000000E+00,-3.57255529E-33,-1.32606250E-34,6.04933294E+08,2.08656566E+07,6.05023440E-02,2.08687834E-03,-6.04893888E+08,-2.08642651E+07,-6.81707794E+01,-3.07284698E+00,-0.00000000E+00,-0.00000000E+00,4.05606071E-38,1.44213881E-39,-0.00000000E+00,-0.00000000E+00,4.05606071E-38,1.44213881E-39,-6.79976846E+04,-2.39962751E+03,-1.11902457E+01,-4.46833097E-01,2.83325254E+04,9.99850359E+02,2.80000000E+04,1.00000000E+03,7.76994644E+06,1.63109252E+09
3.00000000E+01,1.00000000E+00,8.84777794E-02,1.39978219E+08,1.07436993E+03,1.86742754E+04,-0.00000000E+00,-0.00000000E+00,-3.70516152E-33,-1.32606218E-34,6.25799364E+08,2.08660694E+07,6.25892638E-02,2.08691975E-03,-6.25758566E+08,-2.08646779E+07,-7.12437764E+01,-3.07307568E+00,-0.00000000E+00,-0.00000000E+00,4.20027431E-38,1.44213422E-39,-0.00000000E+00,-0.00000000E+00,4.20027431E-38,1.44213422E-39,-7.03973120E+04,-2.39962741E+03,-1.16370850E+01,-4.46843410E-01,2.93323757E+04,9.99850321E+02,2.90000000E+04,1.00000000E+03,7.76994598E+06,1.63109252E+09
3.10000000E+01,1.00000000E+00,8.84900601E-02,1.39978210E+08,1.07436967E+03,1.93426193E+04,-0.00000000E+00,-0.00000000E+00,-3.83776772E-33,-1.32606186E-34,6.46665846E+08,2.08664818E+07,6.46762249E-02,2.08696112E-03,-6.46623656E+08,-2.08650903E+07,-7.43170006E+01,-3.07330228E+00,-0.00000000E+00,-0.00000000E+00,4.34448744E-38,1.44212966E-39,-0.00000000E+00,-0.00000000E+00,4.34448744E-38,1.44212966E-39,-7.27969394E+04,-2.39962731E+03,-1.20839346E+01,-4.46853629E-01,3.03322260E+04,9.99850282E+02,3.00000000E+04,1.00000000E+03,7.76994553E+06,1.63109252E+09
3.20000000E+01,1.00000000E+00,8.85022319E-02,1.39978202E+08,1.07436942E+03,2.00109631E+04,-0.00000000E+00,-0.00000000E+00,-3.97037389E-33,-1.32606154E-34,6.67532739E+08,2.08668938E+07,6.67632274E-02,2.08700245E-03,-6.67489159E+08,-2.08655023E+07,-7.73904502E+01,-3.07352683E+00,-0.00000000E+00,-0.00000000E+00,4.48870012E-38,1.44212512E-39,-0.00000000E+00,-0.00000000E+00,4.48870012E-38,1.44212512E-39,-7.51965666E+04,-2.39962722E+03,-1.25307943E+01,-4.46863757E-01,3.13320763E+04,9.99850244E+02,3.10000000E+04,1.00000000E+03,7.76994507E+06,1.63109252E+09
3.30000000E+01,1.00000000E+00,8.85142977E-02,1.39978194E+08,1.07436916E+03,2.06793068E+04,-0.00000000E+00,-0.00000000E+00,-4.10298002E-33,-1.32606123E-34,6.88400045E+08,2.08673054E+07,6.88502711E-02,2.08704374E-03,-6.88355072E+08,-2.08659139E+07,-8.04641229E+01,-3.07374938E+00,-0.00000000E+00,-0.00000000E+00,4.63291235E-38,1.44212062E-39,-0.00000000E+00,-0.00000000E+00,4.63291235E-38,1.44212062E-39,-7.75961937E+04,-2.39962712E+03,-1.29776641E+01,-4.46873796E-01,3.23319265E+04,9.99850207E+02,3.20000000E+04,1.00000000E+03,7.76994461E+06,1.63109252E+09
3.40000000E+01,1.00000000E+00,8.85262602E-02,1.39978186E+08,1.07436891E+03,2.13476502E+04,-0.00000000E+00,-0.00000000E+00,-4.23558613E-33,-1.32606092E-34,7.09267761E+08,2.08677165E+07,7.09373561E-02,2.08708498E-03,-7.09221397E+08,-2.08663250E+07,-8.35380170E+01,-3.07397000E+00,-0.00000000E+00,-0.00000000E+00,4.77712413E-38,1.44211614E-39,-0.00000000E+00,-0.00000000E+00,4.77712413E-38,1.44211614E-39,-7.99958207E+04,-2.39962703E+03,-1.34245439E+01,-4.46883750E-01,3.33317766E+04,9.99850169E+02,3.30000000E+04,1.00000000E+03,7.76994415E+06,1.63109252E+09
3.50000000E+01,1.00000000E+00,8.85381222E-02,1.39978177E+08,1.07436866E+03,2.20159936E+04,-0.00000000E+00,-0.00000000E+00,-4.36819220E-33,-1.32606061E-34,7.30135889E+08,2.08681273E+07,7.30244823E-02,2.08712618E-03,-7.30088133E+08,-2.08667357E+07,-8.66121305E+01,-3.07418874E+00,-0.00000000E+00,-0.00000000E+00,4.92133546E-38,1.44211168E-39,-0.00000000E+00,-0.00000000E+00,4.92133546E-38,1.44211168E-39,-8.23954477E+04,-2.39962693E+03,-1.38714336E+01,-4.46893620E-01,3.43316268E+04,9.99850132E+02,3.40000000E+04,1.00000000E+03,7.76994370E+06,1.63109252E+09
3.60000000E+01,1.00000000E+00,8.85498860E-02,1.39978169E+08,1.07436842E+03,2.26843367E+04,-0.00000000E+00,-0.00000000E+00,-4.50079825E-33,-1.32606031E-34,7.51004426E+08,2.08685376E+07,7.51116496E-02,2.08716734E-03,-7.50955279E+08,-2.08671460E+07,-8.96864615E+01,-3.07440565E+00,-0.00000000E+00,-0.00000000E+00,5.06554635E-38,1.44210726E-39,-0.00000000E+00,-0.00000000E+00,5.06554635E-38,1.44210726E-39,-8.47950745E+04,-2.39962684E+03,-1.43183331E+01,-4.46903408E-01,3.53314769E+04,9.99850096E+02,3.50000000E+04,1.00000000E+03,7.76994324E+06,1.63109252E+09
3.70000000E+01,1.00000000E+00,8.85615542E-02,1.39978161E+08,1.07436817E+03,2.33526798E+04,-0.00000000E+00,-0.00000000E+00,-4.63340426E-33,-1.32606001E-34,7.71873374E+08,2.08689475E+07,7.71988581E-02,2.08720846E-03,-7.71822835E+08,-2.08675559E+07,-9.27610082E+01,-3.07462076E+00,-0.00000000E+00,-0.00000000E+00,5.20975680E-38,1.44210285E-39,-0.00000000E+00,-0.00000000E+00,5.20975680E-38,1.44210285E-39,-8.71947012E+04,-2.39962675E+03,-1.47652423E+01,-4.46913116E-01,3.63313269E+04,9.99850059E+02,3.60000000E+04,1.00000000E+03,7.76994278E+06,1.63109252E+09
3.80000000E+01,1.00000000E+00,8.85731289E-02,1.39978153E+08,1.07436793E+03,2.40210226E+04,-0.00000000E+00,-0.00000000E+00,-4.76601024E-33,-1.32605971E-34,7.92742731E+08,2.08693569E+07,7.92861076E-02,2.08724954E-03,-7.92690800E+08,-2.08679654E+07,-9.58357689E+01,-3.07483413E+00,-0.00000000E+00,-0.00000000E+00,5.35396681E-38,1.44209848E-39,-0.00000000E+00,-0.00000000E+00,5.35396681E-38,1.44209848E-39,-8.95943279E+04,-2.39962666E+03,-1.52121612E+01,-4.46922746E-01,3.73311770E+04,9.99850023E+02,3.70000000E+04,1.00000000E+03,7.76994233E+06,1.63109252E+09
3.90000000E+01,1.00000000E+00,8.85846124E-02,1.39978145E+08,1.07436769E+03,2.46893653E+04,-0.00000000E+00,-0.00000000E+00,-4.89861620E-33,-1.32605941E-34,8.13612497E+08,2.08697660E+07,8.13733982E-02,2.08729057E-03,-8.13559175E+08,-2.08683744E+07,-9.89107418E+01,-3.07504580E+00,-0.00000000E+00,-0.00000000E+00,5.49817639E-38,1.44209413E-39,-0.00000000E+00,-0.00000000E+00,5.49817639E-38,1.44209413E-39,-9.19939545E+04,-2.39962657E+03,-1.56590897E+01,-4.46932300E-01,3.83310269E+04,9.99849987E+02,3.80000000E+04,1.00000000E+03,7.76994187E+06,1.63109252E+09
4.00000000E+01,1.00000000E+00,8.85960067E-02,1.39978136E+08,1.07436745E+03,2.53577079E+04,-0.00000000E+00,-0.00000000E+00,-5.03122212E-33,-1.32605912E-34,8.34482671E+08,2.08701747E+07,8.34607297E-02,2.08733157E-03,-8.34427958E+08,-2.08687831E+07,-1.01985925E+02,-3.07525580E+00,-0.00000000E+00,-0.00000000E+00,5.64238553E-38,1.44208981E-39,-0.00000000E+00,-0.00000000E+00,5.64238553E-38,1.44208981E-39,-9.43935809E+04,-2.39962648E+03,-1.61060277E+01,-4.46941780E-01,3.93308769E+04,9.99849952E+02,3.90000000E+04,1.00000000E+03,7.76994142E+06,1.63109252E+09
4.10000000E+01,1.00000000E+00,8.86073136E-02,1.39978128E+08,1.07436722E+03,2.60260503E+04,-0.00000000E+00,-0.00000000E+00,-5.16382802E-33,-1.32605883E-34,8.55353254E+08,2.08705829E+07,8.55481023E-02,2.08737252E-03,-8.55297149E+08,-2.08691913E+07,-1.05061318E+02,-3.07546418E+00,-0.00000000E+00,-0.00000000E+00,5.78659424E-38,1.44208551E-39,-0.00000000E+00,-0.00000000E+00,5.78659424E-38,1.44208551E-39,-9.67932073E+04,-2.39962639E+03,-1.65529752E+01,-4.46951187E-01,4.03307268E+04,9.99849916E+02,4.00000000E+04,1.00000000E+03,7.76994096E+06,1.63109252E+09
4.20000000E+01,1.00000000E+00,8.86185352E-02,1.39978120E+08,1.07436698E+03,2.66943926E+04,-0.00000000E+00,-0.00000000E+00,-5.29643388E-33,-1.32605854E-34,8.76224245E+08,2.08709907E+07,8.76355157E-02,2.08741343E-03,-8.76166748E+08,-2.08695992E+07,-1.08136918E+02,-3.07567097E+00,-0.00000000E+00,-0.00000000E+00,5.93080252E-38,1.44208124E-39,-0.00000000E+00,-0.00000000E+00,5.93080252E-38,1.44208124E-39,-9.91928336E+04,-2.39962630E+03,-1.69999320E+01,-4.46960524E-01,4.13305767E+04,9.99849881E+02,4.10000000E+04,1.00000000E+03,7.76994051E+06,1.63109252E+09
4.30000000E+01,1.00000000E+00,8.86296732E-02,1.39978112E+08,1.07436675E+03,2.73627347E+04,-0.00000000E+00,-0.00000000E+00,-5.42903972E-33,-1.32605825E-34,8.97095643E+08,2.08713982E+07,8.97229700E-02,2.08745430E-03,-8.97036755E+08,-2.08700066E+07,-1.11212723E+02,-3.07587621E+00,-0.00000000E+00,-0.00000000E+00,6.07501038E-38,1.44207699E-39,-0.00000000E+00,-0.00000000E+00,6.07501038E-38,1.44207699E-39,-1.01592460E+05,-2.39962621E+03,-1.74468981E+01,-4.46969790E-01,4.23304265E+04,9.99849847E+02,4.20000000E+04,1.00000000E+03,7.76994005E+06,1.63109252E+09
4.40000000E+01,1.00000000E+00,8.86407293E-02,1.39978104E+08,1.07436652E+03,2.80310767E+04,-0.00000000E+00,-0.00000000E+00,-5.56164553E-33,-1.32605796E-34,9.17967448E+08,2.08718052E+07,9.18104651E-02,2.08749513E-03,-9.17907169E+08,-2.08704136E+07,-1.14288733E+02,-3.07607992E+00,-0.00000000E+00,-0.00000000E+00,6.21921781E-38,1.44207277E-39,-0.00000000E+00,-0.00000000E+00,6.21921781E-38,1.44207277E-39,-1.03992086E+05,-2.39962613E+03,-1.78938734E+01,-4.46978988E-01,4.33302764E+04,9.99849812E+02,4.30000000E+04,1.00000000E+03,7.76993960E+06,1.63109252E+09
4.50000000E+01,1.00000000E+00,8.86517051E-02,1.39978095E+08,1.07436629E+03,2.86994186E+04,-0.00000000E+00,-0.00000000E+00,-5.69425131E-33,-1.32605768E-34,9.38839660E+08,2.08722118E+07,9.38980010E-02,2.08753592E-03,-9.38777989E+08,-2.08708202E+07,-1.17364946E+02,-3.07628214E+00,-0.00000000E+00,-0.00000000E+00,6.36342483E-38,1.44206857E-39,-0.00000000E+00,-0.00000000E+00,6.36342483E-38,1.44206857E-39,-1.06391712E+05,-2.39962604E+03,-1.83408579E+01,-4.46988120E-01,4.43301261E+04,9.99849778E+02,4.40000000E+04,1.00000000E+03,7.76993915E+06,1.63109252E+09
4.60000000E+01,1.00000000E+00,8.86626023E-02,1.39978087E+08,1.07436606E+03,2.93677603E+04,-0.00000000E+00,-0.00000000E+00,-5.82685706E-33,-1.32605740E-34,9.59712278E+08,2.08726181E+07,9.59855777E-02,2.08757667E-03,-9.59649215E+08,-2.08712264E+07,-1.20441359E+02,-3.07648290E+00,-0.00000000E+00,-0.00000000E+00,6.50763142E-38,1.44206440E-39,-0.00000000E+00,-0.00000000E+00,6.50763142E-38,1.44206440E-39,-1.08791338E+05,-2.39962595E+03,-1.87878515E+01,-4.46997186E-01,4.53299759E+04,9.99849744E+02,4.50000000E+04,1.00000000E+03,7.76993869E+06,1.63109252E+09
4.70000000E+01,1.00000000E+00,8.86734223E-02,1.39978079E+08,1.07436583E+03,3.00361018E+04,-0.00000000E+00,-0.00000000E+00,-5.95946279E-33,-1.32605712E-34,9.80585302E+08,2.08730239E+07,9.80731951E-02,2.08761738E-03,-9.80520848E+08,-2.08716322E+07,-1.23517973E+02,-3.07668223E+00,-0.00000000E+00,-0.00000000E+00,6.65183760E-38,1.44206025E-39,-0.00000000E+00,-0.00000000E+00,6.65183760E-38,1.44206025E-39,-1.11190964E+05,-2.39962587E+03,-1.92348541E+01,-4.47006187E-01,4.63298256E+04,9.99849710E+02,4.60000000E+04,1.00000000E+03,7.76993824E+06,1.63109252E+09
4.80000000E+01,1.00000000E+00,8.86841666E-02,1.39978071E+08,1.07436561E+03,3.07044432E+04,-0.00000000E+00,-0.00000000E+00,-6.09206848E-33,-1.32605684E-34,1.00145873E+09,2.08734293E+07,1.00160853E-01,2.08765805E-03,-1.00139289E+09,-2.08720377E+07,-1.26594785E+02,-3.07688015E+00,-0.00000000E+00,-0.00000000E+00,6.79604337E-38,1.44205613E-39,-0.00000000E+00,-0.00000000E+00,6.79604337E-38,1.44205613E-39,-1.13590590E+05,-2.39962578E+03,-1.96818656E+01,-4.47015126E-01,4.73296753E+04,9.99849676E+02,4.70000000E+04,1.00000000E+03,7.76993779E+06,1.63109252E+09
4.90000000E+01,1.00000000E+00,8.86948366E-02,1.39978063E+08,1.07436538E+03,3.13727845E+04,-0.00000000E+00,-0.00000000E+00,-6.22467415E-33,-1.32605657E-34,1.02233257E+09,2.08738343E+07,1.02248552E-01,2.08769868E-03,-1.02226533E+09,-2.08724427E+07,-1.29671794E+02,-3.07707670E+00,-0.00000000E+00,-0.00000000E+00,6.94024872E-38,1.44205203E-39,-0.00000000E+00,-0.00000000E+00,6.94024872E-38,1.44205203E-39,-1.15990215E+05,-2.39962570E+03,-2.01288861E+01,-4.47024003E-01,4.83295249E+04,9.99849643E+02,4.80000000E+04,1.00000000E+03,7.76993734E+06,1.63109252E+09
5.00000000E+01,1.00000000E+00,8.87054336E-02,1.39978055E+08,1.07436516E+03,3.20411257E+04,-0.00000000E+00,-0.00000000E+00,-6.35727979E-33,-1.32605629E-34,1.04320680E+09,2.08742390E+07,1.04336291E-01,2.08773927E-03,-1.04313818E+09,-2.08728473E+07,-1.32748999E+02,-3.07727189E+00,-0.00000000E+00,-0.00000000E+00,7.08445367E-38,1.44204795E-39,-0.00000000E+00,-0.00000000E+00,7.08445367E-38,1.44204795E-39,-1.18389841E+05,-2.39962562E+03,-2.05759154E+01,-4.47032819E-01,4.93293745E+04,9.99849610E+02,4.90000000E+04,1.00000000E+03,7.76993689E+06,1.63109252E+09
