Time [d],dt_flow [d],dt_tran [d],Global Water Mass in Liquid Phas [kg],Global Vaq [mol],Global Vim [mol],Top Water Mass [kg],Top Water Mass [kg/d],Top Vaq [mol],Top Vaq [mol/d],Right Water Mass [kg],Right Water Mass [kg/d],Right Vaq [mol],Right Vaq [mol/d],Left Water Mass [kg],Left Water Mass [kg/d],Left Vaq [mol],Left Vaq [mol/d],North Water Mass [kg],North Water Mass [kg/d],North Vaq [mol],North Vaq [mol/d],South Water Mass [kg],South Water Mass [kg/d],South Vaq [mol],South Vaq [mol/d],ExtractWell Water Mass [kg],ExtractWell Water Mass [kg/d],ExtractWell Vaq [mol],ExtractWell Vaq [mol/d],InjectWell Water Mass [kg],InjectWell Water Mass [kg/d],InjectWell Vaq [mol],InjectWell Vaq [mol/d],Region Region__all Water Mass [kg],Region Region__all Total Mass [kg]
1.00000000E+00,4.89000000E-01,9.00000000E-03,1.39978219E+08,6.01457296E-03,5.72928098E-03,-0.00000000E+00,-0.00000000E+00,5.99174399E-40,9.85629851E-40,1.39018685E+07,1.39019832E+07,1.39039795E-03,1.39040944E-03,-1.39014041E+07,-1.39012747E+07,-8.93253809E-04,-5.61861456E-04,-0.00000000E+00,-0.00000000E+00,5.95452872E-40,9.79508082E-40,-0.00000000E+00,-0.00000000E+00,5.95452872E-40,9.79508082E-40,-8.08071862E+02,-1.22620919E+03,-4.49587848E-08,-4.95607182E-08,3.36697827E+02,5.10922345E+02,3.36749000E-08,5.11000000E-08,7.76994597E+06,1.63109144E+09
2.00000000E+00,4.88000000E-01,8.00000000E-03,1.39978212E+08,6.46987991E+02,2.36776774E+02,-0.00000000E+00,-0.00000000E+00,-4.69760547E-35,-7.98550754E-35,2.78041157E+07,1.39022980E+07,2.78083383E-03,1.39044097E-03,-2.78022579E+07,-1.39009044E+07,-1.25675828E-03,-2.24692875E-04,-0.00000000E+00,-0.00000000E+00,1.78954341E-39,1.33878744E-39,-0.00000000E+00,-0.00000000E+00,1.78954341E-39,1.33878744E-39,-3.20769836E+03,-2.39962647E+03,-1.31584769E-07,-3.06886200E-07,1.33654584E+03,9.99848008E+02,1.00000000E+03,1.00000000E+03,7.76994563E+06,1.63109209E+09
3.00000000E+00,1.00000000E+00,5.60000000E-02,1.39978207E+08,9.05374693E+02,7.34180006E+02,-0.00000000E+00,-0.00000000E+00,-1.45665444E-34,-1.11747377E-34,4.17065961E+07,1.39024803E+07,4.17129307E-03,1.39045924E-03,-4.17033439E+07,-1.39010860E+07,-1.40193435E-03,-9.00443432E-05,-0.00000000E+00,-0.00000000E+00,3.20481680E-39,1.46613099E-39,-0.00000000E+00,-0.00000000E+00,3.20481680E-39,1.46613099E-39,-5.60732474E+03,-2.39962638E+03,-1.39997949E-04,-7.15960107E-04,2.33639382E+03,9.99847983E+02,2.00000000E+03,1.00000000E+03,7.76994532E+06,1.63109235E+09
4.00000000E+00,1.00000000E+00,4.00000000E-02,1.39978202E+08,1.00829687E+03,1.33584885E+03,-0.00000000E+00,-0.00000000E+00,-2.65042454E-34,-1.24450914E-34,5.56092405E+07,1.39026444E+07,5.56176875E-03,1.39047568E-03,-5.56045935E+07,-1.39012496E+07,-1.45979708E-03,-3.65989522E-05,-0.00000000E+00,-0.00000000E+00,4.69805918E-39,1.51044049E-39,-0.00000000E+00,-0.00000000E+00,4.69805918E-39,1.51044049E-39,-8.00695104E+03,-2.39962630E+03,-7.76839382E-03,-2.01056924E-02,3.33624178E+03,9.99847959E+02,3.00000000E+03,1.00000000E+03,7.76994505E+06,1.63109245E+09
5.00000000E+00,1.00000000E+00,4.00000000E-02,1.39978197E+08,1.04988022E+03,1.97862917E+03,-0.00000000E+00,-0.00000000E+00,-3.92576505E-34,-1.29583487E-34,6.95120347E+07,1.39027942E+07,6.95225945E-03,1.39049070E-03,-6.95059924E+07,-1.39013990E+07,-1.49375435E-03,-5.85913097E-05,-0.00000000E+00,-0.00000000E+00,6.21793701E-39,1.52581759E-39,-0.00000000E+00,-0.00000000E+00,6.21793701E-39,1.52581759E-39,-1.04065773E+04,-2.39962623E+03,-5.81678053E-02,-8.24862926E-02,4.33608972E+03,9.99847935E+02,4.00000000E+03,1.00000000E+03,7.76994480E+06,1.63109249E+09
6.00000000E+00,1.00000000E+00,4.00000000E-02,1.39978193E+08,1.06665029E+03,2.63800708E+03,-0.00000000E+00,-0.00000000E+00,-5.23403728E-34,-1.31653394E-34,8.34149686E+07,1.39029339E+07,8.34276417E-03,1.39050472E-03,-8.34075308E+07,-1.39015384E+07,-1.96312063E-03,-1.35778478E-03,-0.00000000E+00,-0.00000000E+00,7.74695371E-39,1.53100829E-39,-0.00000000E+00,-0.00000000E+00,7.74695371E-39,1.53100829E-39,-1.28062034E+04,-2.39962617E+03,-1.74860928E-01,-1.42722906E-01,5.33593763E+03,9.99847911E+02,5.00000000E+03,1.00000000E+03,7.76994456E+06,1.63109251E+09
7.00000000E+00,1.00000000E+00,4.00000000E-02,1.39978189E+08,1.07330870E+03,3.30413434E+03,-0.00000000E+00,-0.00000000E+00,-6.55570106E-34,-1.32475231E-34,9.73180357E+07,1.39030671E+07,9.73328224E-03,1.39051807E-03,-9.73092022E+07,-1.39016714E+07,-8.17101352E-03,-1.28517740E-02,-0.00000000E+00,-0.00000000E+00,9.27902719E-39,1.53266677E-39,-0.00000000E+00,-0.00000000E+00,9.27902719E-39,1.53266677E-39,-1.52058295E+04,-2.39962611E+03,-3.34408319E-01,-1.68905850E-01,6.33578552E+03,9.99847888E+02,6.00000000E+03,1.00000000E+03,7.76994434E+06,1.63109252E+09
8.00000000E+00,1.00000000E+00,4.00000000E-02,1.39978185E+08,1.07603009E+03,3.97287635E+03,-0.00000000E+00,-0.00000000E+00,-7.88255285E-34,-1.32811128E-34,1.11221232E+08,1.39031964E+07,1.11238133E-02,1.39053104E-03,-1.11211003E+08,-1.39018005E+07,-3.87410395E-02,-4.92148023E-02,-0.00000000E+00,-0.00000000E+00,1.08120335E-38,1.53319157E-39,-0.00000000E+00,-0.00000000E+00,1.08120335E-38,1.53319157E-39,-1.76054556E+04,-2.39962605E+03,-5.08077077E-01,-1.75991881E-01,7.33563338E+03,9.99847866E+02,7.00000000E+03,1.00000000E+03,7.76994412E+06,1.63109252E+09
9.00000000E+00,1.00000000E+00,4.00000000E-02,1.39978181E+08,1.07711812E+03,4.64267825E+03,-0.00000000E+00,-0.00000000E+00,-9.21150760E-34,-1.32945423E-34,1.25124556E+08,1.39033235E+07,1.25143571E-02,1.39054379E-03,-1.25112930E+08,-1.39019275E+07,-1.19123136E-01,-1.07387599E-01,-0.00000000E+00,-0.00000000E+00,1.23453258E-38,1.53334558E-39,-0.00000000E+00,-0.00000000E+00,1.23453258E-38,1.53334558E-39,-2.00050816E+04,-2.39962599E+03,-6.85016569E-01,-1.77360355E-01,8.33548123E+03,9.99847844E+02,8.00000000E+03,1.00000000E+03,7.76994391E+06,1.63109252E+09
1.00000000E+01,1.00000000E+00,4.00000000E-02,1.39978178E+08,1.07752922E+03,5.31289410E+03,-0.00000000E+00,-0.00000000E+00,-1.05412837E-33,-1.32996164E-34,1.39028005E+08,1.39034494E+07,1.39049135E-02,1.39055642E-03,-1.39014984E+08,-1.39020534E+07,-2.58703752E-01,-1.63603917E-01,-0.00000000E+00,-0.00000000E+00,1.38786982E-38,1.53338611E-39,-0.00000000E+00,-0.00000000E+00,1.38786982E-38,1.53338611E-39,-2.24047075E+04,-2.39962593E+03,-8.62523533E-01,-1.77568179E-01,9.33532905E+03,9.99847822E+02,9.00000000E+03,1.00000000E+03,7.76994370E+06,1.63109252E+09
1.10000000E+01,1.00000000E+00,6.00891992E-02,1.39978174E+08,1.07766882E+03,5.98326075E+03,-0.00000000E+00,-0.00000000E+00,-1.18713589E-33,-1.33013395E-34,1.52931580E+08,1.39035746E+07,1.52954825E-02,1.39056898E-03,-1.52917162E+08,-1.39021786E+07,-4.44839100E-01,-1.99949593E-01,-0.00000000E+00,-0.00000000E+00,1.54120902E-38,1.53339473E-39,-0.00000000E+00,-0.00000000E+00,1.54120902E-38,1.53339473E-39,-2.48043334E+04,-2.39962588E+03,-1.04011211E+00,-1.77596762E-01,1.03351768E+04,9.99847800E+02,1.00000000E+04,1.00000000E+03,7.76994349E+06,1.63109252E+09
1.20000000E+01,1.00000000E+00,6.00976795E-02,1.39978170E+08,1.07771213E+03,6.65367516E+03,-0.00000000E+00,-0.00000000E+00,-1.32015290E-33,-1.33018741E-34,1.66835279E+08,1.39036995E+07,1.66860640E-02,1.39058151E-03,-1.66819466E+08,-1.39023035E+07,-6.56061759E-01,-2.17349626E-01,-0.00000000E+00,-0.00000000E+00,1.69454856E-38,1.53339551E-39,-0.00000000E+00,-0.00000000E+00,1.69454856E-38,1.53339551E-39,-2.72039592E+04,-2.39962583E+03,-1.21771324E+00,-1.77603340E-01,1.13350246E+04,9.99847779E+02,1.10000000E+04,1.00000000E+03,7.76994329E+06,1.63109252E+09
1.30000000E+01,1.00000000E+00,1.45549050E-01,1.39978166E+08,1.07772416E+03,7.32410348E+03,-0.00000000E+00,-0.00000000E+00,-1.45317266E-33,-1.33020225E-34,1.80739103E+08,1.39038241E+07,1.80766580E-02,1.39059401E-03,-1.80721894E+08,-1.39024281E+07,-8.77826092E-01,-2.23948107E-01,-0.00000000E+00,-0.00000000E+00,1.84788804E-38,1.53339446E-39,-0.00000000E+00,-0.00000000E+00,1.84788804E-38,1.53339446E-39,-2.96035850E+04,-2.39962577E+03,-1.39531907E+00,-1.77607331E-01,1.23348724E+04,9.99847758E+02,1.20000000E+04,1.00000000E+03,7.76994308E+06,1.63109252E+09
1.40000000E+01,1.00000000E+00,1.45555368E-01,1.39978163E+08,1.07772716E+03,7.99453542E+03,-0.00000000E+00,-0.00000000E+00,-1.58619314E-33,-1.33020595E-34,1.94643052E+08,1.39039486E+07,1.94672645E-02,1.39060649E-03,-1.94624446E+08,-1.39025526E+07,-1.10319891E+00,-2.26037705E-01,-0.00000000E+00,-0.00000000E+00,2.00122740E-38,1.53339303E-39,-0.00000000E+00,-0.00000000E+00,2.00122740E-38,1.53339303E-39,-3.20032107E+04,-2.39962572E+03,-1.57292865E+00,-1.77611008E-01,1.33347201E+04,9.99847738E+02,1.30000000E+04,1.00000000E+03,7.76994287E+06,1.63109252E+09
1.50000000E+01,1.00000000E+00,1.45561597E-01,1.39978159E+08,1.07772782E+03,8.66496822E+03,-0.00000000E+00,-0.00000000E+00,-1.71921380E-33,-1.33020677E-34,2.08547125E+08,1.39040729E+07,2.08578834E-02,1.39061896E-03,-2.08527123E+08,-1.39026769E+07,-1.32963226E+00,-2.26609613E-01,-0.00000000E+00,-0.00000000E+00,2.15456660E-38,1.53339152E-39,-0.00000000E+00,-0.00000000E+00,2.15456660E-38,1.53339152E-39,-3.44028364E+04,-2.39962567E+03,-1.75054187E+00,-1.77614618E-01,1.43345678E+04,9.99847718E+02,1.40000000E+04,1.00000000E+03,7.76994267E+06,1.63109252E+09
1.60000000E+01,1.00000000E+00,1.45567741E-01,1.39978155E+08,1.07772794E+03,9.33540120E+03,-0.00000000E+00,-0.00000000E+00,-1.85223449E-33,-1.33020692E-34,2.22451322E+08,1.39041971E+07,2.22485149E-02,1.39063142E-03,-2.22429924E+08,-1.39028010E+07,-1.55634232E+00,-2.26753664E-01,-0.00000000E+00,-0.00000000E+00,2.30790565E-38,1.53339001E-39,-0.00000000E+00,-0.00000000E+00,2.30790565E-38,1.53339001E-39,-3.68024620E+04,-2.39962562E+03,-1.92815867E+00,-1.77618185E-01,1.53344155E+04,9.99847698E+02,1.50000000E+04,1.00000000E+03,7.76994246E+06,1.63109252E+09
1.70000000E+01,1.00000000E+00,1.45573804E-01,1.39978151E+08,1.07772795E+03,1.00058342E+04,-0.00000000E+00,-0.00000000E+00,-1.98525518E-33,-1.33020693E-34,2.36355643E+08,1.39043211E+07,2.36391587E-02,1.39064386E-03,-2.36332849E+08,-1.39029250E+07,-1.78312368E+00,-2.26793724E-01,-0.00000000E+00,-0.00000000E+00,2.46124456E-38,1.53338850E-39,-0.00000000E+00,-0.00000000E+00,2.46124456E-38,1.53338850E-39,-3.92020876E+04,-2.39962556E+03,-2.10577901E+00,-1.77621717E-01,1.63342632E+04,9.99847678E+02,1.60000000E+04,1.00000000E+03,7.76994225E+06,1.63109252E+09
1.80000000E+01,1.00000000E+00,1.45579791E-01,1.39978148E+08,1.07772793E+03,1.06762672E+04,-0.00000000E+00,-0.00000000E+00,-2.11827587E-33,-1.33020691E-34,2.50260088E+08,1.39044450E+07,2.50298150E-02,1.39065629E-03,-2.50235898E+08,-1.39030489E+07,-2.00992923E+00,-2.26811361E-01,-0.00000000E+00,-0.00000000E+00,2.61458331E-38,1.53338701E-39,-0.00000000E+00,-0.00000000E+00,2.61458331E-38,1.53338701E-39,-4.16017131E+04,-2.39962551E+03,-2.28340286E+00,-1.77625195E-01,1.73341109E+04,9.99847659E+02,1.70000000E+04,1.00000000E+03,7.76994205E+06,1.63109252E+09
1.90000000E+01,1.00000000E+00,1.45585706E-01,1.39978144E+08,1.07772792E+03,1.13467002E+04,-0.00000000E+00,-0.00000000E+00,-2.25129656E-33,-1.33020689E-34,2.64164657E+08,1.39045687E+07,2.64204837E-02,1.39066870E-03,-2.64139071E+08,-1.39031727E+07,-2.23674926E+00,-2.26824585E-01,-0.00000000E+00,-0.00000000E+00,2.76792191E-38,1.53338552E-39,-0.00000000E+00,-0.00000000E+00,2.76792191E-38,1.53338552E-39,-4.40013385E+04,-2.39962547E+03,-2.46103015E+00,-1.77628624E-01,1.83339585E+04,9.99847639E+02,1.80000000E+04,1.00000000E+03,7.76994184E+06,1.63109252E+09
2.00000000E+01,1.00000000E+00,1.45591550E-01,1.39978140E+08,1.07772790E+03,1.20171332E+04,-0.00000000E+00,-0.00000000E+00,-2.38431725E-33,-1.33020687E-34,2.78069349E+08,1.39046924E+07,2.78111648E-02,1.39068110E-03,-2.78042367E+08,-1.39032963E+07,-2.46358188E+00,-2.26836911E-01,-0.00000000E+00,-0.00000000E+00,2.92126037E-38,1.53338405E-39,-0.00000000E+00,-0.00000000E+00,2.92126037E-38,1.53338405E-39,-4.64009639E+04,-2.39962542E+03,-2.63866085E+00,-1.77632010E-01,1.93338061E+04,9.99847620E+02,1.90000000E+04,1.00000000E+03,7.76994163E+06,1.63109252E+09
2.10000000E+01,1.00000000E+00,1.45597326E-01,1.39978137E+08,1.07772788E+03,1.26875661E+04,-0.00000000E+00,-0.00000000E+00,-2.51733793E-33,-1.33020685E-34,2.91974165E+08,1.39048159E+07,2.92018583E-02,1.39069349E-03,-2.91945787E+08,-1.39034198E+07,-2.69042664E+00,-2.26848962E-01,-0.00000000E+00,-0.00000000E+00,3.07459868E-38,1.53338258E-39,-0.00000000E+00,-0.00000000E+00,3.07459868E-38,1.53338258E-39,-4.88005893E+04,-2.39962537E+03,-2.81629491E+00,-1.77635355E-01,2.03336537E+04,9.99847602E+02,2.00000000E+04,1.00000000E+03,7.76994143E+06,1.63109252E+09
2.20000000E+01,1.00000000E+00,1.45603038E-01,1.39978133E+08,1.07772787E+03,1.33579991E+04,-0.00000000E+00,-0.00000000E+00,-2.65035862E-33,-1.33020683E-34,3.05879104E+08,1.39049392E+07,3.05925642E-02,1.39070587E-03,-3.05849330E+08,-1.39035431E+07,-2.91728334E+00,-2.26860844E-01,-0.00000000E+00,-0.00000000E+00,3.22793684E-38,1.53338113E-39,-0.00000000E+00,-0.00000000E+00,3.22793684E-38,1.53338113E-39,-5.12002146E+04,-2.39962532E+03,-2.99393228E+00,-1.77638662E-01,2.13335013E+04,9.99847583E+02,2.10000000E+04,1.00000000E+03,7.76994122E+06,1.63109252E+09
2.30000000E+01,1.00000000E+00,1.45608688E-01,1.39978129E+08,1.07772785E+03,1.40284320E+04,-0.00000000E+00,-0.00000000E+00,-2.78337930E-33,-1.33020681E-34,3.19784167E+08,1.39050624E+07,3.19832824E-02,1.39071823E-03,-3.19752996E+08,-1.39036664E+07,-3.14415183E+00,-2.26872580E-01,-0.00000000E+00,-0.00000000E+00,3.38127486E-38,1.53337968E-39,-0.00000000E+00,-0.00000000E+00,3.38127486E-38,1.53337968E-39,-5.35998399E+04,-2.39962527E+03,-3.17157295E+00,-1.77641932E-01,2.23333489E+04,9.99847565E+02,2.20000000E+04,1.00000000E+03,7.76994102E+06,1.63109252E+09
2.40000000E+01,1.00000000E+00,1.45614278E-01,1.39978126E+08,1.07772783E+03,1.46988650E+04,-0.00000000E+00,-0.00000000E+00,-2.91639998E-33,-1.33020679E-34,3.33689352E+08,1.39051855E+07,3.33740130E-02,1.39073057E-03,-3.33656786E+08,-1.39037894E+07,-3.37103197E+00,-2.26884180E-01,-0.00000000E+00,-0.00000000E+00,3.53461273E-38,1.53337824E-39,-0.00000000E+00,-0.00000000E+00,3.53461273E-38,1.53337824E-39,-5.59994651E+04,-2.39962523E+03,-3.34921686E+00,-1.77645167E-01,2.33331964E+04,9.99847547E+02,2.30000000E+04,1.00000000E+03,7.76994081E+06,1.63109252E+09
2.50000000E+01,1.00000000E+00,1.45619811E-01,1.39978122E+08,1.07772782E+03,1.53692979E+04,-0.00000000E+00,-0.00000000E+00,-3.04942066E-33,-1.33020677E-34,3.47594661E+08,1.39053085E+07,3.47647559E-02,1.39074291E-03,-3.47560698E+08,-1.39039124E+07,-3.59792362E+00,-2.26895651E-01,-0.00000000E+00,-0.00000000E+00,3.68795046E-38,1.53337681E-39,-0.00000000E+00,-0.00000000E+00,3.68795046E-38,1.53337681E-39,-5.83990903E+04,-2.39962518E+03,-3.52686398E+00,-1.77648368E-01,2.43330440E+04,9.99847529E+02,2.40000000E+04,1.00000000E+03,7.76994061E+06,1.63109252E+09
2.60000000E+01,1.00000000E+00,1.45625287E-01,1.39978118E+08,1.07772780E+03,1.60397308E+04,-0.00000000E+00,-0.00000000E+00,-3.18244133E-33,-1.33020675E-34,3.61500092E+08,1.39054313E+07,3.61555111E-02,1.39075523E-03,-3.61464734E+08,-1.39040352E+07,-3.82482666E+00,-2.26906998E-01,-0.00000000E+00,-0.00000000E+00,3.84128805E-38,1.53337539E-39,-0.00000000E+00,-0.00000000E+00,3.84128805E-38,1.53337539E-39,-6.07987154E+04,-2.39962513E+03,-3.70451429E+00,-1.77651535E-01,2.53328915E+04,9.99847511E+02,2.50000000E+04,1.00000000E+03,7.76994040E+06,1.63109252E+09
2.70000000E+01,1.00000000E+00,1.45630709E-01,1.39978114E+08,1.07772779E+03,1.67101637E+04,-0.00000000E+00,-0.00000000E+00,-3.31546201E-33,-1.33020673E-34,3.75405646E+08,1.39055540E+07,3.75462787E-02,1.39076754E-03,-3.75368891E+08,-1.39041579E+07,-4.05174097E+00,-2.26918228E-01,-0.00000000E+00,-0.00000000E+00,3.99462550E-38,1.53337398E-39,-0.00000000E+00,-0.00000000E+00,3.99462550E-38,1.53337398E-39,-6.31983405E+04,-2.39962509E+03,-3.88216774E+00,-1.77654671E-01,2.63327390E+04,9.99847493E+02,2.60000000E+04,1.00000000E+03,7.76994020E+06,1.63109252E+09
2.80000000E+01,1.00000000E+00,1.45636080E-01,1.39978111E+08,1.07772777E+03,1.73805966E+04,-0.00000000E+00,-0.00000000E+00,-3.44848268E-33,-1.33020671E-34,3.89311323E+08,1.39056766E+07,3.89370585E-02,1.39077983E-03,-3.89273172E+08,-1.39042805E+07,-4.27866644E+00,-2.26929343E-01,-0.00000000E+00,-0.00000000E+00,4.14796281E-38,1.53337258E-39,-0.00000000E+00,-0.00000000E+00,4.14796281E-38,1.53337258E-39,-6.55979656E+04,-2.39962504E+03,-4.05982431E+00,-1.77657776E-01,2.73325864E+04,9.99847476E+02,2.70000000E+04,1.00000000E+03,7.76994000E+06,1.63109252E+09
2.90000000E+01,1.00000000E+00,1.45641399E-01,1.39978107E+08,1.07772776E+03,1.80510295E+04,-0.00000000E+00,-0.00000000E+00,-3.58150335E-33,-1.33020669E-34,4.03217122E+08,1.39057990E+07,4.03278506E-02,1.39079212E-03,-4.03177575E+08,-1.39044029E+07,-4.50560295E+00,-2.26940348E-01,-0.00000000E+00,-0.00000000E+00,4.30129997E-38,1.53337119E-39,-0.00000000E+00,-0.00000000E+00,4.30129997E-38,1.53337119E-39,-6.79975906E+04,-2.39962500E+03,-4.23748397E+00,-1.77660852E-01,2.83324339E+04,9.99847458E+02,2.80000000E+04,1.00000000E+03,7.76993979E+06,1.63109252E+09
3.00000000E+01,1.00000000E+00,1.45646669E-01,1.39978103E+08,1.07772774E+03,1.87214624E+04,-0.00000000E+00,-0.00000000E+00,-3.71452402E-33,-1.33020667E-34,4.17123043E+08,1.39059213E+07,4.17186550E-02,1.39080439E-03,-4.17082100E+08,-1.39045252E+07,-4.73255040E+00,-2.26951246E-01,-0.00000000E+00,-0.00000000E+00,4.45463700E-38,1.53336980E-39,-0.00000000E+00,-0.00000000E+00,4.45463700E-38,1.53336980E-39,-7.03972155E+04,-2.39962495E+03,-4.41514669E+00,-1.77663898E-01,2.93322813E+04,9.99847441E+02,2.90000000E+04,1.00000000E+03,7.76993959E+06,1.63109252E+09
3.10000000E+01,1.00000000E+00,1.45651892E-01,1.39978100E+08,1.07772773E+03,1.93918952E+04,-0.00000000E+00,-0.00000000E+00,-3.84754468E-33,-1.33020666E-34,4.31029086E+08,1.39060435E+07,4.31094716E-02,1.39081664E-03,-4.30986747E+08,-1.39046474E+07,-4.95950868E+00,-2.26962040E-01,-0.00000000E+00,-0.00000000E+00,4.60797389E-38,1.53336842E-39,-0.00000000E+00,-0.00000000E+00,4.60797389E-38,1.53336842E-39,-7.27968404E+04,-2.39962491E+03,-4.59281243E+00,-1.77666916E-01,3.03321288E+04,9.99847424E+02,3.00000000E+04,1.00000000E+03,7.76993938E+06,1.63109252E+09
3.20000000E+01,1.00000000E+00,1.45657068E-01,1.39978096E+08,1.07772771E+03,2.00623281E+04,-0.00000000E+00,-0.00000000E+00,-3.98056535E-33,-1.33020664E-34,4.44935252E+08,1.39061656E+07,4.45003005E-02,1.39082889E-03,-4.44891517E+08,-1.39047695E+07,-5.18647769E+00,-2.26972734E-01,-0.00000000E+00,-0.00000000E+00,4.76131064E-38,1.53336705E-39,-0.00000000E+00,-0.00000000E+00,4.76131064E-38,1.53336705E-39,-7.51964653E+04,-2.39962487E+03,-4.77048118E+00,-1.77669907E-01,3.13319762E+04,9.99847407E+02,3.10000000E+04,1.00000000E+03,7.76993918E+06,1.63109252E+09
3.30000000E+01,1.00000000E+00,1.45662199E-01,1.39978092E+08,1.07772770E+03,2.07327609E+04,-0.00000000E+00,-0.00000000E+00,-4.11358601E-33,-1.33020662E-34,4.58841540E+08,1.39062875E+07,4.58911416E-02,1.39084112E-03,-4.58796408E+08,-1.39048914E+07,-5.41345733E+00,-2.26983331E-01,-0.00000000E+00,-0.00000000E+00,4.91464726E-38,1.53336569E-39,-0.00000000E+00,-0.00000000E+00,4.91464726E-38,1.53336569E-39,-7.75960901E+04,-2.39962482E+03,-4.94815290E+00,-1.77672872E-01,3.23318236E+04,9.99847391E+02,3.20000000E+04,1.00000000E+03,7.76993898E+06,1.63109252E+09
3.40000000E+01,1.00000000E+00,1.45667286E-01,1.39978089E+08,1.07772768E+03,2.14031938E+04,-0.00000000E+00,-0.00000000E+00,-4.24660667E-33,-1.33020660E-34,4.72747949E+08,1.39064093E+07,4.72819950E-02,1.39085334E-03,-4.72701422E+08,-1.39050132E+07,-5.64044750E+00,-2.26993833E-01,-0.00000000E+00,-0.00000000E+00,5.06798374E-38,1.53336434E-39,-0.00000000E+00,-0.00000000E+00,5.06798374E-38,1.53336434E-39,-7.99957149E+04,-2.39962478E+03,-5.12582757E+00,-1.77675810E-01,3.33316709E+04,9.99847374E+02,3.30000000E+04,1.00000000E+03,7.76993878E+06,1.63109252E+09
3.50000000E+01,1.00000000E+00,1.45672330E-01,1.39978085E+08,1.07772767E+03,2.20736266E+04,-0.00000000E+00,-0.00000000E+00,-4.37962733E-33,-1.33020658E-34,4.86654480E+08,1.39065310E+07,4.86728605E-02,1.39086554E-03,-4.86606556E+08,-1.39051349E+07,-5.86744812E+00,-2.27004244E-01,-0.00000000E+00,-0.00000000E+00,5.22132009E-38,1.53336300E-39,-0.00000000E+00,-0.00000000E+00,5.22132009E-38,1.53336300E-39,-8.23953397E+04,-2.39962474E+03,-5.30350516E+00,-1.77678724E-01,3.43315183E+04,9.99847358E+02,3.40000000E+04,1.00000000E+03,7.76993857E+06,1.63109252E+09
3.60000000E+01,1.00000000E+00,1.45677332E-01,1.39978082E+08,1.07772765E+03,2.27440594E+04,-0.00000000E+00,-0.00000000E+00,-4.51264799E-33,-1.33020657E-34,5.00561132E+08,1.39066525E+07,5.00637382E-02,1.39087773E-03,-5.00511813E+08,-1.39052564E+07,-6.09445909E+00,-2.27014564E-01,-0.00000000E+00,-0.00000000E+00,5.37465630E-38,1.53336166E-39,-0.00000000E+00,-0.00000000E+00,5.37465630E-38,1.53336166E-39,-8.47949644E+04,-2.39962470E+03,-5.48118565E+00,-1.77681613E-01,3.53313656E+04,9.99847342E+02,3.50000000E+04,1.00000000E+03,7.76993837E+06,1.63109252E+09
3.70000000E+01,1.00000000E+00,1.45682294E-01,1.39978078E+08,1.07772764E+03,2.34144922E+04,-0.00000000E+00,-0.00000000E+00,-4.64566864E-33,-1.33020655E-34,5.14467906E+08,1.39067740E+07,5.14546282E-02,1.39088992E-03,-5.14417191E+08,-1.39053778E+07,-6.32148032E+00,-2.27024798E-01,-0.00000000E+00,-0.00000000E+00,5.52799238E-38,1.53336033E-39,-0.00000000E+00,-0.00000000E+00,5.52799238E-38,1.53336033E-39,-8.71945890E+04,-2.39962466E+03,-5.65886902E+00,-1.77684479E-01,3.63312130E+04,9.99847325E+02,3.60000000E+04,1.00000000E+03,7.76993817E+06,1.63109252E+09
3.80000000E+01,1.00000000E+00,1.45687216E-01,1.39978074E+08,1.07772762E+03,2.40849250E+04,-0.00000000E+00,-0.00000000E+00,-4.77868930E-33,-1.33020653E-34,5.28374802E+08,1.39068953E+07,5.28455302E-02,1.39090208E-03,-5.28322690E+08,-1.39054991E+07,-6.54851173E+00,-2.27034946E-01,-0.00000000E+00,-0.00000000E+00,5.68132833E-38,1.53335901E-39,-0.00000000E+00,-0.00000000E+00,5.68132833E-38,1.53335901E-39,-8.95942136E+04,-2.39962461E+03,-5.83655524E+00,-1.77687321E-01,3.73310603E+04,9.99847309E+02,3.70000000E+04,1.00000000E+03,7.76993797E+06,1.63109252E+09
3.90000000E+01,1.00000000E+00,1.45692099E-01,1.39978071E+08,1.07772761E+03,2.47553578E+04,-0.00000000E+00,-0.00000000E+00,-4.91170995E-33,-1.33020651E-34,5.42281818E+08,1.39070165E+07,5.42364445E-02,1.39091424E-03,-5.42228310E+08,-1.39056203E+07,-6.77555324E+00,-2.27045012E-01,-0.00000000E+00,-0.00000000E+00,5.83466414E-38,1.53335770E-39,-0.00000000E+00,-0.00000000E+00,5.83466414E-38,1.53335770E-39,-9.19938382E+04,-2.39962457E+03,-6.01424428E+00,-1.77690140E-01,3.83309076E+04,9.99847293E+02,3.80000000E+04,1.00000000E+03,7.76993776E+06,1.63109252E+09
4.00000000E+01,1.00000000E+00,1.45696944E-01,1.39978067E+08,1.07772760E+03,2.54257906E+04,-0.00000000E+00,-0.00000000E+00,-5.04473060E-33,-1.33020650E-34,5.56188956E+08,1.39071375E+07,5.56273709E-02,1.39092638E-03,-5.56134051E+08,-1.39057414E+07,-7.00260475E+00,-2.27054997E-01,-0.00000000E+00,-0.00000000E+00,5.98799983E-38,1.53335640E-39,-0.00000000E+00,-0.00000000E+00,5.98799983E-38,1.53335640E-39,-9.43934627E+04,-2.39962453E+03,-6.19193613E+00,-1.77692937E-01,3.93307548E+04,9.99847278E+02,3.90000000E+04,1.00000000E+03,7.76993756E+06,1.63109252E+09
4.10000000E+01,1.00000000E+00,1.45701752E-01,1.39978063E+08,1.07772758E+03,2.60962234E+04,-0.00000000E+00,-0.00000000E+00,-5.17775125E-33,-1.33020648E-34,5.70096214E+08,1.39072584E+07,5.70183094E-02,1.39093851E-03,-5.70039914E+08,-1.39058623E+07,-7.22966621E+00,-2.27064903E-01,-0.00000000E+00,-0.00000000E+00,6.14133538E-38,1.53335510E-39,-0.00000000E+00,-0.00000000E+00,6.14133538E-38,1.53335510E-39,-9.67930872E+04,-2.39962449E+03,-6.36963077E+00,-1.77695712E-01,4.03306021E+04,9.99847262E+02,4.00000000E+04,1.00000000E+03,7.76993736E+06,1.63109252E+09
4.20000000E+01,1.00000000E+00,1.45706523E-01,1.39978060E+08,1.07772757E+03,2.67666562E+04,-0.00000000E+00,-0.00000000E+00,-5.31077189E-33,-1.33020646E-34,5.84003593E+08,1.39073792E+07,5.84092600E-02,1.39095063E-03,-5.83945897E+08,-1.39059831E+07,-7.45673751E+00,-2.27074731E-01,-0.00000000E+00,-0.00000000E+00,6.29467081E-38,1.53335381E-39,-0.00000000E+00,-0.00000000E+00,6.29467081E-38,1.53335381E-39,-9.91927117E+04,-2.39962445E+03,-6.54732816E+00,-1.77698465E-01,4.13304494E+04,9.99847247E+02,4.10000000E+04,1.00000000E+03,7.76993716E+06,1.63109252E+09
4.30000000E+01,1.00000000E+00,1.45711259E-01,1.39978056E+08,1.07772755E+03,2.74370889E+04,-0.00000000E+00,-0.00000000E+00,-5.44379254E-33,-1.33020645E-34,5.97911093E+08,1.39074999E+07,5.98002228E-02,1.39096274E-03,-5.97852001E+08,-1.39061038E+07,-7.68381860E+00,-2.27084485E-01,-0.00000000E+00,-0.00000000E+00,6.44800611E-38,1.53335253E-39,-0.00000000E+00,-0.00000000E+00,6.44800611E-38,1.53335253E-39,-1.01592336E+05,-2.39962441E+03,-6.72502830E+00,-1.77701196E-01,4.23302966E+04,9.99847231E+02,4.20000000E+04,1.00000000E+03,7.76993696E+06,1.63109252E+09
4.40000000E+01,1.00000000E+00,1.45715960E-01,1.39978052E+08,1.07772754E+03,2.81075217E+04,-0.00000000E+00,-0.00000000E+00,-5.57681318E-33,-1.33020643E-34,6.11818714E+08,1.39076205E+07,6.11911976E-02,1.39097483E-03,-6.11758225E+08,-1.39062243E+07,-7.91090940E+00,-2.27094164E-01,-0.00000000E+00,-0.00000000E+00,6.60134128E-38,1.53335126E-39,-0.00000000E+00,-0.00000000E+00,6.60134128E-38,1.53335126E-39,-1.03991960E+05,-2.39962437E+03,-6.90273115E+00,-1.77703907E-01,4.33301438E+04,9.99847216E+02,4.30000000E+04,1.00000000E+03,7.76993676E+06,1.63109252E+09
4.50000000E+01,1.00000000E+00,1.45720627E-01,1.39978049E+08,1.07772753E+03,2.87779544E+04,-0.00000000E+00,-0.00000000E+00,-5.70983382E-33,-1.33020641E-34,6.25726455E+08,1.39077409E+07,6.25821845E-02,1.39098692E-03,-6.25664570E+08,-1.39063448E+07,-8.13800982E+00,-2.27103771E-01,-0.00000000E+00,-0.00000000E+00,6.75467632E-38,1.53334999E-39,-0.00000000E+00,-0.00000000E+00,6.75467632E-38,1.53334999E-39,-1.06391585E+05,-2.39962433E+03,-7.08043671E+00,-1.77706597E-01,4.43299910E+04,9.99847201E+02,4.40000000E+04,1.00000000E+03,7.76993656E+06,1.63109252E+09
4.60000000E+01,1.00000000E+00,1.45725261E-01,1.39978045E+08,1.07772751E+03,2.94483872E+04,-0.00000000E+00,-0.00000000E+00,-5.84285446E-33,-1.33020640E-34,6.39634316E+08,1.39078613E+07,6.39731835E-02,1.39099899E-03,-6.39571035E+08,-1.39064651E+07,-8.36511981E+00,-2.27113308E-01,-0.00000000E+00,-0.00000000E+00,6.90801124E-38,1.53334873E-39,-0.00000000E+00,-0.00000000E+00,6.90801124E-38,1.53334873E-39,-1.08791209E+05,-2.39962430E+03,-7.25814494E+00,-1.77709268E-01,4.53298382E+04,9.99847186E+02,4.50000000E+04,1.00000000E+03,7.76993636E+06,1.63109252E+09
4.70000000E+01,1.00000000E+00,1.45729862E-01,1.39978042E+08,1.07772750E+03,3.01188199E+04,-0.00000000E+00,-0.00000000E+00,-5.97587510E-33,-1.33020638E-34,6.53542297E+08,1.39079815E+07,6.53641945E-02,1.39101104E-03,-6.53477620E+08,-1.39065853E+07,-8.59223929E+00,-2.27122775E-01,-0.00000000E+00,-0.00000000E+00,7.06134603E-38,1.53334748E-39,-0.00000000E+00,-0.00000000E+00,7.06134603E-38,1.53334748E-39,-1.11190833E+05,-2.39962426E+03,-7.43585583E+00,-1.77711920E-01,4.63296854E+04,9.99847171E+02,4.60000000E+04,1.00000000E+03,7.76993616E+06,1.63109252E+09
4.80000000E+01,1.00000000E+00,1.45734430E-01,1.39978038E+08,1.07772749E+03,3.07892526E+04,-0.00000000E+00,-0.00000000E+00,-6.10889574E-33,-1.33020636E-34,6.67450399E+08,1.39081015E+07,6.67552176E-02,1.39102309E-03,-6.67384326E+08,-1.39067054E+07,-8.81936819E+00,-2.27132175E-01,-0.00000000E+00,-0.00000000E+00,7.21468070E-38,1.53334623E-39,-0.00000000E+00,-0.00000000E+00,7.21468070E-38,1.53334623E-39,-1.13590458E+05,-2.39962422E+03,-7.61356936E+00,-1.77714553E-01,4.73295325E+04,9.99847156E+02,4.70000000E+04,1.00000000E+03,7.76993596E+06,1.63109252E+09
4.90000000E+01,1.00000000E+00,1.45738967E-01,1.39978034E+08,1.07772748E+03,3.14596853E+04,-0.00000000E+00,-0.00000000E+00,-6.24191638E-33,-1.33020635E-34,6.81358621E+08,1.39082215E+07,6.81462527E-02,1.39103512E-03,-6.81291151E+08,-1.39068253E+07,-9.04650644E+00,-2.27141507E-01,-0.00000000E+00,-0.00000000E+00,7.36801524E-38,1.53334500E-39,-0.00000000E+00,-0.00000000E+00,7.36801524E-38,1.53334500E-39,-1.15990082E+05,-2.39962418E+03,-7.79128551E+00,-1.77717167E-01,4.83293797E+04,9.99847141E+02,4.80000000E+04,1.00000000E+03,7.76993576E+06,1.63109252E+09
5.00000000E+01,1.00000000E+00,1.45743473E-01,1.39978031E+08,1.07772746E+03,3.21301180E+04,-0.00000000E+00,-0.00000000E+00,-6.37493701E-33,-1.33020633E-34,6.95266962E+08,1.39083414E+07,6.95372999E-02,1.39104714E-03,-6.95198096E+08,-1.39069452E+07,-9.27365399E+00,-2.27150775E-01,-0.00000000E+00,-0.00000000E+00,7.52134966E-38,1.53334377E-39,-0.00000000E+00,-0.00000000E+00,7.52134966E-38,1.53334377E-39,-1.18389706E+05,-2.39962414E+03,-7.96900426E+00,-1.77719764E-01,4.93292268E+04,9.99847126E+02,4.90000000E+04,1.00000000E+03,7.76993556E+06,1.63109252E+09
