Time [d],dt_flow [d],dt_tran [d],Global Water Mass in Liquid Phas [kg],Global Vaq [mol],Global Vim [mol],Top Water Mass [kg],Top Water Mass [kg/d],Top Vaq [mol],Top Vaq [mol/d],Right Water Mass [kg],Right Water Mass [kg/d],Right Vaq [mol],Right Vaq [mol/d],Left Water Mass [kg],Left Water Mass [kg/d],Left Vaq [mol],Left Vaq [mol/d],North Water Mass [kg],North Water Mass [kg/d],North Vaq [mol],North Vaq [mol/d],South Water Mass [kg],South Water Mass [kg/d],South Vaq [mol],South Vaq [mol/d],ExtractWell Water Mass [kg],ExtractWell Water Mass [kg/d],ExtractWell Vaq [mol],ExtractWell Vaq [mol/d],InjectWell Water Mass [kg],InjectWell Water Mass [kg/d],InjectWell Vaq [mol],InjectWell Vaq [mol/d],Region Region__all Water Mass [kg],Region Region__all Total Mass [kg]
1.00000000E+00,4.89000000E-01,9.00000000E-03,1.39977722E+08,5.66958821E-03,5.63841042E-03,-0.00000000E+00,-0.00000000E+00,6.17204271E-40,1.02821083E-39,4.62106890E+05,4.61415228E+05,4.62180378E-05,4.61488606E-05,-4.64665747E+05,-4.65298181E+05,-2.98471392E-05,-1.88064263E-05,-0.00000000E+00,-0.00000000E+00,6.13375395E-40,1.02183832E-39,-0.00000000E+00,-0.00000000E+00,6.13375395E-40,1.02183832E-39,-8.08068994E+02,-1.22620485E+03,-4.50181227E-08,-4.97876487E-08,3.36695416E+03,5.10918689E+03,3.36749000E-07,5.11000000E-07,7.76991843E+06,1.63109144E+09
2.00000000E+00,4.88000000E-01,8.00000000E-03,1.39977722E+08,6.45220790E+03,2.36808847E+03,-0.00000000E+00,-0.00000000E+00,-4.69855359E-34,-7.96385075E-34,9.21581103E+05,4.59474198E+05,9.21727660E-05,4.59547267E-05,-9.31738724E+05,-4.67072996E+05,-4.20525126E-05,-7.55762757E-06,-0.00000000E+00,-0.00000000E+00,1.87950575E-39,1.43610498E-39,-0.00000000E+00,-0.00000000E+00,1.87950575E-39,1.43610498E-39,-3.20768709E+03,-2.39961810E+03,-1.70520899E+01,-3.96104980E+01,1.33653630E+04,9.99840880E+03,1.00000000E+04,1.00000000E+04,7.76991843E+06,1.63109789E+09
3.00000000E+00,1.00000000E+00,8.00000000E-03,1.39977722E+08,8.99037225E+03,7.33161065E+03,-0.00000000E+00,-0.00000000E+00,-1.45467946E-33,-1.10966708E-33,1.38105531E+06,4.59474207E+05,1.38127494E-04,4.59547276E-05,-1.39881173E+06,-4.67073005E+05,-4.69070669E-05,-3.05500914E-06,-0.00000000E+00,-0.00000000E+00,3.41425021E-39,1.60034391E-39,-0.00000000E+00,-0.00000000E+00,3.41425021E-39,1.60034391E-39,-5.60730519E+03,-2.39961810E+03,-7.84140731E+01,-7.74671015E+01,2.33637717E+04,9.99840880E+03,2.00000000E+04,1.00000000E+04,7.76991843E+06,1.63110043E+09
4.00000000E+00,1.00000000E+00,4.00000000E-02,1.39977722E+08,9.99980181E+03,1.33023414E+04,-0.00000000E+00,-0.00000000E+00,-2.63934654E-33,-1.23425952E-33,1.84052952E+06,4.59474216E+05,1.84082222E-04,4.59547285E-05,-1.86588474E+06,-4.67073014E+05,-4.88691338E-05,-1.23518428E-06,-0.00000000E+00,-0.00000000E+00,5.05435149E-39,1.66651491E-39,-0.00000000E+00,-0.00000000E+00,5.05435149E-39,1.66651491E-39,-8.00692329E+03,-2.39961810E+03,-1.66790815E+02,-9.57707812E+01,3.33621805E+04,9.99840879E+03,3.00000000E+04,1.00000000E+04,7.76991843E+06,1.63110144E+09
5.00000000E+00,1.00000000E+00,4.00000000E-02,1.39977722E+08,1.04007995E+04,1.96731830E+04,-0.00000000E+00,-0.00000000E+00,-3.90340067E-33,-1.28375410E-33,2.30000375E+06,4.59474225E+05,2.30036952E-04,4.59547294E-05,-2.33295777E+06,-4.67073023E+05,-4.96624258E-05,-4.99402830E-07,-0.00000000E+00,-0.00000000E+00,6.73689003E-39,1.69318413E-39,-0.00000000E+00,-0.00000000E+00,6.73689003E-39,1.69318413E-39,-1.04065414E+04,-2.39961810E+03,-2.67045346E+02,-1.03184946E+02,4.33605893E+04,9.99840879E+03,4.00000000E+04,1.00000000E+04,7.76991843E+06,1.63110184E+09
6.00000000E+00,1.00000000E+00,4.00000000E-02,1.39977722E+08,1.05593060E+04,2.62035591E+04,-0.00000000E+00,-0.00000000E+00,-5.19910850E-33,-1.30331832E-33,2.75947798E+06,4.59474234E+05,2.75991682E-04,4.59547303E-05,-2.80003080E+06,-4.67073032E+05,-4.99814272E-05,-2.03527772E-07,-0.00000000E+00,-0.00000000E+00,8.43659486E-39,1.70387433E-39,-0.00000000E+00,-0.00000000E+00,8.43659486E-39,1.70387433E-39,-1.28061595E+04,-2.39961810E+03,-3.71929509E+02,-1.05932867E+02,5.33589981E+04,9.99840879E+03,5.00000000E+04,1.00000000E+04,7.76991843E+06,1.63110200E+09
7.00000000E+00,1.00000000E+00,4.00000000E-02,1.39977722E+08,1.06223911E+04,3.27968147E+04,-0.00000000E+00,-0.00000000E+00,-6.50729240E-33,-1.31110483E-33,3.21895223E+06,4.59474242E+05,3.21946413E-04,4.59547312E-05,-3.26710384E+06,-4.67073041E+05,-5.01103606E-05,-8.39414624E-08,-0.00000000E+00,-0.00000000E+00,1.01431569E-38,1.70818149E-39,-0.00000000E+00,-0.00000000E+00,1.01431569E-38,1.70818149E-39,-1.52057776E+04,-2.39961810E+03,-4.78483555E+02,-1.06911480E+02,6.33574069E+04,9.99840879E+03,6.00000000E+04,1.00000000E+04,7.76991843E+06,1.63110206E+09
8.00000000E+00,1.00000000E+00,4.00000000E-02,1.39977722E+08,1.06480693E+04,3.94147712E+04,-0.00000000E+00,-0.00000000E+00,-7.82037727E-33,-1.31427426E-33,3.67842648E+06,4.59474251E+05,3.67901145E-04,4.59547321E-05,-3.73417689E+06,-4.67073050E+05,-5.01635370E-05,-3.46202155E-08,-0.00000000E+00,-0.00000000E+00,1.18524435E-38,1.70995247E-39,-0.00000000E+00,-0.00000000E+00,1.18524435E-38,1.70995247E-39,-1.76053957E+04,-2.39961810E+03,-5.85616117E+02,-1.07258884E+02,7.33558157E+04,9.99840879E+03,7.00000000E+04,1.00000000E+04,7.76991843E+06,1.63110209E+09
9.00000000E+00,1.00000000E+00,4.00000000E-02,1.39977722E+08,1.06585404E+04,4.60427906E+04,-0.00000000E+00,-0.00000000E+00,-9.13545876E-33,-1.31556668E-33,4.13790074E+06,4.59474260E+05,4.13855878E-04,4.59547330E-05,-4.20124995E+06,-4.67073059E+05,-5.01854687E-05,-1.42785246E-08,-0.00000000E+00,-0.00000000E+00,1.35628504E-38,1.71068064E-39,-0.00000000E+00,-0.00000000E+00,1.35628504E-38,1.71068064E-39,-2.00050138E+04,-2.39961810E+03,-6.92952233E+02,-1.07380031E+02,8.33542245E+04,9.99840879E+03,8.00000000E+04,1.00000000E+04,7.76991843E+06,1.63110210E+09
1.00000000E+01,1.00000000E+00,2.32000000E-01,1.39977722E+08,1.06627387E+04,5.26749694E+04,-0.00000000E+00,-0.00000000E+00,-1.04513655E-32,-1.31608488E-33,4.59737501E+06,4.59474269E+05,4.59810612E-04,4.59547338E-05,-4.66832302E+06,-4.67073068E+05,-5.01943477E-05,-6.04316587E-09,-0.00000000E+00,-0.00000000E+00,1.52737237E-38,1.71097452E-39,-0.00000000E+00,-0.00000000E+00,1.52737237E-38,1.71097452E-39,-2.24046319E+04,-2.39961810E+03,-8.00359622E+02,-1.07420932E+02,9.33526333E+04,9.99840879E+03,9.00000000E+04,1.00000000E+04,7.76991843E+06,1.63110211E+09
1.10000000E+01,1.00000000E+00,2.32000000E-01,1.39977722E+08,1.06644832E+04,5.93087783E+04,-0.00000000E+00,-0.00000000E+00,-1.17675957E-32,-1.31630020E-33,5.05684928E+06,4.59474278E+05,5.05765347E-04,4.59547347E-05,-5.13539609E+06,-4.67073076E+05,-5.01980654E-05,-2.59495878E-09,-0.00000000E+00,-0.00000000E+00,1.69847810E-38,1.71109721E-39,-0.00000000E+00,-0.00000000E+00,1.69847810E-38,1.71109721E-39,-2.48042500E+04,-2.39961810E+03,-9.07790405E+02,-1.07435261E+02,1.03351042E+05,9.99840879E+03,1.00000000E+05,1.00000000E+04,7.76991843E+06,1.63110211E+09
1.20000000E+01,1.00000000E+00,2.32000000E-01,1.39977722E+08,1.06652276E+04,6.59432525E+04,-0.00000000E+00,-0.00000000E+00,-1.30839579E-32,-1.31639208E-33,5.51632357E+06,4.59474286E+05,5.51720082E-04,4.59547356E-05,-5.60246918E+06,-4.67073085E+05,-5.01996618E-05,-1.11429934E-09,-0.00000000E+00,-0.00000000E+00,1.86959137E-38,1.71114975E-39,-0.00000000E+00,-0.00000000E+00,1.86959137E-38,1.71114975E-39,-2.72038681E+04,-2.39961810E+03,-1.01522921E+03,-1.07440419E+02,1.13349451E+05,9.99840879E+03,1.10000000E+05,1.00000000E+04,7.76991843E+06,1.63110211E+09
1.30000000E+01,1.00000000E+00,2.32000000E-01,1.39977722E+08,1.06655457E+04,7.25780108E+04,-0.00000000E+00,-0.00000000E+00,-1.44003765E-32,-1.31643134E-33,5.97579786E+06,4.59474295E+05,5.97674819E-04,4.59547365E-05,-6.06954227E+06,-4.67073094E+05,-5.02003474E-05,-4.78492918E-10,-0.00000000E+00,-0.00000000E+00,2.04070786E-38,1.71117224E-39,-0.00000000E+00,-0.00000000E+00,2.04070786E-38,1.71117224E-39,-2.96034862E+04,-2.39961810E+03,-1.12267091E+03,-1.07442270E+02,1.23347860E+05,9.99840879E+03,1.20000000E+05,1.00000000E+04,7.76991842E+06,1.63110211E+09
1.40000000E+01,1.00000000E+00,3.60000000E-01,1.39977722E+08,1.06656797E+04,7.92128918E+04,-0.00000000E+00,-0.00000000E+00,-1.57168194E-32,-1.31644788E-33,6.43527217E+06,4.59474304E+05,6.43629556E-04,4.59547373E-05,-6.53661537E+06,-4.67073102E+05,-5.02006375E-05,-2.09377383E-10,-0.00000000E+00,-0.00000000E+00,2.21182575E-38,1.71118173E-39,-0.00000000E+00,-0.00000000E+00,2.21182575E-38,1.71118173E-39,-3.20031043E+04,-2.39961810E+03,-1.23011364E+03,-1.07442923E+02,1.33346268E+05,9.99840879E+03,1.30000000E+05,1.00000000E+04,7.76991842E+06,1.63110211E+09
1.50000000E+01,1.00000000E+00,2.32000000E-01,1.39977722E+08,1.06657368E+04,8.58478242E+04,-0.00000000E+00,-0.00000000E+00,-1.70332725E-32,-1.31645492E-33,6.89474648E+06,4.59474312E+05,6.89584294E-04,4.59547382E-05,-7.00368848E+06,-4.67073111E+05,-5.02007614E-05,-9.43972164E-11,-0.00000000E+00,-0.00000000E+00,2.38294422E-38,1.71118578E-39,-0.00000000E+00,-0.00000000E+00,2.38294422E-38,1.71118578E-39,-3.44027224E+04,-2.39961810E+03,-1.33755674E+03,-1.07443156E+02,1.43344677E+05,9.99840879E+03,1.40000000E+05,1.00000000E+04,7.76991842E+06,1.63110211E+09
1.60000000E+01,1.00000000E+00,2.32000000E-01,1.39977722E+08,1.06657623E+04,9.24827776E+04,-0.00000000E+00,-0.00000000E+00,-1.83497298E-32,-1.31645808E-33,7.35422080E+06,4.59474321E+05,7.35539033E-04,4.59547391E-05,-7.47076160E+06,-4.67073119E+05,-5.02008173E-05,-4.26087034E-11,-0.00000000E+00,-0.00000000E+00,2.55406294E-38,1.71118760E-39,-0.00000000E+00,-0.00000000E+00,2.55406294E-38,1.71118760E-39,-3.68023405E+04,-2.39961810E+03,-1.44499996E+03,-1.07443246E+02,1.53343086E+05,9.99840879E+03,1.50000000E+05,1.00000000E+04,7.76991842E+06,1.63110211E+09
1.70000000E+01,1.00000000E+00,2.32000000E-01,1.39977722E+08,1.06657739E+04,9.91177404E+04,-0.00000000E+00,-0.00000000E+00,-1.96661889E-32,-1.31645951E-33,7.81369513E+06,4.59474330E+05,7.81493773E-04,4.59547399E-05,-7.93783473E+06,-4.67073128E+05,-5.02008425E-05,-1.91795051E-11,-0.00000000E+00,-0.00000000E+00,2.72518176E-38,1.71118842E-39,-0.00000000E+00,-0.00000000E+00,2.72518176E-38,1.71118842E-39,-3.92019586E+04,-2.39961810E+03,-1.55244324E+03,-1.07443280E+02,1.63341495E+05,9.99840879E+03,1.60000000E+05,1.00000000E+04,7.76991842E+06,1.63110211E+09
1.80000000E+01,1.00000000E+00,2.32000000E-01,1.39977722E+08,1.06657791E+04,1.05752707E+05,-0.00000000E+00,-0.00000000E+00,-2.09826489E-32,-1.31646015E-33,8.27316947E+06,4.59474338E+05,8.27448514E-04,4.59547408E-05,-8.40490787E+06,-4.67073136E+05,-5.02008539E-05,-8.64664760E-12,-0.00000000E+00,-0.00000000E+00,2.89630063E-38,1.71118878E-39,-0.00000000E+00,-0.00000000E+00,2.89630063E-38,1.71118878E-39,-4.16015767E+04,-2.39961810E+03,-1.65988653E+03,-1.07443294E+02,1.73339904E+05,9.99840879E+03,1.70000000E+05,1.00000000E+04,7.76991842E+06,1.63110211E+09
1.90000000E+01,1.00000000E+00,4.88000000E-01,1.39977722E+08,1.06657814E+04,1.12387676E+05,-0.00000000E+00,-0.00000000E+00,-2.22991093E-32,-1.31646043E-33,8.73264382E+06,4.59474347E+05,8.73403256E-04,4.59547416E-05,-8.87198101E+06,-4.67073145E+05,-5.02008588E-05,-4.04926833E-12,-0.00000000E+00,-0.00000000E+00,3.06741952E-38,1.71118894E-39,-0.00000000E+00,-0.00000000E+00,3.06741952E-38,1.71118894E-39,-4.40011947E+04,-2.39961810E+03,-1.76732982E+03,-1.07443299E+02,1.83338312E+05,9.99840879E+03,1.80000000E+05,1.00000000E+04,7.76991842E+06,1.63110211E+09
2.00000000E+01,1.00000000E+00,1.00000000E+00,1.39977722E+08,1.06657822E+04,1.19022646E+05,-0.00000000E+00,-0.00000000E+00,-2.36155698E-32,-1.31646054E-33,9.19211817E+06,4.59474355E+05,9.19357998E-04,4.59547425E-05,-9.33905417E+06,-4.67073153E+05,-5.02008611E-05,-2.30052322E-12,-0.00000000E+00,-0.00000000E+00,3.23853842E-38,1.71118901E-39,-0.00000000E+00,-0.00000000E+00,3.23853842E-38,1.71118901E-39,-4.64008128E+04,-2.39961810E+03,-1.87477313E+03,-1.07443301E+02,1.93336721E+05,9.99840879E+03,1.90000000E+05,1.00000000E+04,7.76991842E+06,1.63110211E+09
2.10000000E+01,1.00000000E+00,1.00000000E+00,1.39977722E+08,1.06657827E+04,1.25657617E+05,-0.00000000E+00,-0.00000000E+00,-2.49320304E-32,-1.31646059E-33,9.65159253E+06,4.59474363E+05,9.65312741E-04,4.59547433E-05,-9.80612733E+06,-4.67073162E+05,-5.02008623E-05,-1.20019957E-12,-0.00000000E+00,-0.00000000E+00,3.40965732E-38,1.71118904E-39,-0.00000000E+00,-0.00000000E+00,3.40965732E-38,1.71118904E-39,-4.88004309E+04,-2.39961810E+03,-1.98221643E+03,-1.07443302E+02,2.03335130E+05,9.99840879E+03,2.00000000E+05,1.00000000E+04,7.76991842E+06,1.63110211E+09
2.20000000E+01,1.00000000E+00,1.00000000E+00,1.39977722E+08,1.06657831E+04,1.32292587E+05,-0.00000000E+00,-0.00000000E+00,-2.62484911E-32,-1.31646065E-33,1.01110669E+07,4.59474372E+05,1.01126749E-03,4.59547441E-05,-1.02732005E+07,-4.67073170E+05,-5.02008629E-05,-5.97844953E-13,-0.00000000E+00,-0.00000000E+00,3.58077623E-38,1.71118907E-39,-0.00000000E+00,-0.00000000E+00,3.58077623E-38,1.71118907E-39,-5.12000490E+04,-2.39961810E+03,-2.08965973E+03,-1.07443302E+02,2.13333539E+05,9.99840879E+03,2.10000000E+05,1.00000000E+04,7.76991842E+06,1.63110211E+09
2.30000000E+01,1.00000000E+00,1.00000000E+00,1.39977722E+08,1.06657833E+04,1.38927557E+05,-0.00000000E+00,-0.00000000E+00,-2.75649518E-32,-1.31646067E-33,1.05705413E+07,4.59474380E+05,1.05722223E-03,4.59547450E-05,-1.07402737E+07,-4.67073178E+05,-5.02008632E-05,-2.76427812E-13,-0.00000000E+00,-0.00000000E+00,3.75189514E-38,1.71118908E-39,-0.00000000E+00,-0.00000000E+00,3.75189514E-38,1.71118908E-39,-5.35996671E+04,-2.39961810E+03,-2.19710303E+03,-1.07443303E+02,2.23331948E+05,9.99840879E+03,2.20000000E+05,1.00000000E+04,7.76991842E+06,1.63110211E+09
2.40000000E+01,1.00000000E+00,1.00000000E+00,1.39977722E+08,1.06657834E+04,1.45562528E+05,-0.00000000E+00,-0.00000000E+00,-2.88814124E-32,-1.31646068E-33,1.10300157E+07,4.59474388E+05,1.10317698E-03,4.59547458E-05,-1.12073469E+07,-4.67073187E+05,-5.02008633E-05,-1.05890282E-13,-0.00000000E+00,-0.00000000E+00,3.92301404E-38,1.71118908E-39,-0.00000000E+00,-0.00000000E+00,3.92301404E-38,1.71118908E-39,-5.59992852E+04,-2.39961810E+03,-2.30454634E+03,-1.07443303E+02,2.33330356E+05,9.99840879E+03,2.30000000E+05,1.00000000E+04,7.76991842E+06,1.63110211E+09
2.50000000E+01,1.00000000E+00,1.00000000E+00,1.39977722E+08,1.06657834E+04,1.52197498E+05,-0.00000000E+00,-0.00000000E+00,-3.01978731E-32,-1.31646068E-33,1.14894901E+07,4.59474397E+05,1.14913172E-03,4.59547466E-05,-1.16744201E+07,-4.67073195E+05,-5.02008634E-05,-4.50555211E-14,-0.00000000E+00,-0.00000000E+00,4.09413295E-38,1.71118908E-39,-0.00000000E+00,-0.00000000E+00,4.09413295E-38,1.71118908E-39,-5.83989033E+04,-2.39961810E+03,-2.41198964E+03,-1.07443303E+02,2.43328765E+05,9.99840879E+03,2.40000000E+05,1.00000000E+04,7.76991842E+06,1.63110211E+09
2.60000000E+01,1.00000000E+00,1.00000000E+00,1.39977722E+08,1.06657834E+04,1.58832469E+05,-0.00000000E+00,-0.00000000E+00,-3.15143338E-32,-1.31646068E-33,1.19489645E+07,4.59474405E+05,1.19508647E-03,4.59547475E-05,-1.21414933E+07,-4.67073203E+05,-5.02008634E-05,-2.71756645E-14,-0.00000000E+00,-0.00000000E+00,4.26525186E-38,1.71118908E-39,-0.00000000E+00,-0.00000000E+00,4.26525186E-38,1.71118908E-39,-6.07985214E+04,-2.39961810E+03,-2.51943294E+03,-1.07443304E+02,2.53327174E+05,9.99840879E+03,2.50000000E+05,1.00000000E+04,7.76991842E+06,1.63110211E+09
2.70000000E+01,1.00000000E+00,1.00000000E+00,1.39977722E+08,1.06657834E+04,1.65467439E+05,-0.00000000E+00,-0.00000000E+00,-3.28307945E-32,-1.31646068E-33,1.24084389E+07,4.59474413E+05,1.24104122E-03,4.59547483E-05,-1.26085665E+07,-4.67073211E+05,-5.02008635E-05,-1.07090167E-13,-0.00000000E+00,-0.00000000E+00,4.43637077E-38,1.71118908E-39,-0.00000000E+00,-0.00000000E+00,4.43637077E-38,1.71118908E-39,-6.31981395E+04,-2.39961810E+03,-2.62687625E+03,-1.07443304E+02,2.63325583E+05,9.99840879E+03,2.60000000E+05,1.00000000E+04,7.76991842E+06,1.63110211E+09
2.80000000E+01,1.00000000E+00,1.00000000E+00,1.39977722E+08,1.06657834E+04,1.72102410E+05,-0.00000000E+00,-0.00000000E+00,-3.41472551E-32,-1.31646068E-33,1.28679133E+07,4.59474421E+05,1.28699597E-03,4.59547491E-05,-1.30756397E+07,-4.67073219E+05,-5.02008638E-05,-3.32969888E-13,-0.00000000E+00,-0.00000000E+00,4.60748968E-38,1.71118908E-39,-0.00000000E+00,-0.00000000E+00,4.60748968E-38,1.71118908E-39,-6.55977576E+04,-2.39961810E+03,-2.73431955E+03,-1.07443304E+02,2.73323992E+05,9.99840879E+03,2.70000000E+05,1.00000000E+04,7.76991842E+06,1.63110211E+09
2.90000000E+01,1.00000000E+00,1.00000000E+00,1.39977722E+08,1.06657834E+04,1.78737380E+05,-0.00000000E+00,-0.00000000E+00,-3.54637158E-32,-1.31646068E-33,1.33273877E+07,4.59474430E+05,1.33295072E-03,4.59547499E-05,-1.35427129E+07,-4.67073228E+05,-5.02008640E-05,-1.93879951E-13,-0.00000000E+00,-0.00000000E+00,4.77860859E-38,1.71118908E-39,-0.00000000E+00,-0.00000000E+00,4.77860859E-38,1.71118908E-39,-6.79973757E+04,-2.39961810E+03,-2.84176286E+03,-1.07443304E+02,2.83322400E+05,9.99840879E+03,2.80000000E+05,1.00000000E+04,7.76991842E+06,1.63110211E+09
3.00000000E+01,1.00000000E+00,1.00000000E+00,1.39977722E+08,1.06657834E+04,1.85372351E+05,-0.00000000E+00,-0.00000000E+00,-3.67801765E-32,-1.31646068E-33,1.37868622E+07,4.59474438E+05,1.37890547E-03,4.59547507E-05,-1.40097862E+07,-4.67073236E+05,-5.02008641E-05,-4.45538454E-14,-0.00000000E+00,-0.00000000E+00,4.94972749E-38,1.71118908E-39,-0.00000000E+00,-0.00000000E+00,4.94972749E-38,1.71118908E-39,-7.03969938E+04,-2.39961810E+03,-2.94920616E+03,-1.07443305E+02,2.93320809E+05,9.99840879E+03,2.90000000E+05,1.00000000E+04,7.76991842E+06,1.63110211E+09
3.10000000E+01,1.00000000E+00,1.00000000E+00,1.39977722E+08,1.06657834E+04,1.92007321E+05,-0.00000000E+00,-0.00000000E+00,-3.80966372E-32,-1.31646068E-33,1.42463366E+07,4.59474446E+05,1.42486022E-03,4.59547516E-05,-1.44768594E+07,-4.67073244E+05,-5.02008641E-05,-1.96654628E-15,-0.00000000E+00,-0.00000000E+00,5.12084640E-38,1.71118908E-39,-0.00000000E+00,-0.00000000E+00,5.12084640E-38,1.71118908E-39,-7.27966119E+04,-2.39961810E+03,-3.05664947E+03,-1.07443305E+02,3.03319218E+05,9.99840879E+03,3.00000000E+05,1.00000000E+04,7.76991842E+06,1.63110211E+09
3.20000000E+01,1.00000000E+00,1.00000000E+00,1.39977722E+08,1.06657834E+04,1.98642292E+05,-0.00000000E+00,-0.00000000E+00,-3.94130979E-32,-1.31646068E-33,1.47058111E+07,4.59474454E+05,1.47081497E-03,4.59547524E-05,-1.49439327E+07,-4.67073252E+05,-5.02008641E-05,-5.21297103E-15,-0.00000000E+00,-0.00000000E+00,5.29196531E-38,1.71118908E-39,-0.00000000E+00,-0.00000000E+00,5.29196531E-38,1.71118908E-39,-7.51962300E+04,-2.39961810E+03,-3.16409277E+03,-1.07443305E+02,3.13317627E+05,9.99840879E+03,3.10000000E+05,1.00000000E+04,7.76991842E+06,1.63110211E+09
3.30000000E+01,1.00000000E+00,1.00000000E+00,1.39977722E+08,1.06657834E+04,2.05277262E+05,-0.00000000E+00,-0.00000000E+00,-4.07295585E-32,-1.31646068E-33,1.51652855E+07,4.59474462E+05,1.51676973E-03,4.59547532E-05,-1.54110059E+07,-4.67073260E+05,-5.02008642E-05,-7.41250560E-14,-0.00000000E+00,-0.00000000E+00,5.46308422E-38,1.71118908E-39,-0.00000000E+00,-0.00000000E+00,5.46308422E-38,1.71118908E-39,-7.75958481E+04,-2.39961810E+03,-3.27153608E+03,-1.07443305E+02,3.23316036E+05,9.99840879E+03,3.20000000E+05,1.00000000E+04,7.76991842E+06,1.63110211E+09
3.40000000E+01,1.00000000E+00,1.00000000E+00,1.39977722E+08,1.06657834E+04,2.11912233E+05,-0.00000000E+00,-0.00000000E+00,-4.20460192E-32,-1.31646068E-33,1.56247600E+07,4.59474470E+05,1.56272448E-03,4.59547540E-05,-1.58780792E+07,-4.67073268E+05,-5.02008642E-05,-4.87352317E-14,-0.00000000E+00,-0.00000000E+00,5.63420313E-38,1.71118908E-39,-0.00000000E+00,-0.00000000E+00,5.63420313E-38,1.71118908E-39,-7.99954662E+04,-2.39961810E+03,-3.37897938E+03,-1.07443306E+02,3.33314444E+05,9.99840879E+03,3.30000000E+05,1.00000000E+04,7.76991842E+06,1.63110211E+09
3.50000000E+01,1.00000000E+00,1.00000000E+00,1.39977722E+08,1.06657834E+04,2.18547203E+05,-0.00000000E+00,-0.00000000E+00,-4.33624799E-32,-1.31646068E-33,1.60842345E+07,4.59474478E+05,1.60867923E-03,4.59547548E-05,-1.63451525E+07,-4.67073276E+05,-5.02008642E-05,-1.98262887E-14,-0.00000000E+00,-0.00000000E+00,5.80532204E-38,1.71118908E-39,-0.00000000E+00,-0.00000000E+00,5.80532204E-38,1.71118908E-39,-8.23950843E+04,-2.39961810E+03,-3.48642269E+03,-1.07443306E+02,3.43312853E+05,9.99840879E+03,3.40000000E+05,1.00000000E+04,7.76991842E+06,1.63110211E+09
3.60000000E+01,1.00000000E+00,1.00000000E+00,1.39977722E+08,1.06657834E+04,2.25182174E+05,-0.00000000E+00,-0.00000000E+00,-4.46789406E-32,-1.31646068E-33,1.65437090E+07,4.59474486E+05,1.65463399E-03,4.59547556E-05,-1.68122257E+07,-4.67073283E+05,-5.02008642E-05,-8.26120490E-15,-0.00000000E+00,-0.00000000E+00,5.97644094E-38,1.71118908E-39,-0.00000000E+00,-0.00000000E+00,5.97644094E-38,1.71118908E-39,-8.47947024E+04,-2.39961810E+03,-3.59386599E+03,-1.07443306E+02,3.53311262E+05,9.99840879E+03,3.50000000E+05,1.00000000E+04,7.76991842E+06,1.63110211E+09
3.70000000E+01,1.00000000E+00,1.00000000E+00,1.39977722E+08,1.06657834E+04,2.31817145E+05,-0.00000000E+00,-0.00000000E+00,-4.59954012E-32,-1.31646068E-33,1.70031835E+07,4.59474494E+05,1.70058875E-03,4.59547563E-05,-1.72792990E+07,-4.67073291E+05,-5.02008642E-05,-3.66763200E-15,-0.00000000E+00,-0.00000000E+00,6.14755985E-38,1.71118908E-39,-0.00000000E+00,-0.00000000E+00,6.14755985E-38,1.71118908E-39,-8.71943205E+04,-2.39961810E+03,-3.70130930E+03,-1.07443306E+02,3.63309671E+05,9.99840879E+03,3.60000000E+05,1.00000000E+04,7.76991841E+06,1.63110211E+09
3.80000000E+01,1.00000000E+00,1.00000000E+00,1.39977722E+08,1.06657834E+04,2.38452115E+05,-0.00000000E+00,-0.00000000E+00,-4.73118619E-32,-1.31646068E-33,1.74626580E+07,4.59474501E+05,1.74654350E-03,4.59547571E-05,-1.77463723E+07,-4.67073299E+05,-5.02008642E-05,-1.84079855E-15,-0.00000000E+00,-0.00000000E+00,6.31867876E-38,1.71118908E-39,-0.00000000E+00,-0.00000000E+00,6.31867876E-38,1.71118908E-39,-8.95939386E+04,-2.39961810E+03,-3.80875261E+03,-1.07443306E+02,3.73308079E+05,9.99840879E+03,3.70000000E+05,1.00000000E+04,7.76991841E+06,1.63110211E+09
3.90000000E+01,1.00000000E+00,1.00000000E+00,1.39977722E+08,1.06657834E+04,2.45087086E+05,-0.00000000E+00,-0.00000000E+00,-4.86283226E-32,-1.31646068E-33,1.79221325E+07,4.59474509E+05,1.79249826E-03,4.59547579E-05,-1.82134456E+07,-4.67073307E+05,-5.02008642E-05,-1.11114465E-15,-0.00000000E+00,-0.00000000E+00,6.48979767E-38,1.71118908E-39,-0.00000000E+00,-0.00000000E+00,6.48979767E-38,1.71118908E-39,-9.19935567E+04,-2.39961810E+03,-3.91619591E+03,-1.07443307E+02,3.83306488E+05,9.99840879E+03,3.80000000E+05,1.00000000E+04,7.76991841E+06,1.63110211E+09
4.00000000E+01,1.00000000E+00,1.00000000E+00,1.39977722E+08,1.06657834E+04,2.51722056E+05,-0.00000000E+00,-0.00000000E+00,-4.99447833E-32,-1.31646068E-33,1.83816070E+07,4.59474517E+05,1.83845302E-03,4.59547587E-05,-1.86805189E+07,-4.67073315E+05,-5.02008642E-05,-8.21410118E-16,-0.00000000E+00,-0.00000000E+00,6.66091658E-38,1.71118908E-39,-0.00000000E+00,-0.00000000E+00,6.66091658E-38,1.71118908E-39,-9.43931748E+04,-2.39961810E+03,-4.02363922E+03,-1.07443307E+02,3.93304897E+05,9.99840879E+03,3.90000000E+05,1.00000000E+04,7.76991841E+06,1.63110211E+09
4.10000000E+01,1.00000000E+00,1.00000000E+00,1.39977722E+08,1.06657834E+04,2.58357027E+05,-0.00000000E+00,-0.00000000E+00,-5.12612439E-32,-1.31646068E-33,1.88410815E+07,4.59474525E+05,1.88440778E-03,4.59547595E-05,-1.91475923E+07,-4.67073322E+05,-5.02008642E-05,-7.13004465E-16,-0.00000000E+00,-0.00000000E+00,6.83203549E-38,1.71118908E-39,-0.00000000E+00,-0.00000000E+00,6.83203549E-38,1.71118908E-39,-9.67927929E+04,-2.39961810E+03,-4.13108253E+03,-1.07443307E+02,4.03303306E+05,9.99840879E+03,4.00000000E+05,1.00000000E+04,7.76991841E+06,1.63110211E+09
4.20000000E+01,1.00000000E+00,1.00000000E+00,1.39977722E+08,1.06657834E+04,2.64991997E+05,-0.00000000E+00,-0.00000000E+00,-5.25777046E-32,-1.31646068E-33,1.93005561E+07,4.59474532E+05,1.93036254E-03,4.59547602E-05,-1.96146656E+07,-4.67073330E+05,-5.02008642E-05,-6.78300305E-16,-0.00000000E+00,-0.00000000E+00,7.00315439E-38,1.71118908E-39,-0.00000000E+00,-0.00000000E+00,7.00315439E-38,1.71118908E-39,-9.91924110E+04,-2.39961810E+03,-4.23852583E+03,-1.07443307E+02,4.13301715E+05,9.99840879E+03,4.10000000E+05,1.00000000E+04,7.76991841E+06,1.63110211E+09
4.30000000E+01,1.00000000E+00,1.00000000E+00,1.39977722E+08,1.06657834E+04,2.71626968E+05,-0.00000000E+00,-0.00000000E+00,-5.38941653E-32,-1.31646068E-33,1.97600306E+07,4.59474540E+05,1.97631730E-03,4.59547610E-05,-2.00817389E+07,-4.67073338E+05,-5.02008642E-05,-6.69119540E-16,-0.00000000E+00,-0.00000000E+00,7.17427330E-38,1.71118908E-39,-0.00000000E+00,-0.00000000E+00,7.17427330E-38,1.71118908E-39,-1.01592029E+05,-2.39961810E+03,-4.34596914E+03,-1.07443307E+02,4.23300123E+05,9.99840879E+03,4.20000000E+05,1.00000000E+04,7.76991841E+06,1.63110211E+09
4.40000000E+01,1.00000000E+00,1.00000000E+00,1.39977722E+08,1.06657834E+04,2.78261938E+05,-0.00000000E+00,-0.00000000E+00,-5.52106260E-32,-1.31646068E-33,2.02195051E+07,4.59474548E+05,2.02227206E-03,4.59547618E-05,-2.05488123E+07,-4.67073345E+05,-5.02008642E-05,-6.67337620E-16,-0.00000000E+00,-0.00000000E+00,7.34539221E-38,1.71118908E-39,-0.00000000E+00,-0.00000000E+00,7.34539221E-38,1.71118908E-39,-1.03991647E+05,-2.39961810E+03,-4.45341245E+03,-1.07443308E+02,4.33298532E+05,9.99840879E+03,4.30000000E+05,1.00000000E+04,7.76991841E+06,1.63110211E+09
4.50000000E+01,1.00000000E+00,1.00000000E+00,1.39977722E+08,1.06657834E+04,2.84896909E+05,-0.00000000E+00,-0.00000000E+00,-5.65270866E-32,-1.31646068E-33,2.06789797E+07,4.59474555E+05,2.06822682E-03,4.59547625E-05,-2.10158856E+07,-4.67073353E+05,-5.02008642E-05,-6.67056622E-16,-0.00000000E+00,-0.00000000E+00,7.51651112E-38,1.71118908E-39,-0.00000000E+00,-0.00000000E+00,7.51651112E-38,1.71118908E-39,-1.06391265E+05,-2.39961810E+03,-4.56085576E+03,-1.07443308E+02,4.43296941E+05,9.99840879E+03,4.40000000E+05,1.00000000E+04,7.76991841E+06,1.63110211E+09
4.60000000E+01,1.00000000E+00,1.00000000E+00,1.39977722E+08,1.06657834E+04,2.91531879E+05,-0.00000000E+00,-0.00000000E+00,-5.78435473E-32,-1.31646068E-33,2.11384543E+07,4.59474563E+05,2.11418159E-03,4.59547633E-05,-2.14829590E+07,-4.67073360E+05,-5.02008642E-05,-6.67016113E-16,-0.00000000E+00,-0.00000000E+00,7.68763003E-38,1.71118908E-39,-0.00000000E+00,-0.00000000E+00,7.68763003E-38,1.71118908E-39,-1.08790883E+05,-2.39961810E+03,-4.66829907E+03,-1.07443308E+02,4.53295350E+05,9.99840879E+03,4.50000000E+05,1.00000000E+04,7.76991841E+06,1.63110211E+09
4.70000000E+01,1.00000000E+00,1.00000000E+00,1.39977722E+08,1.06657834E+04,2.98166850E+05,-0.00000000E+00,-0.00000000E+00,-5.91600080E-32,-1.31646068E-33,2.15979288E+07,4.59474571E+05,2.16013635E-03,4.59547641E-05,-2.19500324E+07,-4.67073368E+05,-5.02008643E-05,-6.67011813E-16,-0.00000000E+00,-0.00000000E+00,7.85874894E-38,1.71118908E-39,-0.00000000E+00,-0.00000000E+00,7.85874894E-38,1.71118908E-39,-1.11190501E+05,-2.39961810E+03,-4.77574237E+03,-1.07443308E+02,4.63293759E+05,9.99840879E+03,4.60000000E+05,1.00000000E+04,7.76991841E+06,1.63110211E+09
4.80000000E+01,1.00000000E+00,1.00000000E+00,1.39977722E+08,1.06657834E+04,3.04801820E+05,-0.00000000E+00,-0.00000000E+00,-6.04764687E-32,-1.31646068E-33,2.20574034E+07,4.59474578E+05,2.20609112E-03,4.59547648E-05,-2.24171057E+07,-4.67073376E+05,-5.02008643E-05,-6.67011751E-16,-0.00000000E+00,-0.00000000E+00,8.02986784E-38,1.71118908E-39,-0.00000000E+00,-0.00000000E+00,8.02986784E-38,1.71118908E-39,-1.13590120E+05,-2.39961810E+03,-4.88318568E+03,-1.07443308E+02,4.73292167E+05,9.99840879E+03,4.70000000E+05,1.00000000E+04,7.76991841E+06,1.63110211E+09
4.90000000E+01,1.00000000E+00,1.00000000E+00,1.39977722E+08,1.06657834E+04,3.11436791E+05,-0.00000000E+00,-0.00000000E+00,-6.17929294E-32,-1.31646068E-33,2.25168780E+07,4.59474586E+05,2.25204588E-03,4.59547656E-05,-2.28841791E+07,-4.67073383E+05,-5.02008643E-05,-6.67012020E-16,-0.00000000E+00,-0.00000000E+00,8.20098675E-38,1.71118908E-39,-0.00000000E+00,-0.00000000E+00,8.20098675E-38,1.71118908E-39,-1.15989738E+05,-2.39961810E+03,-4.99062899E+03,-1.07443309E+02,4.83290576E+05,9.99840879E+03,4.80000000E+05,1.00000000E+04,7.76991841E+06,1.63110211E+09
5.00000000E+01,1.00000000E+00,1.00000000E+00,1.39977722E+08,1.06657834E+04,3.18071761E+05,-0.00000000E+00,-0.00000000E+00,-6.31093900E-32,-1.31646068E-33,2.29763526E+07,4.59474593E+05,2.29800065E-03,4.59547663E-05,-2.33512525E+07,-4.67073390E+05,-5.02008643E-05,-6.67012399E-16,-0.00000000E+00,-0.00000000E+00,8.37210566E-38,1.71118908E-39,-0.00000000E+00,-0.00000000E+00,8.37210566E-38,1.71118908E-39,-1.18389356E+05,-2.39961810E+03,-5.09807230E+03,-1.07443309E+02,4.93288985E+05,9.99840879E+03,4.90000000E+05,1.00000000E+04,7.76991841E+06,1.63110211E+09
