Time [d],dt_flow [d],dt_tran [d],Global Water Mass in Liquid Phas [kg],Global Vaq [mol],Global Vim [mol],Top Water Mass [kg],Top Water Mass [kg/d],Top Vaq [mol],Top Vaq [mol/d],Right Water Mass [kg],Right Water Mass [kg/d],Right Vaq [mol],Right Vaq [mol/d],Left Water Mass [kg],Left Water Mass [kg/d],Left Vaq [mol],Left Vaq [mol/d],North Water Mass [kg],North Water Mass [kg/d],North Vaq [mol],North Vaq [mol/d],South Water Mass [kg],South Water Mass [kg/d],South Vaq [mol],South Vaq [mol/d],ExtractWell Water Mass [kg],ExtractWell Water Mass [kg/d],ExtractWell Vaq [mol],ExtractWell Vaq [mol/d],InjectWell Water Mass [kg],InjectWell Water Mass [kg/d],InjectWell Vaq [mol],InjectWell Vaq [mol/d],Region Region__all Water Mass [kg],Region Region__all Total Mass [kg]
1.00000000E+00,4.89000000E-01,9.00000000E-03,1.39977860E+08,5.76476984E-03,5.66348112E-03,-0.00000000E+00,-0.00000000E+00,6.12229925E-40,1.01646269E-39,4.16914419E+06,4.16845472E+06,4.16979894E-04,4.16910936E-04,-4.17170370E+06,-4.17233832E+06,-2.68047412E-04,-1.68637599E-04,-0.00000000E+00,-0.00000000E+00,6.08431940E-40,1.01016314E-39,-0.00000000E+00,-0.00000000E+00,6.08431940E-40,1.01016314E-39,-8.08069793E+02,-1.22620606E+03,-4.52490904E-08,-5.05752602E-08,3.36695760E+03,5.10919211E+03,3.36749000E-07,5.11000000E-07,7.76992610E+06,1.63109144E+09
2.00000000E+00,4.88000000E-01,8.00000000E-03,1.39977860E+08,6.42011388E+03,2.35648565E+03,-0.00000000E+00,-0.00000000E+00,-4.67553212E-34,-7.92423756E-34,8.33566266E+06,4.16652003E+06,8.33697176E-04,4.16717438E-04,-8.34582157E+06,-4.17411946E+06,-3.77199916E-04,-6.74701511E-05,-0.00000000E+00,-0.00000000E+00,1.85447050E-39,1.40947824E-39,-0.00000000E+00,-0.00000000E+00,1.85447050E-39,1.40947824E-39,-3.20769025E+03,-2.39962046E+03,-6.64459960E+01,-1.26358189E+02,1.33653766E+04,9.99841896E+03,1.00000000E+04,1.00000000E+04,7.76992607E+06,1.63109786E+09
3.00000000E+00,1.00000000E+00,5.60000000E-02,1.39977859E+08,8.93407124E+03,7.27721960E+03,-0.00000000E+00,-0.00000000E+00,-1.44388759E-33,-1.10271792E-33,1.25021888E+07,4.16652615E+06,1.25041523E-03,4.16718051E-04,-1.25199471E+07,-4.17412557E+06,-4.20762127E-04,-2.70671044E-05,-0.00000000E+00,-0.00000000E+00,3.35577029E-39,1.56400652E-39,-0.00000000E+00,-0.00000000E+00,3.35577029E-39,1.56400652E-39,-5.60731070E+03,-2.39962045E+03,-2.15811377E+02,-1.60448021E+02,2.33637955E+04,9.99841892E+03,2.00000000E+04,1.00000000E+04,7.76992603E+06,1.63110038E+09
4.00000000E+00,1.00000000E+00,4.00000000E-02,1.39977859E+08,9.92967702E+03,1.32070546E+04,-0.00000000E+00,-0.00000000E+00,-2.62044042E-33,-1.22560412E-33,1.66687209E+07,4.16653210E+06,1.66713387E-03,4.16718647E-04,-1.66940786E+07,-4.17413149E+06,-4.38232910E-04,-1.13336120E-05,-0.00000000E+00,-0.00000000E+00,4.95580741E-39,1.62375011E-39,-0.00000000E+00,-0.00000000E+00,4.95580741E-39,1.62375011E-39,-8.00693114E+03,-2.39962044E+03,-3.78986753E+02,-1.64344853E+02,3.33622144E+04,9.99841888E+03,3.00000000E+04,1.00000000E+04,7.76992600E+06,1.63110137E+09
5.00000000E+00,1.00000000E+00,4.00000000E-02,1.39977858E+08,1.03314294E+04,1.95342212E+04,-0.00000000E+00,-0.00000000E+00,-3.87582889E-33,-1.27519185E-33,2.08352588E+07,4.16653786E+06,2.08385310E-03,4.16719225E-04,-2.08682159E+07,-4.17413724E+06,-4.50498962E-04,-2.09646003E-05,-0.00000000E+00,-0.00000000E+00,6.59366812E-39,1.64714422E-39,-0.00000000E+00,-0.00000000E+00,6.59366812E-39,1.64714422E-39,-1.04065516E+04,-2.39962043E+03,-5.43605017E+02,-1.64731667E+02,4.33606332E+04,9.99841884E+03,4.00000000E+04,1.00000000E+04,7.76992597E+06,1.63110177E+09
6.00000000E+00,1.00000000E+00,4.00000000E-02,1.39977857E+08,1.04937887E+04,2.60218567E+04,-0.00000000E+00,-0.00000000E+00,-5.16305643E-33,-1.29523162E-33,2.50018022E+07,4.16654345E+06,2.50057288E-03,4.16719784E-04,-2.50423587E+07,-4.17414281E+06,-5.39255066E-04,-2.08610175E-04,-0.00000000E+00,-0.00000000E+00,8.24633263E-39,1.65629504E-39,-0.00000000E+00,-0.00000000E+00,8.24633263E-39,1.65629504E-39,-1.28061720E+04,-2.39962042E+03,-7.08361745E+02,-1.64766917E+02,5.33590520E+04,9.99841881E+03,5.00000000E+04,1.00000000E+04,7.76992594E+06,1.63110194E+09
7.00000000E+00,1.00000000E+00,7.20000000E-02,1.39977857E+08,1.05586650E+04,3.25748657E+04,-0.00000000E+00,-0.00000000E+00,-6.46325491E-33,-1.30323921E-33,2.91683511E+07,4.16654885E+06,2.91729321E-03,4.16720325E-04,-2.92165069E+07,-4.17414819E+06,-1.20653060E-03,-1.25639938E-03,-0.00000000E+00,-0.00000000E+00,9.90482856E-39,1.65982825E-39,-0.00000000E+00,-0.00000000E+00,9.90482856E-39,1.65982825E-39,-1.52057924E+04,-2.39962041E+03,-8.73130838E+02,-1.64769895E+02,6.33574708E+04,9.99841877E+03,6.00000000E+04,1.00000000E+04,7.76992591E+06,1.63110200E+09
8.00000000E+00,1.00000000E+00,4.00000000E-02,1.39977856E+08,1.05852865E+04,3.91535303E+04,-0.00000000E+00,-0.00000000E+00,-7.76854376E-33,-1.30652506E-33,3.33349051E+07,4.16655407E+06,3.33401406E-03,4.16720848E-04,-3.33906603E+07,-4.17415339E+06,-3.96229547E-03,-4.36785092E-03,-0.00000000E+00,-0.00000000E+00,1.15655347E-38,1.66122946E-39,-0.00000000E+00,-0.00000000E+00,1.15655347E-38,1.66122946E-39,-1.76054128E+04,-2.39962040E+03,-1.03790092E+03,-1.64770124E+02,7.33558895E+04,9.99841874E+03,7.00000000E+04,1.00000000E+04,7.76992588E+06,1.63110203E+09
9.00000000E+00,1.00000000E+00,4.00000000E-02,1.39977856E+08,1.05962629E+04,4.57426848E+04,-0.00000000E+00,-0.00000000E+00,-9.07591397E-33,-1.30787987E-33,3.75014642E+07,4.16655910E+06,3.75073541E-03,4.16721353E-04,-3.75648187E+07,-4.17415841E+06,-1.14075064E-02,-1.03828003E-02,-0.00000000E+00,-0.00000000E+00,1.32271137E-38,1.66178740E-39,-0.00000000E+00,-0.00000000E+00,1.32271137E-38,1.66178740E-39,-2.00050332E+04,-2.39962039E+03,-1.20267103E+03,-1.64770094E+02,8.33543082E+04,9.99841871E+03,8.00000000E+04,1.00000000E+04,7.76992585E+06,1.63110204E+09
1.00000000E+01,1.00000000E+00,4.00000000E-02,1.39977855E+08,1.06007851E+04,5.23361633E+04,-0.00000000E+00,-0.00000000E+00,-1.03841421E-32,-1.30843804E-33,4.16680282E+07,4.16656395E+06,4.16745725E-03,4.16721839E-04,-4.17389819E+07,-4.17416324E+06,-2.63268839E-02,-1.88723873E-02,-0.00000000E+00,-0.00000000E+00,1.48890402E-38,1.66200926E-39,-0.00000000E+00,-0.00000000E+00,1.48890402E-38,1.66200926E-39,-2.24046536E+04,-2.39962039E+03,-1.36744110E+03,-1.64770041E+02,9.33527269E+04,9.99841868E+03,9.00000000E+04,1.00000000E+04,7.76992582E+06,1.63110204E+09
1.10000000E+01,1.00000000E+00,1.04000000E-01,1.39977855E+08,1.06026033E+04,5.89314490E+04,-0.00000000E+00,-0.00000000E+00,-1.16927288E-32,-1.30866245E-33,4.58345968E+07,4.16656863E+06,4.58417955E-03,4.16722307E-04,-4.59131498E+07,-4.17416789E+06,-5.07791128E-02,-2.82194768E-02,-0.00000000E+00,-0.00000000E+00,1.65511067E-38,1.66209536E-39,-0.00000000E+00,-0.00000000E+00,1.65511067E-38,1.66209536E-39,-2.48042740E+04,-2.39962038E+03,-1.53221112E+03,-1.64769991E+02,1.03351146E+05,9.99841865E+03,1.00000000E+05,1.00000000E+04,7.76992579E+06,1.63110205E+09
1.20000000E+01,1.00000000E+00,2.32000000E-01,1.39977855E+08,1.06033658E+04,6.55274367E+04,-0.00000000E+00,-0.00000000E+00,-1.30014548E-32,-1.30875657E-33,5.00011700E+07,4.16657313E+06,5.00090231E-03,4.16722758E-04,-5.00873222E+07,-4.17417238E+06,-8.42351600E-02,-3.66158504E-02,-0.00000000E+00,-0.00000000E+00,1.82132258E-38,1.66213039E-39,-0.00000000E+00,-0.00000000E+00,1.82132258E-38,1.66213039E-39,-2.72038943E+04,-2.39962037E+03,-1.69698108E+03,-1.64769942E+02,1.13349564E+05,9.99841863E+03,1.10000000E+05,1.00000000E+04,7.76992577E+06,1.63110205E+09
1.30000000E+01,1.00000000E+00,2.32000000E-01,1.39977854E+08,1.06036889E+04,7.21237143E+04,-0.00000000E+00,-0.00000000E+00,-1.43102383E-32,-1.30879644E-33,5.41677474E+07,4.16657746E+06,5.41762551E-03,4.16723193E-04,-5.42614989E+07,-4.17417670E+06,-1.24975337E-01,-4.31211189E-02,-0.00000000E+00,-0.00000000E+00,1.98753659E-38,1.66214485E-39,-0.00000000E+00,-0.00000000E+00,1.98753659E-38,1.66214485E-39,-2.96035147E+04,-2.39962037E+03,-1.86175100E+03,-1.64769893E+02,1.23347983E+05,9.99841860E+03,1.20000000E+05,1.00000000E+04,7.76992575E+06,1.63110205E+09
1.40000000E+01,1.00000000E+00,2.32000000E-01,1.39977854E+08,1.06038245E+04,7.87201142E+04,-0.00000000E+00,-0.00000000E+00,-1.56190461E-32,-1.30881318E-33,5.83343291E+07,4.16658165E+06,5.83434912E-03,4.16723612E-04,-5.84356797E+07,-4.17418086E+06,-1.70969874E-01,-4.75942851E-02,-0.00000000E+00,-0.00000000E+00,2.15375148E-38,1.66215079E-39,-0.00000000E+00,-0.00000000E+00,2.15375148E-38,1.66215079E-39,-3.20031351E+04,-2.39962036E+03,-2.02652086E+03,-1.64769846E+02,1.33346401E+05,9.99841858E+03,1.30000000E+05,1.00000000E+04,7.76992572E+06,1.63110205E+09
1.50000000E+01,1.00000000E+00,2.32000000E-01,1.39977853E+08,1.06038786E+04,8.53165664E+04,-0.00000000E+00,-0.00000000E+00,-1.69278642E-32,-1.30881985E-33,6.25009148E+07,4.16658569E+06,6.25107314E-03,4.16724018E-04,-6.26098646E+07,-4.17418489E+06,-2.20518455E-01,-5.02924784E-02,-0.00000000E+00,-0.00000000E+00,2.31996673E-38,1.66215312E-39,-0.00000000E+00,-0.00000000E+00,2.31996673E-38,1.66215312E-39,-3.44027554E+04,-2.39962036E+03,-2.19129068E+03,-1.64769803E+02,1.43344820E+05,9.99841856E+03,1.40000000E+05,1.00000000E+04,7.76992570E+06,1.63110205E+09
1.60000000E+01,1.00000000E+00,2.32000000E-01,1.39977853E+08,1.06039018E+04,9.19130380E+04,-0.00000000E+00,-0.00000000E+00,-1.82366862E-32,-1.30882273E-33,6.66675044E+07,4.16658960E+06,6.66779755E-03,4.16724410E-04,-6.67840534E+07,-4.17418879E+06,-2.71950820E-01,-5.18570528E-02,-0.00000000E+00,-0.00000000E+00,2.48618212E-38,1.66215411E-39,-0.00000000E+00,-0.00000000E+00,2.48618212E-38,1.66215411E-39,-3.68023758E+04,-2.39962035E+03,-2.35606046E+03,-1.64769760E+02,1.53343238E+05,9.99841854E+03,1.50000000E+05,1.00000000E+04,7.76992568E+06,1.63110205E+09
1.70000000E+01,1.00000000E+00,2.32000000E-01,1.39977852E+08,1.06039118E+04,9.85095178E+04,-0.00000000E+00,-0.00000000E+00,-1.95455099E-32,-1.30882395E-33,7.08340978E+07,4.16659340E+06,7.08452234E-03,4.16724791E-04,-7.09582460E+07,-4.17419258E+06,-3.24439483E-01,-5.27195435E-02,-0.00000000E+00,-0.00000000E+00,2.65239756E-38,1.66215451E-39,-0.00000000E+00,-0.00000000E+00,2.65239756E-38,1.66215451E-39,-3.92019961E+04,-2.39962035E+03,-2.52083019E+03,-1.64769717E+02,1.63341657E+05,9.99841852E+03,1.60000000E+05,1.00000000E+04,7.76992566E+06,1.63110205E+09
1.80000000E+01,1.00000000E+00,2.32000000E-01,1.39977852E+08,1.06039160E+04,1.05106001E+05,-0.00000000E+00,-0.00000000E+00,-2.08543342E-32,-1.30882447E-33,7.50006949E+07,4.16659711E+06,7.50124750E-03,4.16725163E-04,-7.51324423E+07,-4.17419628E+06,-3.77485516E-01,-5.31647731E-02,-0.00000000E+00,-0.00000000E+00,2.81861302E-38,1.66215466E-39,-0.00000000E+00,-0.00000000E+00,2.81861302E-38,1.66215466E-39,-4.16016165E+04,-2.39962034E+03,-2.68559988E+03,-1.64769674E+02,1.73340076E+05,9.99841850E+03,1.70000000E+05,1.00000000E+04,7.76992564E+06,1.63110205E+09
1.90000000E+01,1.00000000E+00,2.32000000E-01,1.39977852E+08,1.06039177E+04,1.11702486E+05,-0.00000000E+00,-0.00000000E+00,-2.21631588E-32,-1.30882469E-33,7.91672956E+07,4.16660074E+06,7.91797303E-03,4.16725527E-04,-7.93066422E+07,-4.17419990E+06,-4.30813954E-01,-5.33870377E-02,-0.00000000E+00,-0.00000000E+00,2.98482849E-38,1.66215470E-39,-0.00000000E+00,-0.00000000E+00,2.98482849E-38,1.66215470E-39,-4.40012368E+04,-2.39962034E+03,-2.85036952E+03,-1.64769633E+02,1.83338494E+05,9.99841848E+03,1.80000000E+05,1.00000000E+04,7.76992562E+06,1.63110205E+09
2.00000000E+01,1.00000000E+00,2.32000000E-01,1.39977851E+08,1.06039184E+04,1.18298972E+05,-0.00000000E+00,-0.00000000E+00,-2.34719836E-32,-1.30882478E-33,8.33338999E+07,4.16660430E+06,8.33469891E-03,4.16725884E-04,-8.34808456E+07,-4.17420345E+06,-4.84279637E-01,-5.34934563E-02,-0.00000000E+00,-0.00000000E+00,3.15104396E-38,1.66215469E-39,-0.00000000E+00,-0.00000000E+00,3.15104396E-38,1.66215469E-39,-4.64008571E+04,-2.39962033E+03,-3.01513913E+03,-1.64769593E+02,1.93336912E+05,9.99841846E+03,1.90000000E+05,1.00000000E+04,7.76992560E+06,1.63110205E+09
2.10000000E+01,1.00000000E+00,2.32000000E-01,1.39977851E+08,1.06039188E+04,1.24895457E+05,-0.00000000E+00,-0.00000000E+00,-2.47808084E-32,-1.30882482E-33,8.75005077E+07,4.16660780E+06,8.75142515E-03,4.16726235E-04,-8.76550526E+07,-4.17420695E+06,-5.37809538E-01,-5.35426173E-02,-0.00000000E+00,-0.00000000E+00,3.31725943E-38,1.66215466E-39,-0.00000000E+00,-0.00000000E+00,3.31725943E-38,1.66215466E-39,-4.88004775E+04,-2.39962033E+03,-3.17990870E+03,-1.64769553E+02,2.03335331E+05,9.99841844E+03,2.00000000E+05,1.00000000E+04,7.76992558E+06,1.63110205E+09
2.20000000E+01,1.00000000E+00,2.32000000E-01,1.39977851E+08,1.06039189E+04,1.31491943E+05,-0.00000000E+00,-0.00000000E+00,-2.60896332E-32,-1.30882484E-33,9.16671190E+07,4.16661126E+06,9.16815173E-03,4.16726583E-04,-9.18292630E+07,-4.17421041E+06,-5.91368804E-01,-5.35649763E-02,-0.00000000E+00,-0.00000000E+00,3.48347489E-38,1.66215463E-39,-0.00000000E+00,-0.00000000E+00,3.48347489E-38,1.66215463E-39,-5.12000978E+04,-2.39962032E+03,-3.34467822E+03,-1.64769513E+02,2.13333749E+05,9.99841842E+03,2.10000000E+05,1.00000000E+04,7.76992556E+06,1.63110205E+09
2.30000000E+01,1.00000000E+00,1.66256628E-01,1.39977850E+08,1.06039190E+04,1.38088429E+05,-0.00000000E+00,-0.00000000E+00,-2.73984581E-32,-1.30882485E-33,9.58337337E+07,4.16661469E+06,9.58487866E-03,4.16726926E-04,-9.60034768E+07,-4.17421383E+06,-6.44940912E-01,-5.35744624E-02,-0.00000000E+00,-0.00000000E+00,3.64969035E-38,1.66215459E-39,-0.00000000E+00,-0.00000000E+00,3.64969035E-38,1.66215459E-39,-5.35997181E+04,-2.39962032E+03,-3.50944771E+03,-1.64769475E+02,2.23332168E+05,9.99841840E+03,2.20000000E+05,1.00000000E+04,7.76992554E+06,1.63110205E+09
2.40000000E+01,1.00000000E+00,1.66257218E-01,1.39977850E+08,1.06039191E+04,1.44684915E+05,-0.00000000E+00,-0.00000000E+00,-2.87072829E-32,-1.30882485E-33,1.00000352E+08,4.16661809E+06,1.00016059E-02,4.16727267E-04,-1.00177694E+08,-4.17421723E+06,-6.98518529E-01,-5.35786728E-02,-0.00000000E+00,-0.00000000E+00,3.81590581E-38,1.66215455E-39,-0.00000000E+00,-0.00000000E+00,3.81590581E-38,1.66215455E-39,-5.59993384E+04,-2.39962031E+03,-3.67421716E+03,-1.64769436E+02,2.33330586E+05,9.99841837E+03,2.30000000E+05,1.00000000E+04,7.76992552E+06,1.63110205E+09
2.50000000E+01,1.00000000E+00,1.66257803E-01,1.39977850E+08,1.06039191E+04,1.51281401E+05,-0.00000000E+00,-0.00000000E+00,-3.00161078E-32,-1.30882486E-33,1.04166973E+08,4.16662147E+06,1.04183335E-02,4.16727606E-04,-1.04351915E+08,-4.17422061E+06,-7.52098643E-01,-5.35806158E-02,-0.00000000E+00,-0.00000000E+00,3.98212126E-38,1.66215451E-39,-0.00000000E+00,-0.00000000E+00,3.98212126E-38,1.66215451E-39,-5.83989587E+04,-2.39962031E+03,-3.83898657E+03,-1.64769398E+02,2.43329004E+05,9.99841835E+03,2.40000000E+05,1.00000000E+04,7.76992550E+06,1.63110205E+09
2.60000000E+01,1.00000000E+00,1.66258384E-01,1.39977849E+08,1.06039192E+04,1.57877887E+05,-0.00000000E+00,-0.00000000E+00,-3.13249326E-32,-1.30882486E-33,1.08333598E+08,4.16662483E+06,1.08350615E-02,4.16727944E-04,-1.08526139E+08,-4.17422397E+06,-8.05679982E-01,-5.35816119E-02,-0.00000000E+00,-0.00000000E+00,4.14833671E-38,1.66215447E-39,-0.00000000E+00,-0.00000000E+00,4.14833671E-38,1.66215447E-39,-6.07985790E+04,-2.39962030E+03,-4.00375594E+03,-1.64769360E+02,2.53327423E+05,9.99841833E+03,2.50000000E+05,1.00000000E+04,7.76992548E+06,1.63110205E+09
2.70000000E+01,1.00000000E+00,1.66258962E-01,1.39977849E+08,1.06039192E+04,1.64474373E+05,-0.00000000E+00,-0.00000000E+00,-3.26337575E-32,-1.30882487E-33,1.12500226E+08,4.16662819E+06,1.12517898E-02,4.16728280E-04,-1.12700366E+08,-4.17422732E+06,-8.59262025E-01,-5.35822230E-02,-0.00000000E+00,-0.00000000E+00,4.31455215E-38,1.66215444E-39,-0.00000000E+00,-0.00000000E+00,4.31455215E-38,1.66215444E-39,-6.31981993E+04,-2.39962030E+03,-4.16852528E+03,-1.64769321E+02,2.63325841E+05,9.99841831E+03,2.60000000E+05,1.00000000E+04,7.76992546E+06,1.63110205E+09
2.80000000E+01,1.00000000E+00,1.66259539E-01,1.39977849E+08,1.06039192E+04,1.71070859E+05,-0.00000000E+00,-0.00000000E+00,-3.39425824E-32,-1.30882487E-33,1.16666858E+08,4.16663153E+06,1.16685184E-02,4.16728616E-04,-1.16874597E+08,-4.17423066E+06,-9.12844563E-01,-5.35826812E-02,-0.00000000E+00,-0.00000000E+00,4.48076759E-38,1.66215440E-39,-0.00000000E+00,-0.00000000E+00,4.48076759E-38,1.66215440E-39,-6.55978196E+04,-2.39962029E+03,-4.33329457E+03,-1.64769283E+02,2.73324259E+05,9.99841829E+03,2.70000000E+05,1.00000000E+04,7.76992544E+06,1.63110205E+09
2.90000000E+01,1.00000000E+00,1.66260114E-01,1.39977848E+08,1.06039193E+04,1.77667345E+05,-0.00000000E+00,-0.00000000E+00,-3.52514073E-32,-1.30882488E-33,1.20833493E+08,4.16663487E+06,1.20852473E-02,4.16728951E-04,-1.21048831E+08,-4.17423400E+06,-9.66427514E-01,-5.35830800E-02,-0.00000000E+00,-0.00000000E+00,4.64698303E-38,1.66215436E-39,-0.00000000E+00,-0.00000000E+00,4.64698303E-38,1.66215436E-39,-6.79974399E+04,-2.39962029E+03,-4.49806383E+03,-1.64769245E+02,2.83322678E+05,9.99841827E+03,2.80000000E+05,1.00000000E+04,7.76992543E+06,1.63110205E+09
3.00000000E+01,1.00000000E+00,1.66260688E-01,1.39977848E+08,1.06039193E+04,1.84263831E+05,-0.00000000E+00,-0.00000000E+00,-3.65602322E-32,-1.30882488E-33,1.25000131E+08,4.16663820E+06,1.25019766E-02,4.16729285E-04,-1.25223068E+08,-4.17423733E+06,-1.02001085E+00,-5.35834558E-02,-0.00000000E+00,-0.00000000E+00,4.81319846E-38,1.66215432E-39,-0.00000000E+00,-0.00000000E+00,4.81319846E-38,1.66215432E-39,-7.03970602E+04,-2.39962028E+03,-4.66283305E+03,-1.64769208E+02,2.93321096E+05,9.99841825E+03,2.90000000E+05,1.00000000E+04,7.76992541E+06,1.63110205E+09
3.10000000E+01,1.00000000E+00,1.66261261E-01,1.39977848E+08,1.06039194E+04,1.90860318E+05,-0.00000000E+00,-0.00000000E+00,-3.78690570E-32,-1.30882489E-33,1.29166772E+08,4.16664153E+06,1.29187062E-02,4.16729618E-04,-1.29397309E+08,-4.17424066E+06,-1.07359455E+00,-5.35838226E-02,-0.00000000E+00,-0.00000000E+00,4.97941389E-38,1.66215429E-39,-0.00000000E+00,-0.00000000E+00,4.97941389E-38,1.66215429E-39,-7.27966805E+04,-2.39962028E+03,-4.82760223E+03,-1.64769170E+02,3.03319514E+05,9.99841823E+03,3.00000000E+05,1.00000000E+04,7.76992539E+06,1.63110205E+09
3.20000000E+01,1.00000000E+00,1.66261833E-01,1.39977847E+08,1.06039194E+04,1.97456804E+05,-0.00000000E+00,-0.00000000E+00,-3.91778819E-32,-1.30882489E-33,1.33333417E+08,4.16664485E+06,1.33354362E-02,4.16729952E-04,-1.33571553E+08,-4.17424398E+06,-1.12717861E+00,-5.35841856E-02,-0.00000000E+00,-0.00000000E+00,5.14562932E-38,1.66215425E-39,-0.00000000E+00,-0.00000000E+00,5.14562932E-38,1.66215425E-39,-7.51963008E+04,-2.39962027E+03,-4.99237138E+03,-1.64769132E+02,3.13317932E+05,9.99841821E+03,3.10000000E+05,1.00000000E+04,7.76992537E+06,1.63110205E+09
3.30000000E+01,1.00000000E+00,1.66262406E-01,1.39977847E+08,1.06039194E+04,2.04053290E+05,-0.00000000E+00,-0.00000000E+00,-4.04867068E-32,-1.30882490E-33,1.37500065E+08,4.16664817E+06,1.37521665E-02,4.16730285E-04,-1.37745800E+08,-4.17424730E+06,-1.18076304E+00,-5.35845469E-02,-0.00000000E+00,-0.00000000E+00,5.31184474E-38,1.66215421E-39,-0.00000000E+00,-0.00000000E+00,5.31184474E-38,1.66215421E-39,-7.75959210E+04,-2.39962027E+03,-5.15714049E+03,-1.64769094E+02,3.23316351E+05,9.99841819E+03,3.20000000E+05,1.00000000E+04,7.76992535E+06,1.63110205E+09
3.40000000E+01,1.00000000E+00,1.66262978E-01,1.39977847E+08,1.06039195E+04,2.10649776E+05,-0.00000000E+00,-0.00000000E+00,-4.17955317E-32,-1.30882490E-33,1.41666717E+08,4.16665149E+06,1.41688971E-02,4.16730618E-04,-1.41920051E+08,-4.17425062E+06,-1.23434783E+00,-5.35849071E-02,-0.00000000E+00,-0.00000000E+00,5.47806016E-38,1.66215417E-39,-0.00000000E+00,-0.00000000E+00,5.47806016E-38,1.66215417E-39,-7.99955413E+04,-2.39962026E+03,-5.32190955E+03,-1.64769056E+02,3.33314769E+05,9.99841817E+03,3.30000000E+05,1.00000000E+04,7.76992533E+06,1.63110205E+09
3.50000000E+01,1.00000000E+00,1.66263549E-01,1.39977846E+08,1.06039195E+04,2.17246262E+05,-0.00000000E+00,-0.00000000E+00,-4.31043566E-32,-1.30882491E-33,1.45833372E+08,4.16665480E+06,1.45856280E-02,4.16730950E-04,-1.46094304E+08,-4.17425393E+06,-1.28793298E+00,-5.35852667E-02,-0.00000000E+00,-0.00000000E+00,5.64427557E-38,1.66215414E-39,-0.00000000E+00,-0.00000000E+00,5.64427557E-38,1.66215414E-39,-8.23951615E+04,-2.39962026E+03,-5.48667859E+03,-1.64769019E+02,3.43313187E+05,9.99841815E+03,3.40000000E+05,1.00000000E+04,7.76992532E+06,1.63110205E+09
3.60000000E+01,1.00000000E+00,1.66264121E-01,1.39977846E+08,1.06039196E+04,2.23842749E+05,-0.00000000E+00,-0.00000000E+00,-4.44131816E-32,-1.30882491E-33,1.50000030E+08,4.16665812E+06,1.50023593E-02,4.16731282E-04,-1.50268562E+08,-4.17425724E+06,-1.34151848E+00,-5.35856257E-02,-0.00000000E+00,-0.00000000E+00,5.81049098E-38,1.66215410E-39,-0.00000000E+00,-0.00000000E+00,5.81049098E-38,1.66215410E-39,-8.47947818E+04,-2.39962025E+03,-5.65144758E+03,-1.64768981E+02,3.53311605E+05,9.99841813E+03,3.50000000E+05,1.00000000E+04,7.76992530E+06,1.63110205E+09
3.70000000E+01,1.00000000E+00,1.66264692E-01,1.39977846E+08,1.06039196E+04,2.30439235E+05,-0.00000000E+00,-0.00000000E+00,-4.57220065E-32,-1.30882492E-33,1.54166691E+08,4.16666142E+06,1.54190909E-02,4.16731614E-04,-1.54442822E+08,-4.17426055E+06,-1.39510435E+00,-5.35859844E-02,-0.00000000E+00,-0.00000000E+00,5.97670639E-38,1.66215407E-39,-0.00000000E+00,-0.00000000E+00,5.97670639E-38,1.66215407E-39,-8.71944020E+04,-2.39962025E+03,-5.81621653E+03,-1.64768943E+02,3.63310023E+05,9.99841811E+03,3.60000000E+05,1.00000000E+04,7.76992528E+06,1.63110205E+09
3.80000000E+01,1.00000000E+00,1.66265263E-01,1.39977845E+08,1.06039196E+04,2.37035721E+05,-0.00000000E+00,-0.00000000E+00,-4.70308314E-32,-1.30882492E-33,1.58333356E+08,4.16666473E+06,1.58358229E-02,4.16731946E-04,-1.58617086E+08,-4.17426386E+06,-1.44869057E+00,-5.35863428E-02,-0.00000000E+00,-0.00000000E+00,6.14292180E-38,1.66215403E-39,-0.00000000E+00,-0.00000000E+00,6.14292180E-38,1.66215403E-39,-8.95940223E+04,-2.39962024E+03,-5.98098545E+03,-1.64768905E+02,3.73308441E+05,9.99841809E+03,3.70000000E+05,1.00000000E+04,7.76992526E+06,1.63110205E+09
3.90000000E+01,1.00000000E+00,1.66265834E-01,1.39977845E+08,1.06039197E+04,2.43632208E+05,-0.00000000E+00,-0.00000000E+00,-4.83396563E-32,-1.30882493E-33,1.62500024E+08,4.16666804E+06,1.62525551E-02,4.16732278E-04,-1.62791353E+08,-4.17426716E+06,-1.50227715E+00,-5.35867009E-02,-0.00000000E+00,-0.00000000E+00,6.30913720E-38,1.66215400E-39,-0.00000000E+00,-0.00000000E+00,6.30913720E-38,1.66215400E-39,-9.19936425E+04,-2.39962024E+03,-6.14575433E+03,-1.64768868E+02,3.83306859E+05,9.99841807E+03,3.80000000E+05,1.00000000E+04,7.76992524E+06,1.63110205E+09
4.00000000E+01,1.00000000E+00,1.66266404E-01,1.39977845E+08,1.06039197E+04,2.50228694E+05,-0.00000000E+00,-0.00000000E+00,-4.96484813E-32,-1.30882493E-33,1.66666695E+08,4.16667134E+06,1.66692878E-02,4.16732609E-04,-1.66965624E+08,-4.17427047E+06,-1.55586409E+00,-5.35870589E-02,-0.00000000E+00,-0.00000000E+00,6.47535259E-38,1.66215396E-39,-0.00000000E+00,-0.00000000E+00,6.47535259E-38,1.66215396E-39,-9.43932628E+04,-2.39962023E+03,-6.31052318E+03,-1.64768830E+02,3.93305277E+05,9.99841805E+03,3.90000000E+05,1.00000000E+04,7.76992522E+06,1.63110205E+09
4.10000000E+01,1.00000000E+00,1.66266975E-01,1.39977844E+08,1.06039198E+04,2.56825180E+05,-0.00000000E+00,-0.00000000E+00,-5.09573062E-32,-1.30882494E-33,1.70833370E+08,4.16667464E+06,1.70860207E-02,4.16732940E-04,-1.71139897E+08,-4.17427377E+06,-1.60945139E+00,-5.35874167E-02,-0.00000000E+00,-0.00000000E+00,6.64156799E-38,1.66215393E-39,-0.00000000E+00,-0.00000000E+00,6.64156799E-38,1.66215393E-39,-9.67928830E+04,-2.39962023E+03,-6.47529198E+03,-1.64768792E+02,4.03303695E+05,9.99841803E+03,4.00000000E+05,1.00000000E+04,7.76992521E+06,1.63110205E+09
4.20000000E+01,1.00000000E+00,1.66267545E-01,1.39977844E+08,1.06039198E+04,2.63421667E+05,-0.00000000E+00,-0.00000000E+00,-5.22661311E-32,-1.30882494E-33,1.75000048E+08,4.16667794E+06,1.75027540E-02,4.16733271E-04,-1.75314175E+08,-4.17427706E+06,-1.66303905E+00,-5.35877744E-02,-0.00000000E+00,-0.00000000E+00,6.80778338E-38,1.66215389E-39,-0.00000000E+00,-0.00000000E+00,6.80778338E-38,1.66215389E-39,-9.91925032E+04,-2.39962022E+03,-6.64006075E+03,-1.64768755E+02,4.13302113E+05,9.99841801E+03,4.10000000E+05,1.00000000E+04,7.76992519E+06,1.63110205E+09
4.30000000E+01,1.00000000E+00,1.66268116E-01,1.39977844E+08,1.06039198E+04,2.70018153E+05,-0.00000000E+00,-0.00000000E+00,-5.35749561E-32,-1.30882495E-33,1.79166729E+08,4.16668123E+06,1.79194876E-02,4.16733601E-04,-1.79488455E+08,-4.17428036E+06,-1.71662706E+00,-5.35881319E-02,-0.00000000E+00,-0.00000000E+00,6.97399876E-38,1.66215386E-39,-0.00000000E+00,-0.00000000E+00,6.97399876E-38,1.66215386E-39,-1.01592123E+05,-2.39962022E+03,-6.80482948E+03,-1.64768717E+02,4.23300531E+05,9.99841799E+03,4.20000000E+05,1.00000000E+04,7.76992517E+06,1.63110205E+09
4.40000000E+01,1.00000000E+00,1.66268686E-01,1.39977843E+08,1.06039199E+04,2.76614640E+05,-0.00000000E+00,-0.00000000E+00,-5.48837810E-32,-1.30882495E-33,1.83333414E+08,4.16668453E+06,1.83362215E-02,4.16733932E-04,-1.83662739E+08,-4.17428365E+06,-1.77021543E+00,-5.35884894E-02,-0.00000000E+00,-0.00000000E+00,7.14021415E-38,1.66215382E-39,-0.00000000E+00,-0.00000000E+00,7.14021415E-38,1.66215382E-39,-1.03991744E+05,-2.39962021E+03,-6.96959817E+03,-1.64768679E+02,4.33298949E+05,9.99841797E+03,4.30000000E+05,1.00000000E+04,7.76992515E+06,1.63110205E+09
4.50000000E+01,1.00000000E+00,1.66269256E-01,1.39977843E+08,1.06039199E+04,2.83211126E+05,-0.00000000E+00,-0.00000000E+00,-5.61926060E-32,-1.30882496E-33,1.87500101E+08,4.16668782E+06,1.87529558E-02,4.16734262E-04,-1.87837026E+08,-4.17428694E+06,-1.82380416E+00,-5.35888467E-02,-0.00000000E+00,-0.00000000E+00,7.30642953E-38,1.66215379E-39,-0.00000000E+00,-0.00000000E+00,7.30642953E-38,1.66215379E-39,-1.06391364E+05,-2.39962021E+03,-7.13436682E+03,-1.64768642E+02,4.43297367E+05,9.99841795E+03,4.40000000E+05,1.00000000E+04,7.76992513E+06,1.63110205E+09
4.60000000E+01,1.00000000E+00,1.66269825E-01,1.39977843E+08,1.06039200E+04,2.89807613E+05,-0.00000000E+00,-0.00000000E+00,-5.75014310E-32,-1.30882496E-33,1.91666793E+08,4.16669111E+06,1.91696904E-02,4.16734592E-04,-1.92011316E+08,-4.17429023E+06,-1.87739324E+00,-5.35892039E-02,-0.00000000E+00,-0.00000000E+00,7.47264490E-38,1.66215375E-39,-0.00000000E+00,-0.00000000E+00,7.47264490E-38,1.66215375E-39,-1.08790984E+05,-2.39962020E+03,-7.29913544E+03,-1.64768604E+02,4.53295785E+05,9.99841793E+03,4.50000000E+05,1.00000000E+04,7.76992511E+06,1.63110205E+09
4.70000000E+01,1.00000000E+00,1.66270395E-01,1.39977842E+08,1.06039200E+04,2.96404099E+05,-0.00000000E+00,-0.00000000E+00,-5.88102559E-32,-1.30882497E-33,1.95833487E+08,4.16669439E+06,1.95864253E-02,4.16734922E-04,-1.96185609E+08,-4.17429352E+06,-1.93098269E+00,-5.35895611E-02,-0.00000000E+00,-0.00000000E+00,7.63886027E-38,1.66215372E-39,-0.00000000E+00,-0.00000000E+00,7.63886027E-38,1.66215372E-39,-1.11190604E+05,-2.39962020E+03,-7.46390402E+03,-1.64768567E+02,4.63294203E+05,9.99841791E+03,4.60000000E+05,1.00000000E+04,7.76992510E+06,1.63110205E+09
4.80000000E+01,1.00000000E+00,1.66270964E-01,1.39977842E+08,1.06039200E+04,3.03000586E+05,-0.00000000E+00,-0.00000000E+00,-6.01190809E-32,-1.30882497E-33,2.00000185E+08,4.16669768E+06,2.00031605E-02,4.16735251E-04,-2.00359906E+08,-4.17429680E+06,-1.98457249E+00,-5.35899181E-02,-0.00000000E+00,-0.00000000E+00,7.80507564E-38,1.66215369E-39,-0.00000000E+00,-0.00000000E+00,7.80507564E-38,1.66215369E-39,-1.13590224E+05,-2.39962020E+03,-7.62867256E+03,-1.64768529E+02,4.73292621E+05,9.99841788E+03,4.70000000E+05,1.00000000E+04,7.76992508E+06,1.63110205E+09
4.90000000E+01,1.00000000E+00,1.66271534E-01,1.39977842E+08,1.06039201E+04,3.09597072E+05,-0.00000000E+00,-0.00000000E+00,-6.14279059E-32,-1.30882498E-33,2.04166886E+08,4.16670096E+06,2.04198961E-02,4.16735580E-04,-2.04534206E+08,-4.17430009E+06,-2.03816264E+00,-5.35902751E-02,-0.00000000E+00,-0.00000000E+00,7.97129101E-38,1.66215365E-39,-0.00000000E+00,-0.00000000E+00,7.97129101E-38,1.66215365E-39,-1.15989845E+05,-2.39962019E+03,-7.79344106E+03,-1.64768491E+02,4.83291039E+05,9.99841786E+03,4.80000000E+05,1.00000000E+04,7.76992506E+06,1.63110205E+09
5.00000000E+01,1.00000000E+00,1.66272103E-01,1.39977841E+08,1.06039201E+04,3.16193559E+05,-0.00000000E+00,-0.00000000E+00,-6.27367309E-32,-1.30882498E-33,2.08333590E+08,4.16670424E+06,2.08366320E-02,4.16735910E-04,-2.08708510E+08,-4.17430337E+06,-2.09175316E+00,-5.35906319E-02,-0.00000000E+00,-0.00000000E+00,8.13750637E-38,1.66215362E-39,-0.00000000E+00,-0.00000000E+00,8.13750637E-38,1.66215362E-39,-1.18389465E+05,-2.39962019E+03,-7.95820953E+03,-1.64768454E+02,4.93289457E+05,9.99841784E+03,4.90000000E+05,1.00000000E+04,7.76992504E+06,1.63110205E+09
