Time [d],dt_flow [d],dt_tran [d],Global Water Mass in Liquid Phas [kg],Global Vaq [mol],Global Vim [mol],Top Water Mass [kg],Top Water Mass [kg/d],Top Vaq [mol],Top Vaq [mol/d],Right Water Mass [kg],Right Water Mass [kg/d],Right Vaq [mol],Right Vaq [mol/d],Left Water Mass [kg],Left Water Mass [kg/d],Left Vaq [mol],Left Vaq [mol/d],North Water Mass [kg],North Water Mass [kg/d],North Vaq [mol],North Vaq [mol/d],South Water Mass [kg],South Water Mass [kg/d],South Vaq [mol],South Vaq [mol/d],ExtractWell Water Mass [kg],ExtractWell Water Mass [kg/d],ExtractWell Vaq [mol],ExtractWell Vaq [mol/d],InjectWell Water Mass [kg],InjectWell Water Mass [kg/d],InjectWell Vaq [mol],InjectWell Vaq [mol/d],Region Region__all Water Mass [kg],Region Region__all Total Mass [kg]
1.00000000E+00,4.89000000E-01,9.00000000E-03,1.39977809E+08,5.72907618E-03,5.65407948E-03,-0.00000000E+00,-0.00000000E+00,6.14095330E-40,1.02086831E-39,2.77898083E+06,2.77828982E+06,2.77941932E-04,2.77872820E-04,-2.78153997E+06,-2.78217306E+06,-1.78720750E-04,-1.12449894E-04,-0.00000000E+00,-0.00000000E+00,6.10285760E-40,1.01454140E-39,-0.00000000E+00,-0.00000000E+00,6.10285760E-40,1.01454140E-39,-8.08069494E+02,-1.22620561E+03,-4.51924649E-08,-5.04021154E-08,3.36695631E+03,5.10919015E+03,3.36749000E-07,5.11000000E-07,7.76992323E+06,1.63109144E+09
2.00000000E+00,4.88000000E-01,8.00000000E-03,1.39977808E+08,6.42725078E+03,2.35850142E+03,-0.00000000E+00,-0.00000000E+00,-4.67953166E-34,-7.93304653E-34,5.55533106E+06,2.77635069E+06,5.55620764E-04,2.77678877E-04,-5.56548926E+06,-2.78394977E+06,-2.51520579E-04,-4.49995566E-05,-0.00000000E+00,-0.00000000E+00,1.86374230E-39,1.41957194E-39,-0.00000000E+00,-0.00000000E+00,1.86374230E-39,1.41957194E-39,-3.20768907E+03,-2.39961958E+03,-5.63034898E+01,-1.14950035E+02,1.33653715E+04,9.99841517E+03,1.00000000E+04,1.00000000E+04,7.76992322E+06,1.63109787E+09
3.00000000E+00,1.00000000E+00,8.00000000E-03,1.39977808E+08,8.93397993E+03,7.28597909E+03,-0.00000000E+00,-0.00000000E+00,-1.44562558E-33,-1.10270665E-33,8.33168362E+06,2.77635256E+06,8.33299828E-04,2.77679064E-04,-8.34944089E+06,-2.78395163E+06,-2.80527751E-04,-1.80953181E-05,-0.00000000E+00,-0.00000000E+00,3.37758394E-39,1.57773711E-39,-0.00000000E+00,-0.00000000E+00,3.37758394E-39,1.57773711E-39,-5.60730864E+03,-2.39961957E+03,-2.02842246E+02,-1.64369637E+02,2.33637866E+04,9.99841515E+03,2.00000000E+04,1.00000000E+04,7.76992320E+06,1.63110038E+09
4.00000000E+00,1.00000000E+00,4.00000000E-02,1.39977808E+08,9.92448817E+03,1.32141174E+04,-0.00000000E+00,-0.00000000E+00,-2.62184177E-33,-1.22496367E-33,1.11080380E+07,2.77635439E+06,1.11097908E-03,2.77679247E-04,-1.11333943E+07,-2.78395346E+06,-2.92149453E-04,-7.31644993E-06,-0.00000000E+00,-0.00000000E+00,4.99271324E-39,1.63983080E-39,-0.00000000E+00,-0.00000000E+00,4.99271324E-39,1.63983080E-39,-8.00692821E+03,-2.39961957E+03,-3.73644712E+02,-1.74053074E+02,3.33622018E+04,9.99841513E+03,3.00000000E+04,1.00000000E+04,7.76992318E+06,1.63110137E+09
5.00000000E+00,1.00000000E+00,4.00000000E-02,1.39977808E+08,1.03225248E+04,1.95367223E+04,-0.00000000E+00,-0.00000000E+00,-3.87632514E-33,-1.27409276E-33,1.38843942E+07,2.77635618E+06,1.38865850E-03,2.77679427E-04,-1.39173496E+07,-2.78395525E+06,-2.96852590E-04,-2.97281359E-06,-0.00000000E+00,-0.00000000E+00,6.64735693E-39,1.66442782E-39,-0.00000000E+00,-0.00000000E+00,6.64735693E-39,1.66442782E-39,-1.04065478E+04,-2.39961956E+03,-5.48780067E+02,-1.75663665E+02,4.33606169E+04,9.99841512E+03,4.00000000E+04,1.00000000E+04,7.76992317E+06,1.63110176E+09
6.00000000E+00,1.00000000E+00,4.00000000E-02,1.39977807E+08,1.04830677E+04,2.60181490E+04,-0.00000000E+00,-0.00000000E+00,-5.16232078E-33,-1.29390834E-33,1.66607521E+07,2.77635794E+06,1.66633811E-03,2.77679603E-04,-1.67013066E+07,-2.78395700E+06,-2.98850796E-04,-1.45676236E-06,-0.00000000E+00,-0.00000000E+00,8.31765038E-39,1.67416721E-39,-0.00000000E+00,-0.00000000E+00,8.31765038E-39,1.67416721E-39,-1.28061673E+04,-2.39961956E+03,-7.24610258E+02,-1.75909974E+02,5.33590320E+04,9.99841510E+03,5.00000000E+04,1.00000000E+04,7.76992315E+06,1.63110193E+09
7.00000000E+00,1.00000000E+00,4.00000000E-02,1.39977807E+08,1.05470355E+04,3.25642789E+04,-0.00000000E+00,-0.00000000E+00,-6.46115435E-33,-1.30180380E-33,1.94371118E+07,2.77635966E+06,1.94401788E-03,2.77679776E-04,-1.94852653E+07,-2.78395872E+06,-3.00711548E-04,-2.79533695E-06,-0.00000000E+00,-0.00000000E+00,9.99419510E-39,1.67796879E-39,-0.00000000E+00,-0.00000000E+00,9.99419510E-39,1.67796879E-39,-1.52057869E+04,-2.39961956E+03,-9.00544862E+02,-1.75945333E+02,6.33574471E+04,9.99841508E+03,6.00000000E+04,1.00000000E+04,7.76992314E+06,1.63110199E+09
8.00000000E+00,1.00000000E+00,4.00000000E-02,1.39977807E+08,1.05734098E+04,3.91356132E+04,-0.00000000E+00,-0.00000000E+00,-7.76498878E-33,-1.30505914E-33,2.22134731E+07,2.77636135E+06,2.22169783E-03,2.77679945E-04,-2.22692257E+07,-2.78396040E+06,-3.07322836E-04,-1.13470744E-05,-0.00000000E+00,-0.00000000E+00,1.16731243E-38,1.67950431E-39,-0.00000000E+00,-0.00000000E+00,1.16731243E-38,1.67950431E-39,-1.76054064E+04,-2.39961955E+03,-1.07649401E+03,-1.75950785E+02,7.33558621E+04,9.99841507E+03,7.00000000E+04,1.00000000E+04,7.76992313E+06,1.63110202E+09
9.00000000E+00,1.00000000E+00,4.00000000E-02,1.39977807E+08,1.05842862E+04,4.57173404E+04,-0.00000000E+00,-0.00000000E+00,-9.07088531E-33,-1.30640160E-33,2.49898361E+07,2.77636300E+06,2.49937794E-03,2.77680110E-04,-2.50531877E+07,-2.78396204E+06,-3.30546594E-04,-3.60490251E-05,-0.00000000E+00,-0.00000000E+00,1.33530163E-38,1.68012425E-39,-0.00000000E+00,-0.00000000E+00,1.33530163E-38,1.68012425E-39,-2.00050260E+04,-2.39961955E+03,-1.25244537E+03,-1.75951601E+02,8.33542772E+04,9.99841505E+03,8.00000000E+04,1.00000000E+04,7.76992311E+06,1.63110203E+09
1.00000000E+01,1.00000000E+00,4.00000000E-02,1.39977806E+08,1.05887718E+04,5.23033538E+04,-0.00000000E+00,-0.00000000E+00,-1.03776323E-32,-1.30695525E-33,2.77662007E+07,2.77636461E+06,2.77705821E-03,2.77680272E-04,-2.78371514E+07,-2.78396365E+06,-3.92074057E-04,-8.65838698E-05,-0.00000000E+00,-0.00000000E+00,1.50332970E-38,1.68037441E-39,-0.00000000E+00,-0.00000000E+00,1.50332970E-38,1.68037441E-39,-2.24046455E+04,-2.39961954E+03,-1.42839705E+03,-1.75951712E+02,9.33526922E+04,9.99841504E+03,9.00000000E+04,1.00000000E+04,7.76992310E+06,1.63110203E+09
1.10000000E+01,1.00000000E+00,2.32000000E-01,1.39977806E+08,1.05905683E+04,5.88911706E+04,-0.00000000E+00,-0.00000000E+00,-1.16847371E-32,-1.30717699E-33,3.05425669E+07,2.77636619E+06,3.05473864E-03,2.77680430E-04,-3.06211166E+07,-2.78396522E+06,-5.26250202E-04,-1.68355559E-04,-0.00000000E+00,-0.00000000E+00,1.67137377E-38,1.68047236E-39,-0.00000000E+00,-0.00000000E+00,1.67137377E-38,1.68047236E-39,-2.48042651E+04,-2.39961954E+03,-1.60434877E+03,-1.75951717E+02,1.03351107E+05,9.99841502E+03,1.00000000E+05,1.00000000E+04,7.76992309E+06,1.63110203E+09
1.20000000E+01,1.00000000E+00,2.32000000E-01,1.39977806E+08,1.05913397E+04,6.54796749E+04,-0.00000000E+00,-0.00000000E+00,-1.29919783E-32,-1.30727220E-33,3.33189347E+07,2.77636773E+06,3.33241922E-03,2.77680584E-04,-3.34050834E+07,-2.78396675E+06,-7.56989216E-04,-2.72988452E-04,-0.00000000E+00,-0.00000000E+00,1.83942379E-38,1.68051354E-39,-0.00000000E+00,-0.00000000E+00,1.83942379E-38,1.68051354E-39,-2.72038846E+04,-2.39961954E+03,-1.78030048E+03,-1.75951707E+02,1.13349522E+05,9.99841501E+03,1.10000000E+05,1.00000000E+04,7.76992307E+06,1.63110203E+09
1.30000000E+01,1.00000000E+00,2.32000000E-01,1.39977806E+08,1.05916708E+04,7.20684745E+04,-0.00000000E+00,-0.00000000E+00,-1.42992780E-32,-1.30731307E-33,3.60953039E+07,2.77636923E+06,3.61009996E-03,2.77680735E-04,-3.61890516E+07,-2.78396825E+06,-1.09928995E-03,-3.87122396E-04,-0.00000000E+00,-0.00000000E+00,2.00747631E-38,1.68053084E-39,-0.00000000E+00,-0.00000000E+00,2.00747631E-38,1.68053084E-39,-2.96035042E+04,-2.39961953E+03,-1.95625219E+03,-1.75951695E+02,1.23347937E+05,9.99841500E+03,1.20000000E+05,1.00000000E+04,7.76992306E+06,1.63110203E+09
1.40000000E+01,1.00000000E+00,2.32000000E-01,1.39977805E+08,1.05918130E+04,7.86574007E+04,-0.00000000E+00,-0.00000000E+00,-1.56066029E-32,-1.30733062E-33,3.88716746E+07,2.77637070E+06,3.88778084E-03,2.77680882E-04,-3.89730213E+07,-2.78396971E+06,-1.55396055E-03,-4.96711128E-04,-0.00000000E+00,-0.00000000E+00,2.17552988E-38,1.68053810E-39,-0.00000000E+00,-0.00000000E+00,2.17552988E-38,1.68053810E-39,-3.20031237E+04,-2.39961953E+03,-2.13220388E+03,-1.75951683E+02,1.33346352E+05,9.99841498E+03,1.30000000E+05,1.00000000E+04,7.76992305E+06,1.63110203E+09
1.50000000E+01,1.00000000E+00,2.32000000E-01,1.39977805E+08,1.05918717E+04,8.52463828E+04,-0.00000000E+00,-0.00000000E+00,-1.69139389E-32,-1.30733786E-33,4.16480467E+07,2.77637213E+06,4.16546186E-03,2.77681025E-04,-4.17569925E+07,-2.78397114E+06,-2.11658021E-03,-5.90211840E-04,-0.00000000E+00,-0.00000000E+00,2.34358391E-38,1.68054103E-39,-0.00000000E+00,-0.00000000E+00,2.34358391E-38,1.68054103E-39,-3.44027432E+04,-2.39961953E+03,-2.30815556E+03,-1.75951672E+02,1.43344767E+05,9.99841497E+03,1.40000000E+05,1.00000000E+04,7.76992304E+06,1.63110203E+09
1.60000000E+01,1.00000000E+00,2.32000000E-01,1.39977805E+08,1.05918981E+04,9.18353866E+04,-0.00000000E+00,-0.00000000E+00,-1.82212792E-32,-1.30734112E-33,4.44244202E+07,2.77637352E+06,4.44314303E-03,2.77681165E-04,-4.45409650E+07,-2.78397252E+06,-2.75773193E-03,-6.62104318E-04,-0.00000000E+00,-0.00000000E+00,2.51163811E-38,1.68054231E-39,-0.00000000E+00,-0.00000000E+00,2.51163811E-38,1.68054231E-39,-3.68023627E+04,-2.39961953E+03,-2.48410722E+03,-1.75951662E+02,1.53343182E+05,9.99841496E+03,1.50000000E+05,1.00000000E+04,7.76992302E+06,1.63110203E+09
1.70000000E+01,1.00000000E+00,2.32000000E-01,1.39977805E+08,1.05919100E+04,9.84244001E+04,-0.00000000E+00,-0.00000000E+00,-1.95286214E-32,-1.30734259E-33,4.72007951E+07,2.77637488E+06,4.72082433E-03,2.77681301E-04,-4.73249389E+07,-2.78397388E+06,-3.45841644E-03,-7.16112725E-04,-0.00000000E+00,-0.00000000E+00,2.67969238E-38,1.68054287E-39,-0.00000000E+00,-0.00000000E+00,2.67969238E-38,1.68054287E-39,-3.92019823E+04,-2.39961952E+03,-2.66005888E+03,-1.75951651E+02,1.63341597E+05,9.99841495E+03,1.60000000E+05,1.00000000E+04,7.76992301E+06,1.63110203E+09
1.80000000E+01,1.00000000E+00,2.32000000E-01,1.39977805E+08,1.05919153E+04,1.05013418E+05,-0.00000000E+00,-0.00000000E+00,-2.08359645E-32,-1.30734325E-33,4.99771713E+07,2.77637620E+06,4.99850576E-03,2.77681433E-04,-5.01089141E+07,-2.78397519E+06,-4.20023956E-03,-7.52172079E-04,-0.00000000E+00,-0.00000000E+00,2.84774669E-38,1.68054310E-39,-0.00000000E+00,-0.00000000E+00,2.84774669E-38,1.68054310E-39,-4.16016018E+04,-2.39961952E+03,-2.83601053E+03,-1.75951641E+02,1.73340012E+05,9.99841494E+03,1.70000000E+05,1.00000000E+04,7.76992300E+06,1.63110203E+09
1.90000000E+01,1.00000000E+00,2.32000000E-01,1.39977804E+08,1.05919177E+04,1.11602438E+05,-0.00000000E+00,-0.00000000E+00,-2.21433080E-32,-1.30734355E-33,5.27535488E+07,2.77637749E+06,5.27618732E-03,2.77681562E-04,-5.28928905E+07,-2.78397648E+06,-4.97057187E-03,-7.77274387E-04,-0.00000000E+00,-0.00000000E+00,3.01580101E-38,1.68054320E-39,-0.00000000E+00,-0.00000000E+00,3.01580100E-38,1.68054320E-39,-4.40012213E+04,-2.39961952E+03,-3.01196216E+03,-1.75951630E+02,1.83338427E+05,9.99841493E+03,1.80000000E+05,1.00000000E+04,7.76992299E+06,1.63110203E+09
2.00000000E+01,1.00000000E+00,1.76882926E-01,1.39977804E+08,1.05919188E+04,1.18191458E+05,-0.00000000E+00,-0.00000000E+00,-2.34506516E-32,-1.30734367E-33,5.55299275E+07,2.77637874E+06,5.55386901E-03,2.77681688E-04,-5.56768683E+07,-2.78397773E+06,-5.76286073E-03,-7.93854427E-04,-0.00000000E+00,-0.00000000E+00,3.18385533E-38,1.68054323E-39,-0.00000000E+00,-0.00000000E+00,3.18385533E-38,1.68054323E-39,-4.64008408E+04,-2.39961952E+03,-3.18791378E+03,-1.75951621E+02,1.93336842E+05,9.99841492E+03,1.90000000E+05,1.00000000E+04,7.76992298E+06,1.63110203E+09
2.10000000E+01,1.00000000E+00,5.88441463E-01,1.39977804E+08,1.05919192E+04,1.24780479E+05,-0.00000000E+00,-0.00000000E+00,-2.47579953E-32,-1.30734373E-33,5.83063075E+07,2.77637996E+06,5.83155082E-03,2.77681811E-04,-5.84608472E+07,-2.78397894E+06,-6.56285368E-03,-8.01833429E-04,-0.00000000E+00,-0.00000000E+00,3.35190965E-38,1.68054324E-39,-0.00000000E+00,-0.00000000E+00,3.35190965E-38,1.68054324E-39,-4.88004603E+04,-2.39961951E+03,-3.36386540E+03,-1.75951612E+02,2.03335257E+05,9.99841491E+03,2.00000000E+05,1.00000000E+04,7.76992297E+06,1.63110203E+09
2.20000000E+01,1.00000000E+00,1.76883525E-01,1.39977804E+08,1.05919195E+04,1.31369501E+05,-0.00000000E+00,-0.00000000E+00,-2.60653391E-32,-1.30734376E-33,6.10826887E+07,2.77638116E+06,6.10923275E-03,2.77681930E-04,-6.12448273E+07,-2.78398013E+06,-7.36748572E-03,-8.05323311E-04,-0.00000000E+00,-0.00000000E+00,3.51996397E-38,1.68054323E-39,-0.00000000E+00,-0.00000000E+00,3.51996397E-38,1.68054323E-39,-5.12000798E+04,-2.39961951E+03,-3.53981700E+03,-1.75951603E+02,2.13333672E+05,9.99841491E+03,2.10000000E+05,1.00000000E+04,7.76992296E+06,1.63110203E+09
2.30000000E+01,1.00000000E+00,5.88441763E-01,1.39977804E+08,1.05919196E+04,1.37958522E+05,-0.00000000E+00,-0.00000000E+00,-2.73726829E-32,-1.30734377E-33,6.38590710E+07,2.77638232E+06,6.38691480E-03,2.77682047E-04,-6.40288086E+07,-2.78398129E+06,-8.17532875E-03,-8.08562414E-04,-0.00000000E+00,-0.00000000E+00,3.68801830E-38,1.68054322E-39,-0.00000000E+00,-0.00000000E+00,3.68801830E-38,1.68054322E-39,-5.35996994E+04,-2.39961951E+03,-3.71576860E+03,-1.75951593E+02,2.23332087E+05,9.99841490E+03,2.20000000E+05,1.00000000E+04,7.76992295E+06,1.63110203E+09
2.40000000E+01,1.00000000E+00,1.76884095E-01,1.39977804E+08,1.05919196E+04,1.44547543E+05,-0.00000000E+00,-0.00000000E+00,-2.86800266E-32,-1.30734378E-33,6.66354544E+07,2.77638346E+06,6.66459696E-03,2.77682162E-04,-6.68127911E+07,-2.78398243E+06,-8.98574834E-03,-8.10597733E-04,-0.00000000E+00,-0.00000000E+00,3.85607262E-38,1.68054321E-39,-0.00000000E+00,-0.00000000E+00,3.85607262E-38,1.68054321E-39,-5.59993189E+04,-2.39961951E+03,-3.89172019E+03,-1.75951584E+02,2.33330502E+05,9.99841489E+03,2.30000000E+05,1.00000000E+04,7.76992294E+06,1.63110203E+09
2.50000000E+01,1.00000000E+00,5.88442048E-01,1.39977803E+08,1.05919197E+04,1.51136565E+05,-0.00000000E+00,-0.00000000E+00,-2.99873704E-32,-1.30734379E-33,6.94118390E+07,2.77638458E+06,6.94227924E-03,2.77682274E-04,-6.95967746E+07,-2.78398355E+06,-9.79697858E-03,-8.11406807E-04,-0.00000000E+00,-0.00000000E+00,4.02412694E-38,1.68054320E-39,-0.00000000E+00,-0.00000000E+00,4.02412694E-38,1.68054320E-39,-5.83989384E+04,-2.39961951E+03,-4.06767177E+03,-1.75951575E+02,2.43328916E+05,9.99841488E+03,2.40000000E+05,1.00000000E+04,7.76992293E+06,1.63110203E+09
2.60000000E+01,1.00000000E+00,1.76884639E-01,1.39977803E+08,1.05919197E+04,1.57725586E+05,-0.00000000E+00,-0.00000000E+00,-3.12947142E-32,-1.30734379E-33,7.21882247E+07,2.77638568E+06,7.21996162E-03,2.77682384E-04,-7.23807593E+07,-2.78398464E+06,-1.06089330E-02,-8.11992142E-04,-0.00000000E+00,-0.00000000E+00,4.19218126E-38,1.68054319E-39,-0.00000000E+00,-0.00000000E+00,4.19218126E-38,1.68054319E-39,-6.07985579E+04,-2.39961950E+03,-4.24362333E+03,-1.75951566E+02,2.53327331E+05,9.99841487E+03,2.50000000E+05,1.00000000E+04,7.76992292E+06,1.63110203E+09
2.70000000E+01,1.00000000E+00,5.88442320E-01,1.39977803E+08,1.05919197E+04,1.64314608E+05,-0.00000000E+00,-0.00000000E+00,-3.26020580E-32,-1.30734379E-33,7.49646115E+07,2.77638676E+06,7.49764411E-03,2.77682492E-04,-7.51647450E+07,-2.78398571E+06,-1.14210487E-02,-8.12147680E-04,-0.00000000E+00,-0.00000000E+00,4.36023558E-38,1.68054318E-39,-0.00000000E+00,-0.00000000E+00,4.36023558E-38,1.68054318E-39,-6.31981774E+04,-2.39961950E+03,-4.41957489E+03,-1.75951557E+02,2.63325746E+05,9.99841486E+03,2.60000000E+05,1.00000000E+04,7.76992291E+06,1.63110203E+09
2.80000000E+01,1.00000000E+00,1.76885161E-01,1.39977803E+08,1.05919197E+04,1.70903629E+05,-0.00000000E+00,-0.00000000E+00,-3.39094018E-32,-1.30734379E-33,7.77409993E+07,2.77638782E+06,7.77532671E-03,2.77682598E-04,-7.79487317E+07,-2.78398677E+06,-1.22334043E-02,-8.12355380E-04,-0.00000000E+00,-0.00000000E+00,4.52828989E-38,1.68054316E-39,-0.00000000E+00,-0.00000000E+00,4.52828989E-38,1.68054316E-39,-6.55977969E+04,-2.39961950E+03,-4.59552645E+03,-1.75951549E+02,2.73324161E+05,9.99841485E+03,2.70000000E+05,1.00000000E+04,7.76992290E+06,1.63110203E+09
2.90000000E+01,1.00000000E+00,5.88442580E-01,1.39977803E+08,1.05919197E+04,1.77492650E+05,-0.00000000E+00,-0.00000000E+00,-3.52167456E-32,-1.30734379E-33,8.05173881E+07,2.77638886E+06,8.05300941E-03,2.77682703E-04,-8.07327196E+07,-2.78398782E+06,-1.30457483E-02,-8.12338249E-04,-0.00000000E+00,-0.00000000E+00,4.69634421E-38,1.68054315E-39,-0.00000000E+00,-0.00000000E+00,4.69634421E-38,1.68054315E-39,-6.79974164E+04,-2.39961950E+03,-4.77147799E+03,-1.75951540E+02,2.83322576E+05,9.99841485E+03,2.80000000E+05,1.00000000E+04,7.76992290E+06,1.63110203E+09
3.00000000E+01,1.00000000E+00,1.76885665E-01,1.39977803E+08,1.05919197E+04,1.84081672E+05,-0.00000000E+00,-0.00000000E+00,-3.65240894E-32,-1.30734379E-33,8.32937780E+07,2.77638990E+06,8.33069222E-03,2.77682807E-04,-8.35167084E+07,-2.78398885E+06,-1.38582063E-02,-8.12447823E-04,-0.00000000E+00,-0.00000000E+00,4.86439852E-38,1.68054314E-39,-0.00000000E+00,-0.00000000E+00,4.86439852E-38,1.68054314E-39,-7.03970359E+04,-2.39961950E+03,-4.94742952E+03,-1.75951532E+02,2.93320991E+05,9.99841484E+03,2.90000000E+05,1.00000000E+04,7.76992289E+06,1.63110203E+09
3.10000000E+01,1.00000000E+00,5.88442833E-01,1.39977802E+08,1.05919197E+04,1.90670693E+05,-0.00000000E+00,-0.00000000E+00,-3.78314332E-32,-1.30734380E-33,8.60701690E+07,2.77639092E+06,8.60837513E-03,2.77682910E-04,-8.63006983E+07,-2.78398987E+06,-1.46706087E-02,-8.12387377E-04,-0.00000000E+00,-0.00000000E+00,5.03245283E-38,1.68054313E-39,-0.00000000E+00,-0.00000000E+00,5.03245283E-38,1.68054313E-39,-7.27966554E+04,-2.39961949E+03,-5.12338105E+03,-1.75951523E+02,3.03319406E+05,9.99841483E+03,3.00000000E+05,1.00000000E+04,7.76992288E+06,1.63110203E+09
3.20000000E+01,1.00000000E+00,1.76886156E-01,1.39977802E+08,1.05919198E+04,1.97259715E+05,-0.00000000E+00,-0.00000000E+00,-3.91387770E-32,-1.30734380E-33,8.88465609E+07,2.77639194E+06,8.88605814E-03,2.77683011E-04,-8.90846892E+07,-2.78399089E+06,-1.54830925E-02,-8.12471414E-04,-0.00000000E+00,-0.00000000E+00,5.20050715E-38,1.68054312E-39,-0.00000000E+00,-0.00000000E+00,5.20050715E-38,1.68054312E-39,-7.51962748E+04,-2.39961949E+03,-5.29933257E+03,-1.75951515E+02,3.13317820E+05,9.99841482E+03,3.10000000E+05,1.00000000E+04,7.76992287E+06,1.63110203E+09
3.30000000E+01,1.00000000E+00,5.88443078E-01,1.39977802E+08,1.05919198E+04,2.03848736E+05,-0.00000000E+00,-0.00000000E+00,-4.04461208E-32,-1.30734380E-33,9.16229538E+07,2.77639295E+06,9.16374125E-03,2.77683112E-04,-9.18686811E+07,-2.78399189E+06,-1.62955110E-02,-8.12401449E-04,-0.00000000E+00,-0.00000000E+00,5.36856146E-38,1.68054310E-39,-0.00000000E+00,-0.00000000E+00,5.36856146E-38,1.68054310E-39,-7.75958943E+04,-2.39961949E+03,-5.47528407E+03,-1.75951506E+02,3.23316235E+05,9.99841481E+03,3.20000000E+05,1.00000000E+04,7.76992286E+06,1.63110203E+09
3.40000000E+01,1.00000000E+00,1.76886637E-01,1.39977802E+08,1.05919198E+04,2.10437758E+05,-0.00000000E+00,-0.00000000E+00,-4.17534646E-32,-1.30734380E-33,9.43993478E+07,2.77639395E+06,9.44142447E-03,2.77683213E-04,-9.46526739E+07,-2.78399289E+06,-1.71080025E-02,-8.12478673E-04,-0.00000000E+00,-0.00000000E+00,5.53661577E-38,1.68054309E-39,-0.00000000E+00,-0.00000000E+00,5.53661577E-38,1.68054309E-39,-7.99955138E+04,-2.39961949E+03,-5.65123557E+03,-1.75951498E+02,3.33314650E+05,9.99841480E+03,3.30000000E+05,1.00000000E+04,7.76992285E+06,1.63110203E+09
3.50000000E+01,1.00000000E+00,5.88443319E-01,1.39977802E+08,1.05919198E+04,2.17026779E+05,-0.00000000E+00,-0.00000000E+00,-4.30608084E-32,-1.30734380E-33,9.71757427E+07,2.77639494E+06,9.71910778E-03,2.77683313E-04,-9.74366678E+07,-2.78399389E+06,-1.79204272E-02,-8.12407494E-04,-0.00000000E+00,-0.00000000E+00,5.70467007E-38,1.68054308E-39,-0.00000000E+00,-0.00000000E+00,5.70467007E-38,1.68054308E-39,-8.23951333E+04,-2.39961949E+03,-5.82718707E+03,-1.75951490E+02,3.43313065E+05,9.99841480E+03,3.40000000E+05,1.00000000E+04,7.76992285E+06,1.63110203E+09
3.60000000E+01,1.00000000E+00,1.76887112E-01,1.39977802E+08,1.05919198E+04,2.23615800E+05,-0.00000000E+00,-0.00000000E+00,-4.43681522E-32,-1.30734380E-33,9.99521387E+07,2.77639593E+06,9.99679119E-03,2.77683412E-04,-1.00220663E+08,-2.78399488E+06,-1.87329227E-02,-8.12482765E-04,-0.00000000E+00,-0.00000000E+00,5.87272438E-38,1.68054307E-39,-0.00000000E+00,-0.00000000E+00,5.87272438E-38,1.68054307E-39,-8.47947528E+04,-2.39961948E+03,-6.00313855E+03,-1.75951482E+02,3.53311480E+05,9.99841479E+03,3.50000000E+05,1.00000000E+04,7.76992284E+06,1.63110203E+09
3.70000000E+01,1.00000000E+00,5.88443556E-01,1.39977802E+08,1.05919198E+04,2.30204822E+05,-0.00000000E+00,-0.00000000E+00,-4.56754960E-32,-1.30734380E-33,1.02728536E+08,2.77639692E+06,1.02744747E-02,2.77683511E-04,-1.03004659E+08,-2.78399587E+06,-1.95453519E-02,-8.12412112E-04,-0.00000000E+00,-0.00000000E+00,6.04077869E-38,1.68054306E-39,-0.00000000E+00,-0.00000000E+00,6.04077869E-38,1.68054306E-39,-8.71943723E+04,-2.39961948E+03,-6.17909003E+03,-1.75951473E+02,3.63309894E+05,9.99841478E+03,3.60000000E+05,1.00000000E+04,7.76992283E+06,1.63110203E+09
3.80000000E+01,1.00000000E+00,1.76887582E-01,1.39977801E+08,1.05919198E+04,2.36793843E+05,-0.00000000E+00,-0.00000000E+00,-4.69828398E-32,-1.30734380E-33,1.05504933E+08,2.77639791E+06,1.05521583E-02,2.77683610E-04,-1.05788655E+08,-2.78399685E+06,-2.03578513E-02,-8.12486739E-04,-0.00000000E+00,-0.00000000E+00,6.20883299E-38,1.68054305E-39,-0.00000000E+00,-0.00000000E+00,6.20883299E-38,1.68054305E-39,-8.95939917E+04,-2.39961948E+03,-6.35504149E+03,-1.75951465E+02,3.73308309E+05,9.99841477E+03,3.70000000E+05,1.00000000E+04,7.76992282E+06,1.63110203E+09
3.90000000E+01,1.00000000E+00,5.88443791E-01,1.39977801E+08,1.05919198E+04,2.43382865E+05,-0.00000000E+00,-0.00000000E+00,-4.82901836E-32,-1.30734380E-33,1.08281332E+08,2.77639889E+06,1.08298420E-02,2.77683709E-04,-1.08572653E+08,-2.78399783E+06,-2.11702849E-02,-8.12416776E-04,-0.00000000E+00,-0.00000000E+00,6.37688730E-38,1.68054304E-39,-0.00000000E+00,-0.00000000E+00,6.37688730E-38,1.68054304E-39,-9.19936112E+04,-2.39961948E+03,-6.53099295E+03,-1.75951457E+02,3.83306724E+05,9.99841476E+03,3.80000000E+05,1.00000000E+04,7.76992281E+06,1.63110203E+09
4.00000000E+01,1.00000000E+00,1.76888049E-01,1.39977801E+08,1.05919198E+04,2.49971886E+05,-0.00000000E+00,-0.00000000E+00,-4.95975274E-32,-1.30734381E-33,1.11057732E+08,2.77639987E+06,1.11075258E-02,2.77683807E-04,-1.11356652E+08,-2.78399881E+06,-2.19827886E-02,-8.12491152E-04,-0.00000000E+00,-0.00000000E+00,6.54494160E-38,1.68054303E-39,-0.00000000E+00,-0.00000000E+00,6.54494160E-38,1.68054303E-39,-9.43932307E+04,-2.39961947E+03,-6.70694441E+03,-1.75951449E+02,3.93305139E+05,9.99841475E+03,3.90000000E+05,1.00000000E+04,7.76992280E+06,1.63110203E+09
4.10000000E+01,1.00000000E+00,5.88444025E-01,1.39977801E+08,1.05919198E+04,2.56560908E+05,-0.00000000E+00,-0.00000000E+00,-5.09048712E-32,-1.30734381E-33,1.13834133E+08,2.77640085E+06,1.13852097E-02,2.77683906E-04,-1.14140652E+08,-2.78399979E+06,-2.27952271E-02,-8.12421725E-04,-0.00000000E+00,-0.00000000E+00,6.71299590E-38,1.68054302E-39,-0.00000000E+00,-0.00000000E+00,6.71299590E-38,1.68054302E-39,-9.67928502E+04,-2.39961947E+03,-6.88289585E+03,-1.75951441E+02,4.03303553E+05,9.99841475E+03,4.00000000E+05,1.00000000E+04,7.76992280E+06,1.63110203E+09
4.20000000E+01,1.00000000E+00,1.76888515E-01,1.39977801E+08,1.05919198E+04,2.63149929E+05,-0.00000000E+00,-0.00000000E+00,-5.22122150E-32,-1.30734381E-33,1.16610535E+08,2.77640183E+06,1.16628937E-02,2.77684004E-04,-1.16924653E+08,-2.78400077E+06,-2.36077357E-02,-8.12496576E-04,-0.00000000E+00,-0.00000000E+00,6.88105020E-38,1.68054301E-39,-0.00000000E+00,-0.00000000E+00,6.88105020E-38,1.68054301E-39,-9.91924696E+04,-2.39961947E+03,-7.05884728E+03,-1.75951433E+02,4.13301968E+05,9.99841474E+03,4.10000000E+05,1.00000000E+04,7.76992279E+06,1.63110203E+09
4.30000000E+01,1.00000000E+00,5.88444257E-01,1.39977801E+08,1.05919199E+04,2.69738951E+05,-0.00000000E+00,-0.00000000E+00,-5.35195588E-32,-1.30734381E-33,1.19386938E+08,2.77640281E+06,1.19405778E-02,2.77684102E-04,-1.19708654E+08,-2.78400175E+06,-2.44201798E-02,-8.12427310E-04,-0.00000000E+00,-0.00000000E+00,7.04910450E-38,1.68054300E-39,-0.00000000E+00,-0.00000000E+00,7.04910450E-38,1.68054300E-39,-1.01592089E+05,-2.39961947E+03,-7.23479871E+03,-1.75951425E+02,4.23300383E+05,9.99841473E+03,4.20000000E+05,1.00000000E+04,7.76992278E+06,1.63110203E+09
4.40000000E+01,1.00000000E+00,1.76888980E-01,1.39977801E+08,1.05919199E+04,2.76327972E+05,-0.00000000E+00,-0.00000000E+00,-5.48269026E-32,-1.30734381E-33,1.22163342E+08,2.77640378E+06,1.22182620E-02,2.77684200E-04,-1.22492657E+08,-2.78400272E+06,-2.52326938E-02,-8.12502045E-04,-0.00000000E+00,-0.00000000E+00,7.21715880E-38,1.68054299E-39,-0.00000000E+00,-0.00000000E+00,7.21715880E-38,1.68054299E-39,-1.03991709E+05,-2.39961947E+03,-7.41075013E+03,-1.75951417E+02,4.33298798E+05,9.99841472E+03,4.30000000E+05,1.00000000E+04,7.76992277E+06,1.63110203E+09
4.50000000E+01,1.00000000E+00,5.88444490E-01,1.39977800E+08,1.05919199E+04,2.82916994E+05,-0.00000000E+00,-0.00000000E+00,-5.61342464E-32,-1.30734381E-33,1.24939746E+08,2.77640476E+06,1.24959463E-02,2.77684297E-04,-1.25276661E+08,-2.78400370E+06,-2.60451434E-02,-8.12432905E-04,-0.00000000E+00,-0.00000000E+00,7.38521310E-38,1.68054298E-39,-0.00000000E+00,-0.00000000E+00,7.38521310E-38,1.68054298E-39,-1.06391328E+05,-2.39961946E+03,-7.58670154E+03,-1.75951408E+02,4.43297212E+05,9.99841471E+03,4.40000000E+05,1.00000000E+04,7.76992276E+06,1.63110203E+09
4.60000000E+01,1.00000000E+00,1.76889443E-01,1.39977800E+08,1.05919199E+04,2.89506015E+05,-0.00000000E+00,-0.00000000E+00,-5.74415902E-32,-1.30734381E-33,1.27716152E+08,2.77640573E+06,1.27736307E-02,2.77684395E-04,-1.28060665E+08,-2.78400467E+06,-2.68576629E-02,-8.12507549E-04,-0.00000000E+00,-0.00000000E+00,7.55326740E-38,1.68054297E-39,-0.00000000E+00,-0.00000000E+00,7.55326740E-38,1.68054297E-39,-1.08790948E+05,-2.39961946E+03,-7.76265294E+03,-1.75951401E+02,4.53295627E+05,9.99841470E+03,4.50000000E+05,1.00000000E+04,7.76992276E+06,1.63110203E+09
4.70000000E+01,1.00000000E+00,5.88444722E-01,1.39977800E+08,1.05919199E+04,2.96095037E+05,-0.00000000E+00,-0.00000000E+00,-5.87489341E-32,-1.30734381E-33,1.30492559E+08,2.77640670E+06,1.30513152E-02,2.77684493E-04,-1.30844671E+08,-2.78400565E+06,-2.76701181E-02,-8.12438506E-04,-0.00000000E+00,-0.00000000E+00,7.72132169E-38,1.68054296E-39,-0.00000000E+00,-0.00000000E+00,7.72132169E-38,1.68054296E-39,-1.11190567E+05,-2.39961946E+03,-7.93860434E+03,-1.75951392E+02,4.63294042E+05,9.99841469E+03,4.60000000E+05,1.00000000E+04,7.76992275E+06,1.63110203E+09
4.80000000E+01,1.00000000E+00,1.76889907E-01,1.39977800E+08,1.05919199E+04,3.02684059E+05,-0.00000000E+00,-0.00000000E+00,-6.00562779E-32,-1.30734381E-33,1.33268966E+08,2.77640768E+06,1.33289998E-02,2.77684590E-04,-1.33628678E+08,-2.78400662E+06,-2.84826431E-02,-8.12513085E-04,-0.00000000E+00,-0.00000000E+00,7.88937599E-38,1.68054295E-39,-0.00000000E+00,-0.00000000E+00,7.88937599E-38,1.68054295E-39,-1.13590186E+05,-2.39961946E+03,-8.11455572E+03,-1.75951384E+02,4.73292456E+05,9.99841469E+03,4.70000000E+05,1.00000000E+04,7.76992274E+06,1.63110203E+09
4.90000000E+01,1.00000000E+00,5.88444953E-01,1.39977800E+08,1.05919199E+04,3.09273080E+05,-0.00000000E+00,-0.00000000E+00,-6.13636217E-32,-1.30734381E-33,1.36045375E+08,2.77640865E+06,1.36066845E-02,2.77684688E-04,-1.36412685E+08,-2.78400759E+06,-2.92951039E-02,-8.12444119E-04,-0.00000000E+00,-0.00000000E+00,8.05743028E-38,1.68054294E-39,-0.00000000E+00,-0.00000000E+00,8.05743028E-38,1.68054294E-39,-1.15989806E+05,-2.39961946E+03,-8.29050710E+03,-1.75951376E+02,4.83290871E+05,9.99841468E+03,4.80000000E+05,1.00000000E+04,7.76992273E+06,1.63110203E+09
5.00000000E+01,1.00000000E+00,1.76890370E-01,1.39977800E+08,1.05919199E+04,3.15862102E+05,-0.00000000E+00,-0.00000000E+00,-6.26709655E-32,-1.30734382E-33,1.38821785E+08,2.77640962E+06,1.38843693E-02,2.77684785E-04,-1.39196694E+08,-2.78400856E+06,-3.01076345E-02,-8.12518649E-04,-0.00000000E+00,-0.00000000E+00,8.22548458E-38,1.68054293E-39,-0.00000000E+00,-0.00000000E+00,8.22548458E-38,1.68054293E-39,-1.18389425E+05,-2.39961945E+03,-8.46645847E+03,-1.75951368E+02,4.93289286E+05,9.99841467E+03,4.90000000E+05,1.00000000E+04,7.76992272E+06,1.63110203E+09
