Time [d],dt_flow [d],dt_tran [d],Global Water Mass in Liquid Phas [kg],Global Vaq [mol],Global Vim [mol],Top Water Mass [kg],Top Water Mass [kg/d],Top Vaq [mol],Top Vaq [mol/d],Right Water Mass [kg],Right Water Mass [kg/d],Right Vaq [mol],Right Vaq [mol/d],Left Water Mass [kg],Left Water Mass [kg/d],Left Vaq [mol],Left Vaq [mol/d],North Water Mass [kg],North Water Mass [kg/d],North Vaq [mol],North Vaq [mol/d],South Water Mass [kg],South Water Mass [kg/d],South Vaq [mol],South Vaq [mol/d],ExtractWell Water Mass [kg],ExtractWell Water Mass [kg/d],ExtractWell Vaq [mol],ExtractWell Vaq [mol/d],InjectWell Water Mass [kg],InjectWell Water Mass [kg/d],InjectWell Vaq [mol],InjectWell Vaq [mol/d],Region Region__all Water Mass [kg],Region Region__all Total Mass [kg]
1.00000000E+00,4.89000000E-01,9.00000000E-03,1.39977873E+08,5.77368947E-03,5.66583072E-03,-0.00000000E+00,-0.00000000E+00,6.11763736E-40,1.01536176E-39,4.51656682E+06,4.51581644E+06,4.51727529E-04,4.51652479E-04,-4.51912644E+06,-4.51970015E+06,-2.90372503E-04,-1.82677270E-04,-0.00000000E+00,-0.00000000E+00,6.07968640E-40,1.00906903E-39,-0.00000000E+00,-0.00000000E+00,6.07968640E-40,1.00906903E-39,-8.08069867E+02,-1.22620617E+03,-4.49795364E-08,-4.96552043E-08,3.36695821E+03,5.10919303E+03,3.36749000E-07,5.11000000E-07,7.76992682E+06,1.63109144E+09
2.00000000E+00,4.88000000E-01,8.00000000E-03,1.39977873E+08,6.46394082E+03,2.36677065E+03,-0.00000000E+00,-0.00000000E+00,-4.69593887E-34,-7.97833253E-34,9.03027569E+06,4.51371085E+06,9.03169220E-04,4.51441888E-04,-9.04043482E+06,-4.52131038E+06,-4.08603979E-04,-7.30821173E-05,-0.00000000E+00,-0.00000000E+00,1.85215407E-39,1.40695693E-39,-0.00000000E+00,-0.00000000E+00,1.85215407E-39,1.40695693E-39,-3.20769054E+03,-2.39962067E+03,-7.28444111E+00,-2.26989077E+01,1.33653790E+04,9.99842076E+03,1.00000000E+04,1.00000000E+04,7.76992678E+06,1.63109791E+09
3.00000000E+00,1.00000000E+00,5.60000000E-02,1.39977872E+08,9.02051797E+03,7.33063550E+03,-0.00000000E+00,-0.00000000E+00,-1.45448598E-33,-1.11338792E-33,1.35439943E+07,4.51371858E+06,1.35461188E-03,4.51442663E-04,-1.35617529E+07,-4.52131809E+06,-4.55789462E-04,-2.93176622E-05,-0.00000000E+00,-0.00000000E+00,3.35038897E-39,1.56051264E-39,-0.00000000E+00,-0.00000000E+00,3.35038897E-39,1.56051264E-39,-5.60731121E+03,-2.39962066E+03,-4.97230853E+01,-5.68555704E+01,2.33637997E+04,9.99842072E+03,2.00000000E+04,1.00000000E+04,7.76992674E+06,1.63110046E+09
4.00000000E+00,1.00000000E+00,4.00000000E-02,1.39977871E+08,1.00281194E+04,1.33190540E+04,-0.00000000E+00,-0.00000000E+00,-2.64266253E-33,-1.23775473E-33,1.80577203E+07,4.51372606E+06,1.80605530E-03,4.51443413E-04,-1.80830785E+07,-4.52132556E+06,-4.74639835E-04,-1.19548905E-05,-0.00000000E+00,-0.00000000E+00,4.94661552E-39,1.61970810E-39,-0.00000000E+00,-0.00000000E+00,4.94661552E-39,1.61970810E-39,-8.00693186E+03,-2.39962065E+03,-1.13556351E+02,-6.76305633E+01,3.33622204E+04,9.99842067E+03,3.00000000E+04,1.00000000E+04,7.76992670E+06,1.63110147E+09
5.00000000E+00,1.00000000E+00,4.00000000E-02,1.39977871E+08,1.04325722E+04,1.97085421E+04,-0.00000000E+00,-0.00000000E+00,-3.91041636E-33,-1.28767576E-33,2.25714536E+07,4.51373330E+06,2.25749943E-03,4.51444138E-04,-2.26044112E+07,-4.52133277E+06,-4.84039875E-04,-1.08293346E-05,-0.00000000E+00,-0.00000000E+00,6.58026807E-39,1.64281715E-39,-0.00000000E+00,-0.00000000E+00,6.58026807E-39,1.64281715E-39,-1.04065525E+04,-2.39962064E+03,-1.82554835E+02,-6.96694816E+01,4.33606410E+04,9.99842062E+03,4.00000000E+04,1.00000000E+04,7.76992666E+06,1.63110187E+09
6.00000000E+00,1.00000000E+00,4.00000000E-02,1.39977870E+08,1.05956091E+04,2.62593611E+04,-0.00000000E+00,-0.00000000E+00,-5.21018031E-33,-1.30779916E-33,2.70851939E+07,4.51374029E+06,2.70894427E-03,4.51444838E-04,-2.71257510E+07,-4.52133974E+06,-5.24619822E-04,-9.80953956E-05,-0.00000000E+00,-0.00000000E+00,8.22852293E-39,1.65182706E-39,-0.00000000E+00,-0.00000000E+00,8.22852293E-39,1.65182706E-39,-1.28061731E+04,-2.39962063E+03,-2.52429268E+02,-6.99693489E+01,5.33590616E+04,9.99842058E+03,5.00000000E+04,1.00000000E+04,7.76992662E+06,1.63110204E+09
7.00000000E+00,1.00000000E+00,7.20000000E-02,1.39977869E+08,1.06606966E+04,3.28757934E+04,-0.00000000E+00,-0.00000000E+00,-6.52296277E-33,-1.31583282E-33,3.15989409E+07,4.51374702E+06,3.16038979E-03,4.51445513E-04,-3.16470974E+07,-4.52134645E+06,-8.80853382E-04,-7.06956497E-04,-0.00000000E+00,-0.00000000E+00,9.88251033E-39,1.65529363E-39,-0.00000000E+00,-0.00000000E+00,9.88251033E-39,1.65529363E-39,-1.52057937E+04,-2.39962062E+03,-3.22425078E+02,-7.00068504E+01,6.33574821E+04,9.99842054E+03,6.00000000E+04,1.00000000E+04,7.76992659E+06,1.63110210E+09
8.00000000E+00,1.00000000E+00,4.00000000E-02,1.39977869E+08,1.06873979E+04,3.95179608E+04,-0.00000000E+00,-0.00000000E+00,-7.84085141E-33,-1.31912853E-33,3.61126945E+07,4.51375351E+06,3.61183595E-03,4.51446163E-04,-3.61684503E+07,-4.52135291E+06,-2.58184934E-03,-2.81725195E-03,-0.00000000E+00,-0.00000000E+00,1.15386625E-38,1.65666342E-39,-0.00000000E+00,-0.00000000E+00,1.15386625E-38,1.65666342E-39,-1.76054144E+04,-2.39962061E+03,-3.92435300E+02,-7.00115777E+01,7.33559026E+04,9.99842051E+03,7.00000000E+04,1.00000000E+04,7.76992656E+06,1.63110213E+09
9.00000000E+00,1.00000000E+00,4.00000000E-02,1.39977868E+08,1.06984071E+04,4.61706496E+04,-0.00000000E+00,-0.00000000E+00,-9.16082760E-33,-1.32048738E-33,4.06264542E+07,4.51375974E+06,4.06328274E-03,4.51446787E-04,-4.06898095E+07,-4.52135912E+06,-7.70726007E-03,-7.40512030E-03,-0.00000000E+00,-0.00000000E+00,1.31956666E-38,1.65720674E-39,-0.00000000E+00,-0.00000000E+00,1.31956666E-38,1.65720674E-39,-2.00050350E+04,-2.39962060E+03,-4.62447304E+02,-7.00121690E+01,8.33543231E+04,9.99842048E+03,8.00000000E+04,1.00000000E+04,7.76992652E+06,1.63110214E+09
1.00000000E+01,1.00000000E+00,4.00000000E-02,1.39977868E+08,1.07029436E+04,5.28276754E+04,-0.00000000E+00,-0.00000000E+00,-1.04816643E-32,-1.32104732E-33,4.51402199E+07,4.51376572E+06,4.51473012E-03,4.51447387E-04,-4.52111745E+07,-4.52136508E+06,-1.88555936E-02,-1.44985933E-02,-0.00000000E+00,-0.00000000E+00,1.48530082E-38,1.65742187E-39,-0.00000000E+00,-0.00000000E+00,1.48530082E-38,1.65742187E-39,-2.24046555E+04,-2.39962059E+03,-5.32459540E+02,-7.00122591E+01,9.33527435E+04,9.99842045E+03,9.00000000E+04,1.00000000E+04,7.76992649E+06,1.63110215E+09
1.10000000E+01,1.00000000E+00,1.04000000E-01,1.39977867E+08,1.07047682E+04,5.94865145E+04,-0.00000000E+00,-0.00000000E+00,-1.18028608E-32,-1.32127252E-33,4.96539914E+07,4.51377147E+06,4.96617809E-03,4.51447964E-04,-4.97325453E+07,-4.52137081E+06,-3.83301452E-02,-2.29021167E-02,-0.00000000E+00,-0.00000000E+00,1.65104853E-38,1.65750497E-39,-0.00000000E+00,-0.00000000E+00,1.65104853E-38,1.65750497E-39,-2.48042761E+04,-2.39962059E+03,-6.02471824E+02,-7.00122893E+01,1.03351164E+05,9.99842042E+03,1.00000000E+05,1.00000000E+04,7.76992646E+06,1.63110215E+09
1.20000000E+01,1.00000000E+00,2.32000000E-01,1.39977867E+08,1.07055338E+04,6.61460582E+04,-0.00000000E+00,-0.00000000E+00,-1.31241972E-32,-1.32136701E-33,5.41677684E+07,4.51377700E+06,5.41762660E-03,4.51448517E-04,-5.42539216E+07,-4.52137631E+06,-6.61700000E-02,-3.08648892E-02,-0.00000000E+00,-0.00000000E+00,1.81680131E-38,1.65753861E-39,-0.00000000E+00,-0.00000000E+00,1.81680131E-38,1.65753861E-39,-2.72038967E+04,-2.39962058E+03,-6.72484134E+02,-7.00123138E+01,1.13349584E+05,9.99842039E+03,1.10000000E+05,1.00000000E+04,7.76992644E+06,1.63110215E+09
1.30000000E+01,1.00000000E+00,2.32000000E-01,1.39977866E+08,1.07058582E+04,7.28058931E+04,-0.00000000E+00,-0.00000000E+00,-1.44455912E-32,-1.32140706E-33,5.86815507E+07,4.51378231E+06,5.86907565E-03,4.51449050E-04,-5.87753032E+07,-4.52138160E+06,-1.01086316E-01,-3.72819593E-02,-0.00000000E+00,-0.00000000E+00,1.98255611E-38,1.65755243E-39,-0.00000000E+00,-0.00000000E+00,1.98255611E-38,1.65755243E-39,-2.96035173E+04,-2.39962057E+03,-7.42496467E+02,-7.00123369E+01,1.23348005E+05,9.99842037E+03,1.20000000E+05,1.00000000E+04,7.76992641E+06,1.63110215E+09
1.40000000E+01,1.00000000E+00,2.32000000E-01,1.39977866E+08,1.07059944E+04,7.94658506E+04,-0.00000000E+00,-0.00000000E+00,-1.57670097E-32,-1.32142386E-33,6.31953381E+07,4.51378743E+06,6.32052522E-03,4.51449564E-04,-6.32966900E+07,-4.52138671E+06,-1.41277773E-01,-4.18248589E-02,-0.00000000E+00,-0.00000000E+00,2.14831173E-38,1.65755807E-39,-0.00000000E+00,-0.00000000E+00,2.14831173E-38,1.65755807E-39,-3.20031378E+04,-2.39962057E+03,-8.12508823E+02,-7.00123590E+01,1.33346425E+05,9.99842034E+03,1.30000000E+05,1.00000000E+04,7.76992638E+06,1.63110215E+09
1.50000000E+01,1.00000000E+00,2.32000000E-01,1.39977865E+08,1.07060486E+04,8.61258607E+04,-0.00000000E+00,-0.00000000E+00,-1.70884385E-32,-1.32143055E-33,6.77091305E+07,4.51379239E+06,6.77197528E-03,4.51450061E-04,-6.78180816E+07,-4.52139165E+06,-1.85127054E-01,-4.46237117E-02,-0.00000000E+00,-0.00000000E+00,2.31406770E-38,1.65756026E-39,-0.00000000E+00,-0.00000000E+00,2.31406770E-38,1.65756026E-39,-3.44027584E+04,-2.39962056E+03,-8.82521199E+02,-7.00123786E+01,1.43344845E+05,9.99842031E+03,1.40000000E+05,1.00000000E+04,7.76992636E+06,1.63110215E+09
1.60000000E+01,1.00000000E+00,2.32000000E-01,1.39977865E+08,1.07060718E+04,9.27858902E+04,-0.00000000E+00,-0.00000000E+00,-1.84098712E-32,-1.32143342E-33,7.22229277E+07,4.51379720E+06,7.22342582E-03,4.51450543E-04,-7.23394781E+07,-4.52139644E+06,-2.30946856E-01,-4.62668629E-02,-0.00000000E+00,-0.00000000E+00,2.47982380E-38,1.65756117E-39,-0.00000000E+00,-0.00000000E+00,2.47982380E-38,1.65756117E-39,-3.68023790E+04,-2.39962055E+03,-9.52533596E+02,-7.00123995E+01,1.53343266E+05,9.99842029E+03,1.50000000E+05,1.00000000E+04,7.76992633E+06,1.63110215E+09
1.70000000E+01,1.00000000E+00,2.32000000E-01,1.39977864E+08,1.07060817E+04,9.94459280E+04,-0.00000000E+00,-0.00000000E+00,-1.97313055E-32,-1.32143464E-33,7.67367296E+07,4.51380188E+06,7.67487683E-03,4.51451013E-04,-7.68608792E+07,-4.52140112E+06,-2.77881632E-01,-4.71793489E-02,-0.00000000E+00,-0.00000000E+00,2.64557994E-38,1.65756153E-39,-0.00000000E+00,-0.00000000E+00,2.64557994E-38,1.65756153E-39,-3.92019995E+04,-2.39962055E+03,-1.02254601E+03,-7.00124197E+01,1.63341686E+05,9.99842027E+03,1.60000000E+05,1.00000000E+04,7.76992631E+06,1.63110215E+09
1.80000000E+01,1.00000000E+00,2.32000000E-01,1.39977864E+08,1.07060857E+04,1.06105969E+05,-0.00000000E+00,-0.00000000E+00,-2.10527405E-32,-1.32143514E-33,8.12505361E+07,4.51380646E+06,8.12632831E-03,4.51451472E-04,-8.13822849E+07,-4.52140569E+06,-3.25407540E-01,-4.76519946E-02,-0.00000000E+00,-0.00000000E+00,2.81133610E-38,1.65756165E-39,-0.00000000E+00,-0.00000000E+00,2.81133610E-38,1.65756165E-39,-4.16016201E+04,-2.39962054E+03,-1.09255845E+03,-7.00124392E+01,1.73340106E+05,9.99842024E+03,1.70000000E+05,1.00000000E+04,7.76992628E+06,1.63110215E+09
1.90000000E+01,1.00000000E+00,2.32000000E-01,1.39977863E+08,1.07060874E+04,1.12766012E+05,-0.00000000E+00,-0.00000000E+00,-2.23741758E-32,-1.32143535E-33,8.57643470E+07,4.51381096E+06,8.57778023E-03,4.51451923E-04,-8.59036950E+07,-4.52141018E+06,-3.73233230E-01,-4.78878299E-02,-0.00000000E+00,-0.00000000E+00,2.97709227E-38,1.65756167E-39,-0.00000000E+00,-0.00000000E+00,2.97709227E-38,1.65756167E-39,-4.40012406E+04,-2.39962054E+03,-1.16257091E+03,-7.00124582E+01,1.83338526E+05,9.99842022E+03,1.80000000E+05,1.00000000E+04,7.76992626E+06,1.63110215E+09
2.00000000E+01,1.00000000E+00,2.32000000E-01,1.39977863E+08,1.07060881E+04,1.19426055E+05,-0.00000000E+00,-0.00000000E+00,-2.36956112E-32,-1.32143543E-33,9.02781624E+07,4.51381539E+06,9.02923260E-03,4.51452368E-04,-9.04251096E+07,-4.52141460E+06,-4.21204237E-01,-4.80003258E-02,-0.00000000E+00,-0.00000000E+00,3.14284844E-38,1.65756165E-39,-0.00000000E+00,-0.00000000E+00,3.14284844E-38,1.65756165E-39,-4.64008611E+04,-2.39962053E+03,-1.23258338E+03,-7.00124768E+01,1.93336947E+05,9.99842019E+03,1.90000000E+05,1.00000000E+04,7.76992624E+06,1.63110215E+09
2.10000000E+01,1.00000000E+00,2.32000000E-01,1.39977863E+08,1.07060883E+04,1.26086098E+05,-0.00000000E+00,-0.00000000E+00,-2.50170467E-32,-1.32143546E-33,9.47919822E+07,4.51381978E+06,9.48068540E-03,4.51452807E-04,-9.49465286E+07,-4.52141898E+06,-4.69242866E-01,-4.80519572E-02,-0.00000000E+00,-0.00000000E+00,3.30860460E-38,1.65756162E-39,-0.00000000E+00,-0.00000000E+00,3.30860460E-38,1.65756162E-39,-4.88004816E+04,-2.39962052E+03,-1.30259587E+03,-7.00124953E+01,2.03335367E+05,9.99842017E+03,2.00000000E+05,1.00000000E+04,7.76992622E+06,1.63110215E+09
2.20000000E+01,1.00000000E+00,2.32000000E-01,1.39977862E+08,1.07060884E+04,1.32746142E+05,-0.00000000E+00,-0.00000000E+00,-2.63384822E-32,-1.32143547E-33,9.93058063E+07,4.51382412E+06,9.93213865E-03,4.51453243E-04,-9.94679519E+07,-4.52142332E+06,-5.17311912E-01,-4.80749291E-02,-0.00000000E+00,-0.00000000E+00,3.47436076E-38,1.65756157E-39,-0.00000000E+00,-0.00000000E+00,3.47436076E-38,1.65756157E-39,-5.12001022E+04,-2.39962052E+03,-1.37260838E+03,-7.00125135E+01,2.13333787E+05,9.99842014E+03,2.10000000E+05,1.00000000E+04,7.76992619E+06,1.63110215E+09
2.30000000E+01,1.00000000E+00,2.32000000E-01,1.39977862E+08,1.07060884E+04,1.39406185E+05,-0.00000000E+00,-0.00000000E+00,-2.76599176E-32,-1.32143547E-33,1.03819635E+08,4.51382843E+06,1.03835923E-02,4.51453675E-04,-1.03989380E+08,-4.52142762E+06,-5.65394312E-01,-4.80849520E-02,-0.00000000E+00,-0.00000000E+00,3.64011691E-38,1.65756152E-39,-0.00000000E+00,-0.00000000E+00,3.64011691E-38,1.65756152E-39,-5.35997227E+04,-2.39962051E+03,-1.44262091E+03,-7.00125316E+01,2.23332207E+05,9.99842012E+03,2.20000000E+05,1.00000000E+04,7.76992617E+06,1.63110215E+09
2.40000000E+01,1.00000000E+00,2.32000000E-01,1.39977861E+08,1.07060884E+04,1.46066229E+05,-0.00000000E+00,-0.00000000E+00,-2.89813531E-32,-1.32143547E-33,1.08333467E+08,4.51383272E+06,1.08350464E-02,4.51454105E-04,-1.08510811E+08,-4.52143191E+06,-6.13482532E-01,-4.80893347E-02,-0.00000000E+00,-0.00000000E+00,3.80587306E-38,1.65756147E-39,-0.00000000E+00,-0.00000000E+00,3.80587306E-38,1.65756147E-39,-5.59993432E+04,-2.39962051E+03,-1.51263346E+03,-7.00125496E+01,2.33330627E+05,9.99842010E+03,2.30000000E+05,1.00000000E+04,7.76992615E+06,1.63110215E+09
2.50000000E+01,1.00000000E+00,2.32000000E-01,1.39977861E+08,1.07060884E+04,1.52726272E+05,-0.00000000E+00,-0.00000000E+00,-3.03027886E-32,-1.32143547E-33,1.12847304E+08,4.51383699E+06,1.12865010E-02,4.51454534E-04,-1.13032248E+08,-4.52143618E+06,-6.61573359E-01,-4.80913398E-02,-0.00000000E+00,-0.00000000E+00,3.97162920E-38,1.65756142E-39,-0.00000000E+00,-0.00000000E+00,3.97162920E-38,1.65756142E-39,-5.83989637E+04,-2.39962050E+03,-1.58264603E+03,-7.00125676E+01,2.43329047E+05,9.99842007E+03,2.40000000E+05,1.00000000E+04,7.76992613E+06,1.63110215E+09
2.60000000E+01,1.00000000E+00,2.32000000E-01,1.39977861E+08,1.07060884E+04,1.59386316E+05,-0.00000000E+00,-0.00000000E+00,-3.16242240E-32,-1.32143547E-33,1.17361146E+08,4.51384125E+06,1.17379559E-02,4.51454961E-04,-1.17553688E+08,-4.52144044E+06,-7.09665462E-01,-4.80923712E-02,-0.00000000E+00,-0.00000000E+00,4.13738534E-38,1.65756138E-39,-0.00000000E+00,-0.00000000E+00,4.13738534E-38,1.65756138E-39,-6.07985842E+04,-2.39962049E+03,-1.65265861E+03,-7.00125855E+01,2.53327467E+05,9.99842005E+03,2.50000000E+05,1.00000000E+04,7.76992611E+06,1.63110215E+09
2.70000000E+01,1.00000000E+00,2.32000000E-01,1.39977860E+08,1.07060884E+04,1.66046359E+05,-0.00000000E+00,-0.00000000E+00,-3.29456595E-32,-1.32143546E-33,1.21874991E+08,4.51384549E+06,1.21894113E-02,4.51455387E-04,-1.22075133E+08,-4.52144469E+06,-7.57758304E-01,-4.80930137E-02,-0.00000000E+00,-0.00000000E+00,4.30314147E-38,1.65756133E-39,-0.00000000E+00,-0.00000000E+00,4.30314147E-38,1.65756133E-39,-6.31982047E+04,-2.39962049E+03,-1.72267121E+03,-7.00126034E+01,2.63325887E+05,9.99842002E+03,2.60000000E+05,1.00000000E+04,7.76992608E+06,1.63110215E+09
2.80000000E+01,1.00000000E+00,2.32000000E-01,1.39977860E+08,1.07060883E+04,1.72706402E+05,-0.00000000E+00,-0.00000000E+00,-3.42670949E-32,-1.32143546E-33,1.26388841E+08,4.51384974E+06,1.26408671E-02,4.51455813E-04,-1.26596582E+08,-4.52144893E+06,-8.05851674E-01,-4.80935040E-02,-0.00000000E+00,-0.00000000E+00,4.46889760E-38,1.65756128E-39,-0.00000000E+00,-0.00000000E+00,4.46889760E-38,1.65756128E-39,-6.55978251E+04,-2.39962048E+03,-1.79268383E+03,-7.00126212E+01,2.73324307E+05,9.99842000E+03,2.70000000E+05,1.00000000E+04,7.76992606E+06,1.63110215E+09
2.90000000E+01,1.00000000E+00,2.32000000E-01,1.39977859E+08,1.07060883E+04,1.79366446E+05,-0.00000000E+00,-0.00000000E+00,-3.55885304E-32,-1.32143546E-33,1.30902695E+08,4.51385397E+06,1.30923234E-02,4.51456238E-04,-1.31118035E+08,-4.52145316E+06,-8.53945490E-01,-4.80939352E-02,-0.00000000E+00,-0.00000000E+00,4.63465373E-38,1.65756123E-39,-0.00000000E+00,-0.00000000E+00,4.63465373E-38,1.65756123E-39,-6.79974456E+04,-2.39962048E+03,-1.86269647E+03,-7.00126391E+01,2.83322727E+05,9.99841997E+03,2.80000000E+05,1.00000000E+04,7.76992604E+06,1.63110215E+09
3.00000000E+01,1.00000000E+00,2.32000000E-01,1.39977859E+08,1.07060883E+04,1.86026489E+05,-0.00000000E+00,-0.00000000E+00,-3.69099659E-32,-1.32143546E-33,1.35416553E+08,4.51385820E+06,1.35437800E-02,4.51456662E-04,-1.35639492E+08,-4.52145739E+06,-9.02039721E-01,-4.80943437E-02,-0.00000000E+00,-0.00000000E+00,4.80040985E-38,1.65756118E-39,-0.00000000E+00,-0.00000000E+00,4.80040985E-38,1.65756118E-39,-7.03970661E+04,-2.39962047E+03,-1.93270912E+03,-7.00126569E+01,2.93321147E+05,9.99841995E+03,2.90000000E+05,1.00000000E+04,7.76992602E+06,1.63110215E+09
3.10000000E+01,1.00000000E+00,2.32000000E-01,1.39977859E+08,1.07060883E+04,1.92686533E+05,-0.00000000E+00,-0.00000000E+00,-3.82314013E-32,-1.32143545E-33,1.39930416E+08,4.51386243E+06,1.39952371E-02,4.51457086E-04,-1.40160954E+08,-4.52146162E+06,-9.50134353E-01,-4.80947431E-02,-0.00000000E+00,-0.00000000E+00,4.96616596E-38,1.65756114E-39,-0.00000000E+00,-0.00000000E+00,4.96616596E-38,1.65756114E-39,-7.27966866E+04,-2.39962047E+03,-2.00272180E+03,-7.00126747E+01,3.03319567E+05,9.99841993E+03,3.00000000E+05,1.00000000E+04,7.76992600E+06,1.63110215E+09
3.20000000E+01,1.00000000E+00,2.32000000E-01,1.39977858E+08,1.07060883E+04,1.99346576E+05,-0.00000000E+00,-0.00000000E+00,-3.95528368E-32,-1.32143545E-33,1.44444282E+08,4.51386665E+06,1.44466946E-02,4.51457510E-04,-1.44682420E+08,-4.52146584E+06,-9.98229381E-01,-4.80951387E-02,-0.00000000E+00,-0.00000000E+00,5.13192207E-38,1.65756109E-39,-0.00000000E+00,-0.00000000E+00,5.13192207E-38,1.65756109E-39,-7.51963070E+04,-2.39962046E+03,-2.07273449E+03,-7.00126926E+01,3.13317987E+05,9.99841990E+03,3.10000000E+05,1.00000000E+04,7.76992598E+06,1.63110215E+09
3.30000000E+01,1.00000000E+00,2.32000000E-01,1.39977858E+08,1.07060882E+04,2.06006619E+05,-0.00000000E+00,-0.00000000E+00,-4.08742722E-32,-1.32143545E-33,1.48958153E+08,4.51387087E+06,1.48981526E-02,4.51457933E-04,-1.49203890E+08,-4.52147006E+06,-1.04632480E+00,-4.80955326E-02,-0.00000000E+00,-0.00000000E+00,5.29767818E-38,1.65756104E-39,-0.00000000E+00,-0.00000000E+00,5.29767818E-38,1.65756104E-39,-7.75959275E+04,-2.39962045E+03,-2.14274719E+03,-7.00127104E+01,3.23316407E+05,9.99841988E+03,3.20000000E+05,1.00000000E+04,7.76992595E+06,1.63110215E+09
3.40000000E+01,1.00000000E+00,2.32000000E-01,1.39977857E+08,1.07060882E+04,2.12666663E+05,-0.00000000E+00,-0.00000000E+00,-4.21957077E-32,-1.32143545E-33,1.53472028E+08,4.51387509E+06,1.53496109E-02,4.51458356E-04,-1.53725364E+08,-4.52147428E+06,-1.09442062E+00,-4.80959255E-02,-0.00000000E+00,-0.00000000E+00,5.46343428E-38,1.65756100E-39,-0.00000000E+00,-0.00000000E+00,5.46343428E-38,1.65756100E-39,-7.99955479E+04,-2.39962045E+03,-2.21275992E+03,-7.00127282E+01,3.33314827E+05,9.99841985E+03,3.30000000E+05,1.00000000E+04,7.76992593E+06,1.63110215E+09
3.50000000E+01,1.00000000E+00,2.32000000E-01,1.39977857E+08,1.07060882E+04,2.19326706E+05,-0.00000000E+00,-0.00000000E+00,-4.35171431E-32,-1.32143544E-33,1.57985907E+08,4.51387930E+06,1.58010697E-02,4.51458779E-04,-1.58246843E+08,-4.52147849E+06,-1.14251683E+00,-4.80963178E-02,-0.00000000E+00,-0.00000000E+00,5.62919037E-38,1.65756095E-39,-0.00000000E+00,-0.00000000E+00,5.62919037E-38,1.65756095E-39,-8.23951684E+04,-2.39962044E+03,-2.28277266E+03,-7.00127460E+01,3.43313247E+05,9.99841983E+03,3.40000000E+05,1.00000000E+04,7.76992591E+06,1.63110215E+09
3.60000000E+01,1.00000000E+00,2.32000000E-01,1.39977857E+08,1.07060882E+04,2.25986750E+05,-0.00000000E+00,-0.00000000E+00,-4.48385786E-32,-1.32143544E-33,1.62499791E+08,4.51388351E+06,1.62525289E-02,4.51459201E-04,-1.62768325E+08,-4.52148270E+06,-1.19061343E+00,-4.80967098E-02,-0.00000000E+00,-0.00000000E+00,5.79494647E-38,1.65756090E-39,-0.00000000E+00,-0.00000000E+00,5.79494647E-38,1.65756090E-39,-8.47947888E+04,-2.39962044E+03,-2.35278543E+03,-7.00127638E+01,3.53311666E+05,9.99841980E+03,3.50000000E+05,1.00000000E+04,7.76992589E+06,1.63110215E+09
3.70000000E+01,1.00000000E+00,2.32000000E-01,1.39977856E+08,1.07060882E+04,2.32646793E+05,-0.00000000E+00,-0.00000000E+00,-4.61600140E-32,-1.32143544E-33,1.67013679E+08,4.51388772E+06,1.67039885E-02,4.51459623E-04,-1.67289812E+08,-4.52148691E+06,-1.23871043E+00,-4.80971047E-02,-0.00000000E+00,-0.00000000E+00,5.96070255E-38,1.65756086E-39,-0.00000000E+00,-0.00000000E+00,5.96070255E-38,1.65756086E-39,-8.71944092E+04,-2.39962043E+03,-2.42279820E+03,-7.00127815E+01,3.63310086E+05,9.99841978E+03,3.60000000E+05,1.00000000E+04,7.76992587E+06,1.63110215E+09
3.80000000E+01,1.00000000E+00,2.32000000E-01,1.39977856E+08,1.07060881E+04,2.39306836E+05,-0.00000000E+00,-0.00000000E+00,-4.74814494E-32,-1.32143544E-33,1.71527571E+08,4.51389193E+06,1.71554486E-02,4.51460045E-04,-1.71811303E+08,-4.52149111E+06,-1.28680782E+00,-4.80974991E-02,-0.00000000E+00,-0.00000000E+00,6.12645864E-38,1.65756081E-39,-0.00000000E+00,-0.00000000E+00,6.12645864E-38,1.65756081E-39,-8.95940296E+04,-2.39962042E+03,-2.49281100E+03,-7.00127993E+01,3.73308506E+05,9.99841976E+03,3.70000000E+05,1.00000000E+04,7.76992585E+06,1.63110215E+09
3.90000000E+01,1.00000000E+00,2.32000000E-01,1.39977856E+08,1.07060881E+04,2.45966879E+05,-0.00000000E+00,-0.00000000E+00,-4.88028849E-32,-1.32143543E-33,1.76041467E+08,4.51389613E+06,1.76069090E-02,4.51460466E-04,-1.76332799E+08,-4.52149531E+06,-1.33490560E+00,-4.80978928E-02,-0.00000000E+00,-0.00000000E+00,6.29221471E-38,1.65756077E-39,-0.00000000E+00,-0.00000000E+00,6.29221471E-38,1.65756077E-39,-9.19936501E+04,-2.39962042E+03,-2.56282382E+03,-7.00128170E+01,3.83306926E+05,9.99841973E+03,3.80000000E+05,1.00000000E+04,7.76992582E+06,1.63110215E+09
4.00000000E+01,1.00000000E+00,2.32000000E-01,1.39977855E+08,1.07060881E+04,2.52626923E+05,-0.00000000E+00,-0.00000000E+00,-5.01243203E-32,-1.32143543E-33,1.80555367E+08,4.51390033E+06,1.80583699E-02,4.51460887E-04,-1.80854298E+08,-4.52149951E+06,-1.38300378E+00,-4.80982860E-02,-0.00000000E+00,-0.00000000E+00,6.45797079E-38,1.65756072E-39,-0.00000000E+00,-0.00000000E+00,6.45797079E-38,1.65756072E-39,-9.43932705E+04,-2.39962041E+03,-2.63283665E+03,-7.00128348E+01,3.93305345E+05,9.99841971E+03,3.90000000E+05,1.00000000E+04,7.76992580E+06,1.63110215E+09
4.10000000E+01,1.00000000E+00,2.32000000E-01,1.39977855E+08,1.07060881E+04,2.59286966E+05,-0.00000000E+00,-0.00000000E+00,-5.14457557E-32,-1.32143543E-33,1.85069272E+08,4.51390452E+06,1.85098312E-02,4.51461308E-04,-1.85375802E+08,-4.52150371E+06,-1.43110235E+00,-4.80986786E-02,-0.00000000E+00,-0.00000000E+00,6.62372686E-38,1.65756068E-39,-0.00000000E+00,-0.00000000E+00,6.62372686E-38,1.65756068E-39,-9.67928909E+04,-2.39962041E+03,-2.70284950E+03,-7.00128526E+01,4.03303765E+05,9.99841968E+03,4.00000000E+05,1.00000000E+04,7.76992578E+06,1.63110215E+09
4.20000000E+01,1.00000000E+00,2.32000000E-01,1.39977854E+08,1.07060881E+04,2.65947009E+05,-0.00000000E+00,-0.00000000E+00,-5.27671912E-32,-1.32143543E-33,1.89583180E+08,4.51390871E+06,1.89612929E-02,4.51461729E-04,-1.89897310E+08,-4.52150790E+06,-1.47920131E+00,-4.80990707E-02,-0.00000000E+00,-0.00000000E+00,6.78948292E-38,1.65756063E-39,-0.00000000E+00,-0.00000000E+00,6.78948292E-38,1.65756063E-39,-9.91925113E+04,-2.39962040E+03,-2.77286237E+03,-7.00128704E+01,4.13302185E+05,9.99841966E+03,4.10000000E+05,1.00000000E+04,7.76992576E+06,1.63110215E+09
4.30000000E+01,1.00000000E+00,2.32000000E-01,1.39977854E+08,1.07060880E+04,2.72607053E+05,-0.00000000E+00,-0.00000000E+00,-5.40886266E-32,-1.32143542E-33,1.94097093E+08,4.51391290E+06,1.94127551E-02,4.51462149E-04,-1.94418822E+08,-4.52151209E+06,-1.52730066E+00,-4.80994624E-02,-0.00000000E+00,-0.00000000E+00,6.95523898E-38,1.65756059E-39,-0.00000000E+00,-0.00000000E+00,6.95523898E-38,1.65756059E-39,-1.01592132E+05,-2.39962039E+03,-2.84287525E+03,-7.00128881E+01,4.23300604E+05,9.99841963E+03,4.20000000E+05,1.00000000E+04,7.76992574E+06,1.63110215E+09
4.40000000E+01,1.00000000E+00,2.32000000E-01,1.39977854E+08,1.07060880E+04,2.79267096E+05,-0.00000000E+00,-0.00000000E+00,-5.54100620E-32,-1.32143542E-33,1.98611010E+08,4.51391709E+06,1.98642177E-02,4.51462569E-04,-1.98940338E+08,-4.52151628E+06,-1.57540041E+00,-4.80998536E-02,-0.00000000E+00,-0.00000000E+00,7.12099504E-38,1.65756055E-39,-0.00000000E+00,-0.00000000E+00,7.12099504E-38,1.65756055E-39,-1.03991752E+05,-2.39962039E+03,-2.91288816E+03,-7.00129059E+01,4.33299024E+05,9.99841961E+03,4.30000000E+05,1.00000000E+04,7.76992572E+06,1.63110215E+09
4.50000000E+01,1.00000000E+00,2.32000000E-01,1.39977853E+08,1.07060880E+04,2.85927139E+05,-0.00000000E+00,-0.00000000E+00,-5.67314974E-32,-1.32143542E-33,2.03124932E+08,4.51392128E+06,2.03156807E-02,4.51462989E-04,-2.03461859E+08,-4.52152046E+06,-1.62350055E+00,-4.81002445E-02,-0.00000000E+00,-0.00000000E+00,7.28675109E-38,1.65756050E-39,-0.00000000E+00,-0.00000000E+00,7.28675109E-38,1.65756050E-39,-1.06391372E+05,-2.39962038E+03,-2.98290108E+03,-7.00129236E+01,4.43297443E+05,9.99841959E+03,4.40000000E+05,1.00000000E+04,7.76992570E+06,1.63110215E+09
4.60000000E+01,1.00000000E+00,2.32000000E-01,1.39977853E+08,1.07060880E+04,2.92587182E+05,-0.00000000E+00,-0.00000000E+00,-5.80529328E-32,-1.32143542E-33,2.07638857E+08,4.51392546E+06,2.07671441E-02,4.51463409E-04,-2.07983383E+08,-4.52152464E+06,-1.67160107E+00,-4.81006352E-02,-0.00000000E+00,-0.00000000E+00,7.45250713E-38,1.65756046E-39,-0.00000000E+00,-0.00000000E+00,7.45250713E-38,1.65756046E-39,-1.08790993E+05,-2.39962038E+03,-3.05291402E+03,-7.00129414E+01,4.53295863E+05,9.99841956E+03,4.50000000E+05,1.00000000E+04,7.76992567E+06,1.63110215E+09
4.70000000E+01,1.00000000E+00,2.32000000E-01,1.39977852E+08,1.07060880E+04,2.99247225E+05,-0.00000000E+00,-0.00000000E+00,-5.93743683E-32,-1.32143541E-33,2.12152787E+08,4.51392964E+06,2.12186079E-02,4.51463828E-04,-2.12504912E+08,-4.52152882E+06,-1.71970199E+00,-4.81010256E-02,-0.00000000E+00,-0.00000000E+00,7.61826318E-38,1.65756042E-39,-0.00000000E+00,-0.00000000E+00,7.61826318E-38,1.65756042E-39,-1.11190613E+05,-2.39962037E+03,-3.12292698E+03,-7.00129591E+01,4.63294283E+05,9.99841954E+03,4.60000000E+05,1.00000000E+04,7.76992565E+06,1.63110215E+09
4.80000000E+01,1.00000000E+00,2.32000000E-01,1.39977852E+08,1.07060879E+04,3.05907269E+05,-0.00000000E+00,-0.00000000E+00,-6.06958037E-32,-1.32143541E-33,2.16666720E+08,4.51393381E+06,2.16700721E-02,4.51464247E-04,-2.17026445E+08,-4.52153300E+06,-1.76780330E+00,-4.81014159E-02,-0.00000000E+00,-0.00000000E+00,7.78401922E-38,1.65756037E-39,-0.00000000E+00,-0.00000000E+00,7.78401922E-38,1.65756037E-39,-1.13590234E+05,-2.39962037E+03,-3.19293995E+03,-7.00129769E+01,4.73292702E+05,9.99841951E+03,4.70000000E+05,1.00000000E+04,7.76992563E+06,1.63110215E+09
4.90000000E+01,1.00000000E+00,2.32000000E-01,1.39977852E+08,1.07060879E+04,3.12567312E+05,-0.00000000E+00,-0.00000000E+00,-6.20172391E-32,-1.32143541E-33,2.21180658E+08,4.51393799E+06,2.21215368E-02,4.51464665E-04,-2.21547982E+08,-4.52153717E+06,-1.81590500E+00,-4.81018061E-02,-0.00000000E+00,-0.00000000E+00,7.94977525E-38,1.65756033E-39,-0.00000000E+00,-0.00000000E+00,7.94977525E-38,1.65756033E-39,-1.15989854E+05,-2.39962036E+03,-3.26295294E+03,-7.00129946E+01,4.83291122E+05,9.99841949E+03,4.80000000E+05,1.00000000E+04,7.76992561E+06,1.63110215E+09
5.00000000E+01,1.00000000E+00,2.32000000E-01,1.39977851E+08,1.07060879E+04,3.19227355E+05,-0.00000000E+00,-0.00000000E+00,-6.33386745E-32,-1.32143541E-33,2.25694601E+08,4.51394216E+06,2.25730019E-02,4.51465084E-04,-2.26069523E+08,-4.52154134E+06,-1.86400709E+00,-4.81021961E-02,-0.00000000E+00,-0.00000000E+00,8.11553128E-38,1.65756029E-39,-0.00000000E+00,-0.00000000E+00,8.11553128E-38,1.65756029E-39,-1.18389474E+05,-2.39962035E+03,-3.33296595E+03,-7.00130124E+01,4.93289541E+05,9.99841946E+03,4.90000000E+05,1.00000000E+04,7.76992559E+06,1.63110215E+09
