Time [d],dt_flow [d],dt_tran [d],Global Water Mass in Liquid Phas [kg],Global Vaq [mol],Global Vim [mol],Top Water Mass [kg],Top Water Mass [kg/d],Top Vaq [mol],Top Vaq [mol/d],Right Water Mass [kg],Right Water Mass [kg/d],Right Vaq [mol],Right Vaq [mol/d],Left Water Mass [kg],Left Water Mass [kg/d],Left Vaq [mol],Left Vaq [mol/d],North Water Mass [kg],North Water Mass [kg/d],North Vaq [mol],North Vaq [mol/d],South Water Mass [kg],South Water Mass [kg/d],South Vaq [mol],South Vaq [mol/d],ExtractWell Water Mass [kg],ExtractWell Water Mass [kg/d],ExtractWell Vaq [mol],ExtractWell Vaq [mol/d],InjectWell Water Mass [kg],InjectWell Water Mass [kg/d],InjectWell Vaq [mol],InjectWell Vaq [mol/d],Region Region__all Water Mass [kg],Region Region__all Total Mass [kg]
1.00000000E+00,4.89000000E-01,9.00000000E-03,1.39977761E+08,5.69635458E-03,5.64546086E-03,-0.00000000E+00,-0.00000000E+00,6.15805374E-40,1.02490709E-39,1.50460649E+06,1.50385343E+06,1.50484493E-04,1.50409175E-04,-1.50716543E+06,-1.50773646E+06,-9.68352702E-05,-6.09397061E-05,-0.00000000E+00,-0.00000000E+00,6.11985176E-40,1.01855508E-39,-0.00000000E+00,-0.00000000E+00,6.11985176E-40,1.01855508E-39,-8.08069219E+02,-1.22620519E+03,-4.49603623E-08,-4.95683680E-08,3.36695522E+03,5.10918851E+03,3.36749000E-07,5.11000000E-07,7.76992059E+06,1.63109144E+09
2.00000000E+00,4.88000000E-01,8.00000000E-03,1.39977761E+08,6.46932780E+03,2.36761870E+03,-0.00000000E+00,-0.00000000E+00,-4.69762151E-34,-7.98498160E-34,3.00634654E+06,1.50174011E+06,3.00682296E-04,1.50197809E-04,-3.01650432E+06,-1.50933899E+06,-1.36304243E-04,-2.43968439E-05,-0.00000000E+00,-0.00000000E+00,1.87224259E-39,1.42882620E-39,-0.00000000E+00,-0.00000000E+00,1.87224259E-39,1.42882620E-39,-3.20768798E+03,-2.39961876E+03,-6.32713609E-01,-2.31101864E+00,1.33653672E+04,9.99841196E+03,1.00000000E+04,1.00000000E+04,7.76992059E+06,1.63109791E+09
3.00000000E+00,1.00000000E+00,5.60000000E-02,1.39977761E+08,9.03803567E+03,7.34744015E+03,-0.00000000E+00,-0.00000000E+00,-1.45782024E-33,-1.11555010E-33,4.50808695E+06,1.50174041E+06,4.50880135E-04,1.50197839E-04,-4.52584361E+06,-1.50933929E+06,-1.52000759E-04,-9.83826716E-06,-0.00000000E+00,-0.00000000E+00,3.39767173E-39,1.59024805E-39,-0.00000000E+00,-0.00000000E+00,3.39767172E-39,1.59024805E-39,-5.60730675E+03,-2.39961876E+03,-7.14952126E+00,-1.08275049E+01,2.33637791E+04,9.99841195E+03,2.00000000E+04,1.00000000E+04,7.76992058E+06,1.63110048E+09
4.00000000E+00,1.00000000E+00,4.00000000E-02,1.39977761E+08,1.00664914E+04,1.33544482E+04,-0.00000000E+00,-0.00000000E+00,-2.64968519E-33,-1.24249093E-33,6.00982766E+06,1.50174071E+06,6.01078004E-04,1.50197869E-04,-6.03518320E+06,-1.50933959E+06,-1.58319346E-04,-3.97775407E-06,-0.00000000E+00,-0.00000000E+00,5.02658714E-39,1.65454138E-39,-0.00000000E+00,-0.00000000E+00,5.02658714E-39,1.65454138E-39,-8.00692551E+03,-2.39961876E+03,-2.24117239E+01,-1.87525925E+01,3.33621911E+04,9.99841195E+03,3.00000000E+04,1.00000000E+04,7.76992058E+06,1.63110151E+09
5.00000000E+00,1.00000000E+00,4.00000000E-02,1.39977761E+08,1.04785462E+04,1.97707730E+04,-0.00000000E+00,-0.00000000E+00,-3.92276377E-33,-1.29335026E-33,7.51156867E+06,1.50174101E+06,7.51275904E-04,1.50197899E-04,-7.54452308E+06,-1.50933989E+06,-1.60874043E-04,-1.60826365E-06,-0.00000000E+00,-0.00000000E+00,6.69659669E-39,1.68026035E-39,-0.00000000E+00,-0.00000000E+00,6.69659669E-39,1.68026035E-39,-1.04065443E+04,-2.39961876E+03,-4.37951457E+01,-2.32407660E+01,4.33606030E+04,9.99841194E+03,4.00000000E+04,1.00000000E+04,7.76992057E+06,1.63110192E+09
6.00000000E+00,1.00000000E+00,4.00000000E-02,1.39977761E+08,1.06428558E+04,2.63512120E+04,-0.00000000E+00,-0.00000000E+00,-5.22840469E-33,-1.31363076E-33,9.01330997E+06,1.50174130E+06,9.01473833E-04,1.50197929E-04,-9.05386326E+06,-1.50934018E+06,-1.61904151E-04,-6.52834838E-07,-0.00000000E+00,-0.00000000E+00,8.38307386E-39,1.69051945E-39,-0.00000000E+00,-0.00000000E+00,8.38307386E-39,1.69051945E-39,-1.28061630E+04,-2.39961876E+03,-6.82339708E+01,-2.52197585E+01,5.33590150E+04,9.99841194E+03,5.00000000E+04,1.00000000E+04,7.76992057E+06,1.63110209E+09
7.00000000E+00,1.00000000E+00,4.00000000E-02,1.39977761E+08,1.07080837E+04,3.29972636E+04,-0.00000000E+00,-0.00000000E+00,-6.54706402E-33,-1.32168175E-33,1.05150516E+07,1.50174160E+06,1.05167179E-03,1.50197958E-04,-1.05632037E+07,-1.50934047E+06,-1.62317717E-04,-2.69251414E-07,-0.00000000E+00,-0.00000000E+00,1.00761381E-38,1.69459375E-39,-0.00000000E+00,-0.00000000E+00,1.00761381E-38,1.69459375E-39,-1.52057818E+04,-2.39961876E+03,-9.39277305E+01,-2.59688741E+01,6.33574269E+04,9.99841193E+03,6.00000000E+04,1.00000000E+04,7.76992057E+06,1.63110215E+09
8.00000000E+00,1.00000000E+00,4.00000000E-02,1.39977761E+08,1.07347241E+04,3.96688975E+04,-0.00000000E+00,-0.00000000E+00,-7.87079917E-33,-1.32496994E-33,1.20167935E+07,1.50174188E+06,1.20186978E-03,1.50197987E-04,-1.20725445E+07,-1.50934076E+06,-1.62488290E-04,-1.11057271E-07,-0.00000000E+00,-0.00000000E+00,1.17717704E-38,1.69625650E-39,-0.00000000E+00,-0.00000000E+00,1.17717704E-38,1.69625650E-39,-1.76054005E+04,-2.39961876E+03,-1.20066650E+02,-2.62352500E+01,7.33558388E+04,9.99841193E+03,7.00000000E+04,1.00000000E+04,7.76992056E+06,1.63110218E+09
9.00000000E+00,1.00000000E+00,4.00000000E-02,1.39977761E+08,1.07456217E+04,4.63509873E+04,-0.00000000E+00,-0.00000000E+00,-9.19660889E-33,-1.32631501E-33,1.35185356E+07,1.50174217E+06,1.35206779E-03,1.50198015E-04,-1.35818855E+07,-1.50934104E+06,-1.62558667E-04,-4.58519230E-08,-0.00000000E+00,-0.00000000E+00,1.34684507E-38,1.69693500E-39,-0.00000000E+00,-0.00000000E+00,1.34684507E-38,1.69693500E-39,-2.00050193E+04,-2.39961876E+03,-1.46359042E+02,-2.63241877E+01,8.33542508E+04,9.99841193E+03,8.00000000E+04,1.00000000E+04,7.76992056E+06,1.63110219E+09
1.00000000E+01,1.00000000E+00,4.00000000E-02,1.39977761E+08,1.07500413E+04,5.30373881E+04,-0.00000000E+00,-0.00000000E+00,-1.05232740E-32,-1.32686051E-33,1.50202781E+07,1.50174245E+06,1.50226584E-03,1.50198044E-04,-1.50912268E+07,-1.50934132E+06,-1.62587511E-04,-1.93728313E-08,-0.00000000E+00,-0.00000000E+00,1.51655617E-38,1.69720899E-39,-0.00000000E+00,-0.00000000E+00,1.51655617E-38,1.69720899E-39,-2.24046380E+04,-2.39961875E+03,-1.72701768E+02,-2.63521896E+01,9.33526627E+04,9.99841192E+03,9.00000000E+04,1.00000000E+04,7.76992055E+06,1.63110219E+09
1.10000000E+01,1.00000000E+00,2.32000000E-01,1.39977760E+08,1.07518470E+04,5.97255316E+04,-0.00000000E+00,-0.00000000E+00,-1.18502849E-32,-1.32708339E-33,1.65220208E+07,1.50174273E+06,1.65246391E-03,1.50198071E-04,-1.66005684E+07,-1.50934160E+06,-1.62599746E-04,-8.87534891E-09,-0.00000000E+00,-0.00000000E+00,1.68628458E-38,1.69732029E-39,-0.00000000E+00,-0.00000000E+00,1.68628458E-38,1.69732029E-39,-2.48042568E+04,-2.39961875E+03,-1.99059958E+02,-2.63608170E+01,1.03351075E+05,9.99841192E+03,1.00000000E+05,1.00000000E+04,7.76992055E+06,1.63110219E+09
1.20000000E+01,1.00000000E+00,2.32000000E-01,1.39977760E+08,1.07526198E+04,6.64143649E+04,-0.00000000E+00,-0.00000000E+00,-1.31774326E-32,-1.32717877E-33,1.80237638E+07,1.50174300E+06,1.80266201E-03,1.50198099E-04,-1.81099103E+07,-1.50934187E+06,-1.62605976E-04,-5.11384493E-09,-0.00000000E+00,-0.00000000E+00,1.85601981E-38,1.69736760E-39,-0.00000000E+00,-0.00000000E+00,1.85601981E-38,1.69736760E-39,-2.72038756E+04,-2.39961875E+03,-2.25422706E+02,-2.63635880E+01,1.13349487E+05,9.99841191E+03,1.10000000E+05,1.00000000E+04,7.76992054E+06,1.63110220E+09
1.30000000E+01,1.00000000E+00,2.32000000E-01,1.39977760E+08,1.07529508E+04,7.31034935E+04,-0.00000000E+00,-0.00000000E+00,-1.45046389E-32,-1.32721963E-33,1.95255071E+07,1.50174327E+06,1.95286013E-03,1.50198126E-04,-1.96192525E+07,-1.50934214E+06,-1.62610670E-04,-4.74682452E-09,-0.00000000E+00,-0.00000000E+00,2.02575792E-38,1.69738771E-39,-0.00000000E+00,-0.00000000E+00,2.02575792E-38,1.69738771E-39,-2.96034943E+04,-2.39961875E+03,-2.51786905E+02,-2.63644631E+01,1.23347898E+05,9.99841191E+03,1.20000000E+05,1.00000000E+04,7.76992054E+06,1.63110220E+09
1.40000000E+01,1.00000000E+00,3.60000000E-01,1.39977760E+08,1.07530906E+04,7.97927500E+04,-0.00000000E+00,-0.00000000E+00,-1.58318706E-32,-1.32723689E-33,2.10272506E+07,1.50174354E+06,2.10305829E-03,1.50198153E-04,-2.11285949E+07,-1.50934241E+06,-1.62616376E-04,-6.44165147E-09,-0.00000000E+00,-0.00000000E+00,2.19549728E-38,1.69739613E-39,-0.00000000E+00,-0.00000000E+00,2.19549728E-38,1.69739613E-39,-3.20031131E+04,-2.39961875E+03,-2.78151562E+02,-2.63647324E+01,1.33346310E+05,9.99841191E+03,1.30000000E+05,1.00000000E+04,7.76992054E+06,1.63110220E+09
1.50000000E+01,1.00000000E+00,2.32000000E-01,1.39977760E+08,1.07531503E+04,8.64820602E+04,-0.00000000E+00,-0.00000000E+00,-1.71591130E-32,-1.32724425E-33,2.25289944E+07,1.50174381E+06,2.25325647E-03,1.50198180E-04,-2.26379375E+07,-1.50934268E+06,-1.62625256E-04,-9.85613039E-09,-0.00000000E+00,-0.00000000E+00,2.36523716E-38,1.69739969E-39,-0.00000000E+00,-0.00000000E+00,2.36523716E-38,1.69739969E-39,-3.44027318E+04,-2.39961875E+03,-3.04516360E+02,-2.63648180E+01,1.43344722E+05,9.99841190E+03,1.40000000E+05,1.00000000E+04,7.76992053E+06,1.63110220E+09
1.60000000E+01,1.00000000E+00,2.32000000E-01,1.39977760E+08,1.07531771E+04,9.31713924E+04,-0.00000000E+00,-0.00000000E+00,-1.84863597E-32,-1.32724756E-33,2.40307385E+07,1.50174407E+06,2.40345467E-03,1.50198206E-04,-2.41472805E+07,-1.50934294E+06,-1.62637279E-04,-1.32569323E-08,-0.00000000E+00,-0.00000000E+00,2.53497725E-38,1.69740127E-39,-0.00000000E+00,-0.00000000E+00,2.53497725E-38,1.69740127E-39,-3.68023506E+04,-2.39961875E+03,-3.30881201E+02,-2.63648488E+01,1.53343134E+05,9.99841190E+03,1.50000000E+05,1.00000000E+04,7.76992053E+06,1.63110220E+09
1.70000000E+01,1.00000000E+00,2.32000000E-01,1.39977760E+08,1.07531893E+04,9.98607344E+04,-0.00000000E+00,-0.00000000E+00,-1.98136084E-32,-1.32724907E-33,2.55324828E+07,1.50174433E+06,2.55365290E-03,1.50198232E-04,-2.56566237E+07,-1.50934320E+06,-1.62654010E-04,-1.80652849E-08,-0.00000000E+00,-0.00000000E+00,2.70471743E-38,1.69740198E-39,-0.00000000E+00,-0.00000000E+00,2.70471743E-38,1.69740198E-39,-3.92019693E+04,-2.39961875E+03,-3.57246060E+02,-2.63648615E+01,1.63341546E+05,9.99841189E+03,1.60000000E+05,1.00000000E+04,7.76992052E+06,1.63110220E+09
1.80000000E+01,1.00000000E+00,2.32000000E-01,1.39977760E+08,1.07531947E+04,1.06550081E+05,-0.00000000E+00,-0.00000000E+00,-2.11408580E-32,-1.32724974E-33,2.70342274E+07,1.50174459E+06,2.70385116E-03,1.50198258E-04,-2.71659671E+07,-1.50934345E+06,-1.62674597E-04,-2.19929611E-08,-0.00000000E+00,-0.00000000E+00,2.87445765E-38,1.69740230E-39,-0.00000000E+00,-0.00000000E+00,2.87445765E-38,1.69740230E-39,-4.16015880E+04,-2.39961875E+03,-3.83610926E+02,-2.63648681E+01,1.73339958E+05,9.99841189E+03,1.70000000E+05,1.00000000E+04,7.76992052E+06,1.63110220E+09
1.90000000E+01,1.00000000E+00,4.88000000E-01,1.39977760E+08,1.07531971E+04,1.13239430E+05,-0.00000000E+00,-0.00000000E+00,-2.24681079E-32,-1.32725003E-33,2.85359723E+07,1.50174484E+06,2.85404944E-03,1.50198283E-04,-2.86753108E+07,-1.50934370E+06,-1.62700095E-04,-2.62329742E-08,-0.00000000E+00,-0.00000000E+00,3.04419789E-38,1.69740243E-39,-0.00000000E+00,-0.00000000E+00,3.04419789E-38,1.69740243E-39,-4.40012068E+04,-2.39961874E+03,-4.09975798E+02,-2.63648726E+01,1.83338370E+05,9.99841189E+03,1.80000000E+05,1.00000000E+04,7.76992052E+06,1.63110220E+09
2.00000000E+01,1.00000000E+00,1.00000000E+00,1.39977760E+08,1.07531981E+04,1.19928779E+05,-0.00000000E+00,-0.00000000E+00,-2.37953581E-32,-1.32725015E-33,3.00377173E+07,1.50174509E+06,3.00424775E-03,1.50198308E-04,-3.01846548E+07,-1.50934395E+06,-1.62709004E-04,-8.90865354E-09,-0.00000000E+00,-0.00000000E+00,3.21393814E-38,1.69740249E-39,-0.00000000E+00,-0.00000000E+00,3.21393814E-38,1.69740249E-39,-4.64008255E+04,-2.39961874E+03,-4.36340674E+02,-2.63648762E+01,1.93336782E+05,9.99841188E+03,1.90000000E+05,1.00000000E+04,7.76992051E+06,1.63110220E+09
2.10000000E+01,1.00000000E+00,1.00000000E+00,1.39977760E+08,1.07531987E+04,1.26618129E+05,-0.00000000E+00,-0.00000000E+00,-2.51226083E-32,-1.32725022E-33,3.15394627E+07,1.50174533E+06,3.15444609E-03,1.50198333E-04,-3.16939990E+07,-1.50934420E+06,-1.62724196E-04,-1.51925694E-08,-0.00000000E+00,-0.00000000E+00,3.38367839E-38,1.69740251E-39,-0.00000000E+00,-0.00000000E+00,3.38367839E-38,1.69740251E-39,-4.88004443E+04,-2.39961874E+03,-4.62705554E+02,-2.63648798E+01,2.03335194E+05,9.99841188E+03,2.00000000E+05,1.00000000E+04,7.76992051E+06,1.63110220E+09
2.20000000E+01,1.00000000E+00,1.00000000E+00,1.39977760E+08,1.07531989E+04,1.33307479E+05,-0.00000000E+00,-0.00000000E+00,-2.64498586E-32,-1.32725025E-33,3.30412083E+07,1.50174558E+06,3.30464444E-03,1.50198357E-04,-3.32033434E+07,-1.50934444E+06,-1.62828016E-04,-1.03820050E-07,-0.00000000E+00,-0.00000000E+00,3.55341864E-38,1.69740253E-39,-0.00000000E+00,-0.00000000E+00,3.55341864E-38,1.69740253E-39,-5.12000630E+04,-2.39961874E+03,-4.89070438E+02,-2.63648835E+01,2.13333605E+05,9.99841188E+03,2.10000000E+05,1.00000000E+04,7.76992050E+06,1.63110220E+09
2.30000000E+01,1.00000000E+00,1.00000000E+00,1.39977760E+08,1.07531991E+04,1.39996829E+05,-0.00000000E+00,-0.00000000E+00,-2.77771088E-32,-1.32725027E-33,3.45429541E+07,1.50174582E+06,3.45484282E-03,1.50198381E-04,-3.47126881E+07,-1.50934468E+06,-1.63817082E-04,-9.89065302E-07,-0.00000000E+00,-0.00000000E+00,3.72315890E-38,1.69740253E-39,-0.00000000E+00,-0.00000000E+00,3.72315890E-38,1.69740253E-39,-5.35996818E+04,-2.39961874E+03,-5.15435325E+02,-2.63648871E+01,2.23332017E+05,9.99841187E+03,2.20000000E+05,1.00000000E+04,7.76992050E+06,1.63110220E+09
2.40000000E+01,1.00000000E+00,1.00000000E+00,1.39977760E+08,1.07531991E+04,1.46686179E+05,-0.00000000E+00,-0.00000000E+00,-2.91043591E-32,-1.32725028E-33,3.60447001E+07,1.50174605E+06,3.60504123E-03,1.50198405E-04,-3.62220330E+07,-1.50934491E+06,-1.64309358E-04,-4.92276123E-07,-0.00000000E+00,-0.00000000E+00,3.89289915E-38,1.69740253E-39,-0.00000000E+00,-0.00000000E+00,3.89289915E-38,1.69740253E-39,-5.59993005E+04,-2.39961874E+03,-5.41800216E+02,-2.63648911E+01,2.33330429E+05,9.99841187E+03,2.30000000E+05,1.00000000E+04,7.76992050E+06,1.63110220E+09
2.50000000E+01,1.00000000E+00,1.00000000E+00,1.39977759E+08,1.07531991E+04,1.53375529E+05,-0.00000000E+00,-0.00000000E+00,-3.04316094E-32,-1.32725028E-33,3.75464464E+07,1.50174629E+06,3.75523966E-03,1.50198428E-04,-3.77313782E+07,-1.50934514E+06,-1.64533794E-04,-2.24436225E-07,-0.00000000E+00,-0.00000000E+00,4.06263940E-38,1.69740253E-39,-0.00000000E+00,-0.00000000E+00,4.06263940E-38,1.69740253E-39,-5.83989192E+04,-2.39961874E+03,-5.68165111E+02,-2.63648950E+01,2.43328841E+05,9.99841187E+03,2.40000000E+05,1.00000000E+04,7.76992049E+06,1.63110220E+09
2.60000000E+01,1.00000000E+00,1.00000000E+00,1.39977759E+08,1.07531992E+04,1.60064879E+05,-0.00000000E+00,-0.00000000E+00,-3.17588597E-32,-1.32725028E-33,3.90481929E+07,1.50174652E+06,3.90543811E-03,1.50198451E-04,-3.92407235E+07,-1.50934537E+06,-1.64695818E-04,-1.62023644E-07,-0.00000000E+00,-0.00000000E+00,4.23237966E-38,1.69740253E-39,-0.00000000E+00,-0.00000000E+00,4.23237966E-38,1.69740253E-39,-6.07985380E+04,-2.39961874E+03,-5.94530009E+02,-2.63648982E+01,2.53327253E+05,9.99841187E+03,2.50000000E+05,1.00000000E+04,7.76992049E+06,1.63110220E+09
2.70000000E+01,1.00000000E+00,1.00000000E+00,1.39977759E+08,1.07531992E+04,1.66754229E+05,-0.00000000E+00,-0.00000000E+00,-3.30861100E-32,-1.32725028E-33,4.05499397E+07,1.50174674E+06,4.05563658E-03,1.50198474E-04,-4.07500691E+07,-1.50934560E+06,-1.64793563E-04,-9.77449589E-08,-0.00000000E+00,-0.00000000E+00,4.40211991E-38,1.69740253E-39,-0.00000000E+00,-0.00000000E+00,4.40211991E-38,1.69740253E-39,-6.31981567E+04,-2.39961874E+03,-6.20894911E+02,-2.63649017E+01,2.63325665E+05,9.99841186E+03,2.60000000E+05,1.00000000E+04,7.76992049E+06,1.63110220E+09
2.80000000E+01,1.00000000E+00,1.00000000E+00,1.39977759E+08,1.07531992E+04,1.73443580E+05,-0.00000000E+00,-0.00000000E+00,-3.44133602E-32,-1.32725028E-33,4.20516866E+07,1.50174697E+06,4.20583508E-03,1.50198496E-04,-4.22594150E+07,-1.50934582E+06,-1.64849432E-04,-5.58694096E-08,-0.00000000E+00,-0.00000000E+00,4.57186016E-38,1.69740252E-39,-0.00000000E+00,-0.00000000E+00,4.57186016E-38,1.69740252E-39,-6.55977755E+04,-2.39961874E+03,-6.47259816E+02,-2.63649054E+01,2.73324077E+05,9.99841186E+03,2.70000000E+05,1.00000000E+04,7.76992048E+06,1.63110220E+09
2.90000000E+01,1.00000000E+00,1.00000000E+00,1.39977759E+08,1.07531992E+04,1.80132930E+05,-0.00000000E+00,-0.00000000E+00,-3.57406105E-32,-1.32725028E-33,4.35534338E+07,1.50174719E+06,4.35603360E-03,1.50198518E-04,-4.37687610E+07,-1.50934604E+06,-1.64884344E-04,-3.49120501E-08,-0.00000000E+00,-0.00000000E+00,4.74160041E-38,1.69740252E-39,-0.00000000E+00,-0.00000000E+00,4.74160041E-38,1.69740252E-39,-6.79973942E+04,-2.39961874E+03,-6.73624725E+02,-2.63649090E+01,2.83322488E+05,9.99841186E+03,2.80000000E+05,1.00000000E+04,7.76992048E+06,1.63110220E+09
3.00000000E+01,1.00000000E+00,1.00000000E+00,1.39977759E+08,1.07531992E+04,1.86822280E+05,-0.00000000E+00,-0.00000000E+00,-3.70678608E-32,-1.32725028E-33,4.50551812E+07,1.50174740E+06,4.50623214E-03,1.50198540E-04,-4.52781072E+07,-1.50934626E+06,-1.64910342E-04,-2.59983656E-08,-0.00000000E+00,-0.00000000E+00,4.91134066E-38,1.69740252E-39,-0.00000000E+00,-0.00000000E+00,4.91134066E-38,1.69740252E-39,-7.03970129E+04,-2.39961874E+03,-6.99989638E+02,-2.63649127E+01,2.93320900E+05,9.99841186E+03,2.90000000E+05,1.00000000E+04,7.76992048E+06,1.63110220E+09
3.10000000E+01,1.00000000E+00,1.00000000E+00,1.39977759E+08,1.07531992E+04,1.93511630E+05,-0.00000000E+00,-0.00000000E+00,-3.83951111E-32,-1.32725028E-33,4.65569289E+07,1.50174762E+06,4.65643070E-03,1.50198561E-04,-4.67874537E+07,-1.50934647E+06,-1.64938978E-04,-2.86353895E-08,-0.00000000E+00,-0.00000000E+00,5.08108092E-38,1.69740252E-39,-0.00000000E+00,-0.00000000E+00,5.08108092E-38,1.69740252E-39,-7.27966317E+04,-2.39961874E+03,-7.26354554E+02,-2.63649164E+01,3.03319312E+05,9.99841185E+03,3.00000000E+05,1.00000000E+04,7.76992047E+06,1.63110220E+09
3.20000000E+01,1.00000000E+00,1.00000000E+00,1.39977759E+08,1.07531992E+04,2.00200980E+05,-0.00000000E+00,-0.00000000E+00,-3.97223614E-32,-1.32725028E-33,4.80586767E+07,1.50174783E+06,4.80662928E-03,1.50198582E-04,-4.82968004E+07,-1.50934668E+06,-1.64974069E-04,-3.50906222E-08,-0.00000000E+00,-0.00000000E+00,5.25082117E-38,1.69740251E-39,-0.00000000E+00,-0.00000000E+00,5.25082117E-38,1.69740251E-39,-7.51962504E+04,-2.39961873E+03,-7.52719474E+02,-2.63649200E+01,3.13317724E+05,9.99841185E+03,3.10000000E+05,1.00000000E+04,7.76992047E+06,1.63110220E+09
3.30000000E+01,1.00000000E+00,1.00000000E+00,1.39977759E+08,1.07531992E+04,2.06890330E+05,-0.00000000E+00,-0.00000000E+00,-4.10496117E-32,-1.32725028E-33,4.95604247E+07,1.50174803E+06,4.95682788E-03,1.50198603E-04,-4.98061473E+07,-1.50934689E+06,-1.65016466E-04,-4.23972410E-08,-0.00000000E+00,-0.00000000E+00,5.42056142E-38,1.69740251E-39,-0.00000000E+00,-0.00000000E+00,5.42056142E-38,1.69740251E-39,-7.75958691E+04,-2.39961873E+03,-7.79084398E+02,-2.63649236E+01,3.23316136E+05,9.99841185E+03,3.20000000E+05,1.00000000E+04,7.76992047E+06,1.63110220E+09
3.40000000E+01,1.00000000E+00,1.00000000E+00,1.39977759E+08,1.07531992E+04,2.13579680E+05,-0.00000000E+00,-0.00000000E+00,-4.23768619E-32,-1.32725028E-33,5.10621730E+07,1.50174824E+06,5.10702651E-03,1.50198624E-04,-5.13154944E+07,-1.50934709E+06,-1.65065411E-04,-4.89453238E-08,-0.00000000E+00,-0.00000000E+00,5.59030167E-38,1.69740251E-39,-0.00000000E+00,-0.00000000E+00,5.59030167E-38,1.69740251E-39,-7.99954879E+04,-2.39961873E+03,-8.05449325E+02,-2.63649271E+01,3.33314548E+05,9.99841185E+03,3.30000000E+05,1.00000000E+04,7.76992046E+06,1.63110220E+09
3.50000000E+01,1.00000000E+00,1.00000000E+00,1.39977759E+08,1.07531991E+04,2.20269031E+05,-0.00000000E+00,-0.00000000E+00,-4.37041122E-32,-1.32725028E-33,5.25639214E+07,1.50174844E+06,5.25722515E-03,1.50198644E-04,-5.28248417E+07,-1.50934729E+06,-1.65098838E-04,-3.34264370E-08,-0.00000000E+00,-0.00000000E+00,5.76004192E-38,1.69740251E-39,-0.00000000E+00,-0.00000000E+00,5.76004192E-38,1.69740251E-39,-8.23951066E+04,-2.39961873E+03,-8.31814256E+02,-2.63649312E+01,3.43312960E+05,9.99841184E+03,3.40000000E+05,1.00000000E+04,7.76992046E+06,1.63110220E+09
3.60000000E+01,1.00000000E+00,1.00000000E+00,1.39977759E+08,1.07531991E+04,2.26958381E+05,-0.00000000E+00,-0.00000000E+00,-4.50313625E-32,-1.32725028E-33,5.40656700E+07,1.50174864E+06,5.40742381E-03,1.50198664E-04,-5.43341891E+07,-1.50934749E+06,-1.65137757E-04,-3.89198963E-08,-0.00000000E+00,-0.00000000E+00,5.92978217E-38,1.69740251E-39,-0.00000000E+00,-0.00000000E+00,5.92978217E-38,1.69740251E-39,-8.47947253E+04,-2.39961873E+03,-8.58179191E+02,-2.63649349E+01,3.53311371E+05,9.99841184E+03,3.50000000E+05,1.00000000E+04,7.76992046E+06,1.63110220E+09
3.70000000E+01,1.00000000E+00,1.00000000E+00,1.39977759E+08,1.07531991E+04,2.33647731E+05,-0.00000000E+00,-0.00000000E+00,-4.63586128E-32,-1.32725028E-33,5.55674189E+07,1.50174883E+06,5.55762250E-03,1.50198683E-04,-5.58435368E+07,-1.50934768E+06,-1.65169014E-04,-3.12564489E-08,-0.00000000E+00,-0.00000000E+00,6.09952242E-38,1.69740251E-39,-0.00000000E+00,-0.00000000E+00,6.09952242E-38,1.69740251E-39,-8.71943441E+04,-2.39961873E+03,-8.84544129E+02,-2.63649385E+01,3.63309783E+05,9.99841184E+03,3.60000000E+05,1.00000000E+04,7.76992045E+06,1.63110220E+09
3.80000000E+01,1.00000000E+00,1.00000000E+00,1.39977759E+08,1.07531991E+04,2.40337081E+05,-0.00000000E+00,-0.00000000E+00,-4.76858631E-32,-1.32725028E-33,5.70691679E+07,1.50174903E+06,5.70782120E-03,1.50198703E-04,-5.73528847E+07,-1.50934787E+06,-1.65192734E-04,-2.37200806E-08,-0.00000000E+00,-0.00000000E+00,6.26926267E-38,1.69740250E-39,-0.00000000E+00,-0.00000000E+00,6.26926267E-38,1.69740250E-39,-8.95939628E+04,-2.39961873E+03,-9.10909071E+02,-2.63649419E+01,3.73308195E+05,9.99841184E+03,3.70000000E+05,1.00000000E+04,7.76992045E+06,1.63110220E+09
3.90000000E+01,1.00000000E+00,1.00000000E+00,1.39977759E+08,1.07531991E+04,2.47026431E+05,-0.00000000E+00,-0.00000000E+00,-4.90131133E-32,-1.32725028E-33,5.85709171E+07,1.50174921E+06,5.85801992E-03,1.50198722E-04,-5.88622328E+07,-1.50934806E+06,-1.65199703E-04,-6.96871183E-09,-0.00000000E+00,-0.00000000E+00,6.43900292E-38,1.69740250E-39,-0.00000000E+00,-0.00000000E+00,6.43900292E-38,1.69740250E-39,-9.19935815E+04,-2.39961873E+03,-9.37274016E+02,-2.63649452E+01,3.83306607E+05,9.99841184E+03,3.80000000E+05,1.00000000E+04,7.76992045E+06,1.63110220E+09
4.00000000E+01,1.00000000E+00,1.00000000E+00,1.39977759E+08,1.07531991E+04,2.53715781E+05,-0.00000000E+00,-0.00000000E+00,-5.03403636E-32,-1.32725028E-33,6.00726665E+07,1.50174940E+06,6.00821866E-03,1.50198740E-04,-6.03715810E+07,-1.50934825E+06,-1.65254828E-04,-5.51250355E-08,-0.00000000E+00,-0.00000000E+00,6.60874317E-38,1.69740250E-39,-0.00000000E+00,-0.00000000E+00,6.60874317E-38,1.69740250E-39,-9.43932003E+04,-2.39961873E+03,-9.63638965E+02,-2.63649484E+01,3.93305019E+05,9.99841183E+03,3.90000000E+05,1.00000000E+04,7.76992045E+06,1.63110220E+09
4.10000000E+01,1.00000000E+00,1.00000000E+00,1.39977759E+08,1.07531991E+04,2.60405131E+05,-0.00000000E+00,-0.00000000E+00,-5.16676139E-32,-1.32725028E-33,6.15744161E+07,1.50174959E+06,6.15841742E-03,1.50198759E-04,-6.18809294E+07,-1.50934843E+06,-1.65269322E-04,-1.44946033E-08,-0.00000000E+00,-0.00000000E+00,6.77848342E-38,1.69740250E-39,-0.00000000E+00,-0.00000000E+00,6.77848342E-38,1.69740250E-39,-9.67928190E+04,-2.39961873E+03,-9.90003916E+02,-2.63649516E+01,4.03303431E+05,9.99841183E+03,4.00000000E+05,1.00000000E+04,7.76992044E+06,1.63110220E+09
4.20000000E+01,1.00000000E+00,1.00000000E+00,1.39977758E+08,1.07531991E+04,2.67094481E+05,-0.00000000E+00,-0.00000000E+00,-5.29948642E-32,-1.32725028E-33,6.30761659E+07,1.50174977E+06,6.30861620E-03,1.50198777E-04,-6.33902780E+07,-1.50934861E+06,-1.65283918E-04,-1.45959705E-08,-0.00000000E+00,-0.00000000E+00,6.94822367E-38,1.69740250E-39,-0.00000000E+00,-0.00000000E+00,6.94822367E-38,1.69740250E-39,-9.91924377E+04,-2.39961873E+03,-1.01636887E+03,-2.63649547E+01,4.13301842E+05,9.99841183E+03,4.10000000E+05,1.00000000E+04,7.76992044E+06,1.63110220E+09
4.30000000E+01,1.00000000E+00,1.00000000E+00,1.39977758E+08,1.07531991E+04,2.73783831E+05,-0.00000000E+00,-0.00000000E+00,-5.43221145E-32,-1.32725028E-33,6.45779158E+07,1.50174995E+06,6.45881499E-03,1.50198795E-04,-6.48996268E+07,-1.50934879E+06,-1.65286264E-04,-2.34588417E-09,-0.00000000E+00,-0.00000000E+00,7.11796392E-38,1.69740249E-39,-0.00000000E+00,-0.00000000E+00,7.11796392E-38,1.69740249E-39,-1.01592056E+05,-2.39961873E+03,-1.04273383E+03,-2.63649578E+01,4.23300254E+05,9.99841183E+03,4.20000000E+05,1.00000000E+04,7.76992044E+06,1.63110220E+09
4.40000000E+01,1.00000000E+00,1.00000000E+00,1.39977758E+08,1.07531991E+04,2.80473182E+05,-0.00000000E+00,-0.00000000E+00,-5.56493647E-32,-1.32725028E-33,6.60796659E+07,1.50175012E+06,6.60901380E-03,1.50198813E-04,-6.64089758E+07,-1.50934897E+06,-1.65345064E-04,-5.88003457E-08,-0.00000000E+00,-0.00000000E+00,7.28770417E-38,1.69740249E-39,-0.00000000E+00,-0.00000000E+00,7.28770417E-38,1.69740249E-39,-1.03991675E+05,-2.39961873E+03,-1.06909879E+03,-2.63649600E+01,4.33298666E+05,9.99841183E+03,4.30000000E+05,1.00000000E+04,7.76992043E+06,1.63110220E+09
4.50000000E+01,1.00000000E+00,1.00000000E+00,1.39977758E+08,1.07531991E+04,2.87162532E+05,-0.00000000E+00,-0.00000000E+00,-5.69766150E-32,-1.32725028E-33,6.75814162E+07,1.50175030E+06,6.75921263E-03,1.50198830E-04,-6.79183249E+07,-1.50934914E+06,-1.65395014E-04,-4.99498333E-08,-0.00000000E+00,-0.00000000E+00,7.45744442E-38,1.69740249E-39,-0.00000000E+00,-0.00000000E+00,7.45744442E-38,1.69740249E-39,-1.06391294E+05,-2.39961873E+03,-1.09546375E+03,-2.63649627E+01,4.43297078E+05,9.99841182E+03,4.40000000E+05,1.00000000E+04,7.76992043E+06,1.63110220E+09
4.60000000E+01,1.00000000E+00,1.00000000E+00,1.39977758E+08,1.07531991E+04,2.93851882E+05,-0.00000000E+00,-0.00000000E+00,-5.83038653E-32,-1.32725028E-33,6.90831667E+07,1.50175047E+06,6.90941148E-03,1.50198847E-04,-6.94276743E+07,-1.50934931E+06,-1.65433151E-04,-3.81368716E-08,-0.00000000E+00,-0.00000000E+00,7.62718467E-38,1.69740248E-39,-0.00000000E+00,-0.00000000E+00,7.62718467E-38,1.69740248E-39,-1.08790913E+05,-2.39961873E+03,-1.12182872E+03,-2.63649655E+01,4.53295490E+05,9.99841182E+03,4.50000000E+05,1.00000000E+04,7.76992043E+06,1.63110220E+09
4.70000000E+01,1.00000000E+00,1.00000000E+00,1.39977758E+08,1.07531991E+04,3.00541232E+05,-0.00000000E+00,-0.00000000E+00,-5.96311156E-32,-1.32725028E-33,7.05849173E+07,1.50175064E+06,7.05961035E-03,1.50198865E-04,-7.09370237E+07,-1.50934948E+06,-1.65472157E-04,-3.90061893E-08,-0.00000000E+00,-0.00000000E+00,7.79692492E-38,1.69740248E-39,-0.00000000E+00,-0.00000000E+00,7.79692492E-38,1.69740248E-39,-1.11190531E+05,-2.39961873E+03,-1.14819369E+03,-2.63649683E+01,4.63293902E+05,9.99841182E+03,4.60000000E+05,1.00000000E+04,7.76992043E+06,1.63110220E+09
4.80000000E+01,1.00000000E+00,1.00000000E+00,1.39977758E+08,1.07531991E+04,3.07230582E+05,-0.00000000E+00,-0.00000000E+00,-6.09583658E-32,-1.32725028E-33,7.20866681E+07,1.50175081E+06,7.20980923E-03,1.50198881E-04,-7.24463734E+07,-1.50934965E+06,-1.65524576E-04,-5.24184241E-08,-0.00000000E+00,-0.00000000E+00,7.96666516E-38,1.69740248E-39,-0.00000000E+00,-0.00000000E+00,7.96666516E-38,1.69740248E-39,-1.13590150E+05,-2.39961873E+03,-1.17455866E+03,-2.63649711E+01,4.73292313E+05,9.99841182E+03,4.70000000E+05,1.00000000E+04,7.76992042E+06,1.63110220E+09
4.90000000E+01,1.00000000E+00,1.00000000E+00,1.39977758E+08,1.07531991E+04,3.13919932E+05,-0.00000000E+00,-0.00000000E+00,-6.22856161E-32,-1.32725028E-33,7.35884191E+07,1.50175098E+06,7.36000813E-03,1.50198898E-04,-7.39557232E+07,-1.50934982E+06,-1.65589881E-04,-6.53052693E-08,-0.00000000E+00,-0.00000000E+00,8.13640541E-38,1.69740248E-39,-0.00000000E+00,-0.00000000E+00,8.13640541E-38,1.69740248E-39,-1.15989769E+05,-2.39961873E+03,-1.20092363E+03,-2.63649739E+01,4.83290725E+05,9.99841181E+03,4.80000000E+05,1.00000000E+04,7.76992042E+06,1.63110220E+09
5.00000000E+01,1.00000000E+00,1.00000000E+00,1.39977758E+08,1.07531991E+04,3.20609282E+05,-0.00000000E+00,-0.00000000E+00,-6.36128664E-32,-1.32725027E-33,7.50901703E+07,1.50175114E+06,7.51020704E-03,1.50198915E-04,-7.54650732E+07,-1.50934998E+06,-1.65662354E-04,-7.24726954E-08,-0.00000000E+00,-0.00000000E+00,8.30614566E-38,1.69740248E-39,-0.00000000E+00,-0.00000000E+00,8.30614566E-38,1.69740248E-39,-1.18389388E+05,-2.39961872E+03,-1.22728861E+03,-2.63649766E+01,4.93289137E+05,9.99841181E+03,4.90000000E+05,1.00000000E+04,7.76992042E+06,1.63110220E+09
