Time [d],dt_flow [d],dt_tran [d],Global Water Mass in Liquid Phas [kg],Global Vaq [mol],Global Vim [mol],Top Water Mass [kg],Top Water Mass [kg/d],Top Vaq [mol],Top Vaq [mol/d],Right Water Mass [kg],Right Water Mass [kg/d],Right Vaq [mol],Right Vaq [mol/d],Left Water Mass [kg],Left Water Mass [kg/d],Left Vaq [mol],Left Vaq [mol/d],North Water Mass [kg],North Water Mass [kg/d],North Vaq [mol],North Vaq [mol/d],South Water Mass [kg],South Water Mass [kg/d],South Vaq [mol],South Vaq [mol/d],ExtractWell Water Mass [kg],ExtractWell Water Mass [kg/d],ExtractWell Vaq [mol],ExtractWell Vaq [mol/d],InjectWell Water Mass [kg],InjectWell Water Mass [kg/d],InjectWell Vaq [mol],InjectWell Vaq [mol/d],Region Region__all Water Mass [kg],Region Region__all Total Mass [kg]
1.00000000E+00,4.89000000E-01,9.00000000E-03,1.39978015E+08,5.87183071E-03,5.69168167E-03,-0.00000000E+00,-0.00000000E+00,6.06634579E-40,1.00324832E-39,8.33905413E+06,8.33806408E+06,8.34034517E-04,8.33935500E-04,-8.34161557E+06,-8.34194958E+06,-5.35995219E-04,-3.37164912E-04,-0.00000000E+00,-0.00000000E+00,6.02871152E-40,9.97030261E-40,-0.00000000E+00,-0.00000000E+00,6.02871152E-40,9.97030261E-40,-8.08070684E+02,-1.22620741E+03,-4.49588099E-08,-4.95608249E-08,3.36696416E+03,5.10920206E+03,3.36749000E-07,5.11000000E-07,7.76993466E+06,1.63109144E+09
2.00000000E+00,4.88000000E-01,8.00000000E-03,1.39978012E+08,6.46984574E+03,2.36769162E+03,-0.00000000E+00,-0.00000000E+00,-4.69776619E-34,-7.98562089E-34,1.66743282E+07,8.33528597E+06,1.66769098E-03,8.33657653E-04,-1.66844909E+07,-8.34288717E+06,-7.54159942E-04,-1.34853745E-04,-0.00000000E+00,-0.00000000E+00,1.82666124E-39,1.37920546E-39,-0.00000000E+00,-0.00000000E+00,1.82666124E-39,1.37920546E-39,-3.20769376E+03,-2.39962306E+03,-6.79705954E-03,-4.70672627E-02,1.33654025E+04,9.99843832E+03,1.00000000E+04,1.00000000E+04,7.76993453E+06,1.63109791E+09
3.00000000E+00,1.00000000E+00,8.00000000E-03,1.39978010E+08,9.05263229E+03,7.34196101E+03,-0.00000000E+00,-0.00000000E+00,-1.45673310E-33,-1.11735174E-33,2.50096590E+07,8.33533077E+06,2.50135312E-03,8.33662142E-04,-2.50274227E+07,-8.34293183E+06,-8.41271571E-04,-5.40591738E-05,-0.00000000E+00,-0.00000000E+00,3.29108737E-39,1.52212642E-39,-0.00000000E+00,-0.00000000E+00,3.29108737E-39,1.52212642E-39,-5.60731677E+03,-2.39962302E+03,-7.23510069E-01,-1.96444961E+00,2.33638407E+04,9.99843820E+03,2.00000000E+04,1.00000000E+04,7.76993440E+06,1.63110050E+09
4.00000000E+00,1.00000000E+00,4.00000000E-02,1.39978008E+08,1.00795501E+04,1.33573171E+04,-0.00000000E+00,-0.00000000E+00,-2.65025440E-33,-1.24410275E-33,3.33450317E+07,8.33537271E+06,3.33501947E-03,8.33666345E-04,-3.33703963E+07,-8.34297363E+06,-8.76451222E-04,-2.43061914E-05,-0.00000000E+00,-0.00000000E+00,4.84541371E-39,1.57524189E-39,-0.00000000E+00,-0.00000000E+00,4.84541371E-39,1.57524189E-39,-8.00693976E+03,-2.39962298E+03,-5.07770669E+00,-6.52122629E+00,3.33622788E+04,9.99843809E+03,3.00000000E+04,1.00000000E+04,7.76993429E+06,1.63110152E+09
5.00000000E+00,1.00000000E+00,4.00000000E-02,1.39978006E+08,1.04923577E+04,1.97819651E+04,-0.00000000E+00,-0.00000000E+00,-3.92498443E-33,-1.29505499E-33,4.16804435E+07,8.33541185E+06,4.16868973E-03,8.33670268E-04,-4.17134090E+07,-8.34301263E+06,-9.56425478E-04,-2.50114287E-04,-0.00000000E+00,-0.00000000E+00,6.43276031E-39,1.59519504E-39,-0.00000000E+00,-0.00000000E+00,6.43276031E-39,1.59519504E-39,-1.04065627E+04,-2.39962295E+03,-1.32991061E+01,-9.33529696E+00,4.33607168E+04,9.99843799E+03,4.00000000E+04,1.00000000E+04,7.76993418E+06,1.63110193E+09
6.00000000E+00,1.00000000E+00,4.00000000E-02,1.39978004E+08,1.06582896E+04,2.63710823E+04,-0.00000000E+00,-0.00000000E+00,-5.23234723E-33,-1.31553573E-33,5.00158919E+07,8.33544837E+06,5.00236366E-03,8.33673928E-04,-5.00564580E+07,-8.34304902E+06,-2.73104441E-03,-4.72731786E-03,-0.00000000E+00,-0.00000000E+00,8.03247970E-39,1.60264668E-39,-0.00000000E+00,-0.00000000E+00,8.03247970E-39,1.60264668E-39,-1.28061856E+04,-2.39962292E+03,-2.31754659E+01,-1.01716423E+01,5.33591547E+04,9.99843789E+03,5.00000000E+04,1.00000000E+04,7.76993408E+06,1.63110210E+09
7.00000000E+00,1.00000000E+00,7.20000000E-02,1.39978002E+08,1.07243633E+04,3.30268940E+04,-0.00000000E+00,-0.00000000E+00,-6.55294305E-33,-1.32369112E-33,5.83513745E+07,8.33548256E+06,5.83604102E-03,8.33677356E-04,-5.83995411E+07,-8.34308309E+06,-2.06566966E-02,-3.55208165E-02,-0.00000000E+00,-0.00000000E+00,9.63683858E-39,1.60537691E-39,-0.00000000E+00,-0.00000000E+00,9.63683858E-39,1.60537691E-39,-1.52058085E+04,-2.39962290E+03,-3.34544167E+01,-1.03275007E+01,6.33575925E+04,9.99843780E+03,6.00000000E+04,1.00000000E+04,7.76993398E+06,1.63110217E+09
8.00000000E+00,1.00000000E+00,4.00000000E-02,1.39978001E+08,1.07513992E+04,3.97088024E+04,-0.00000000E+00,-0.00000000E+00,-7.87871681E-33,-1.32702812E-33,6.66868892E+07,8.33551477E+06,6.66972160E-03,8.33680585E-04,-6.67426563E+07,-8.34311520E+06,-1.01612771E-01,-1.29076530E-01,-0.00000000E+00,-0.00000000E+00,1.12428611E-38,1.60639971E-39,-0.00000000E+00,-0.00000000E+00,1.12428611E-38,1.60639971E-39,-1.76054314E+04,-2.39962288E+03,-4.37985056E+01,-1.03510048E+01,7.33560302E+04,9.99843771E+03,7.00000000E+04,1.00000000E+04,7.76993389E+06,1.63110219E+09
9.00000000E+00,1.00000000E+00,4.00000000E-02,1.39977999E+08,1.07624573E+04,4.64013319E+04,-0.00000000E+00,-0.00000000E+00,-9.20659791E-33,-1.32839300E-33,7.50224346E+07,8.33554539E+06,7.50340526E-03,8.33683656E-04,-7.50858020E+07,-8.34314574E+06,-3.15706892E-01,-2.90981651E-01,-0.00000000E+00,-0.00000000E+00,1.28495021E-38,1.60678145E-39,-0.00000000E+00,-0.00000000E+00,1.28495021E-38,1.60678145E-39,-2.00050543E+04,-2.39962285E+03,-5.41516756E+01,-1.03540363E+01,8.33544678E+04,9.99843762E+03,8.00000000E+04,1.00000000E+04,7.76993381E+06,1.63110220E+09
1.00000000E+01,1.00000000E+00,4.00000000E-02,1.39977998E+08,1.07669025E+04,5.30981752E+04,-0.00000000E+00,-0.00000000E+00,-1.05353349E-32,-1.32894167E-33,8.33580094E+07,8.33557481E+06,8.33709187E-03,8.33686606E-04,-8.34289771E+07,-8.34317510E+06,-7.09626383E-01,-4.76391121E-01,-0.00000000E+00,-0.00000000E+00,1.44563727E-38,1.60692225E-39,-0.00000000E+00,-0.00000000E+00,1.44563727E-38,1.60692225E-39,-2.24046771E+04,-2.39962283E+03,-6.45059828E+01,-1.03544195E+01,9.33529054E+04,9.99843753E+03,9.00000000E+04,1.00000000E+04,7.76993372E+06,1.63110221E+09
1.10000000E+01,1.00000000E+00,1.04000000E-01,1.39977996E+08,1.07685880E+04,5.97967508E+04,-0.00000000E+00,-0.00000000E+00,-1.18644157E-32,-1.32914971E-33,9.16936128E+07,8.33560335E+06,9.17078133E-03,8.33689469E-04,-9.17721807E+07,-8.34320359E+06,-1.28038168E+00,-6.28101239E-01,-0.00000000E+00,-0.00000000E+00,1.60633284E-38,1.60697214E-39,-0.00000000E+00,-0.00000000E+00,1.60633284E-38,1.60697214E-39,-2.48042999E+04,-2.39962281E+03,-7.48604596E+01,-1.03545029E+01,1.03351343E+05,9.99843745E+03,1.00000000E+05,1.00000000E+04,7.76993364E+06,1.63110221E+09
1.20000000E+01,1.00000000E+00,2.32000000E-01,1.39977995E+08,1.07692281E+04,6.64959465E+04,-0.00000000E+00,-0.00000000E+00,-1.31936194E-32,-1.32922872E-33,1.00029244E+08,8.33563128E+06,1.00044736E-02,8.33692271E-04,-1.00115412E+08,-8.34323149E+06,-1.97175001E+00,-7.25224466E-01,-0.00000000E+00,-0.00000000E+00,1.76703131E-38,1.60699041E-39,-0.00000000E+00,-0.00000000E+00,1.76703131E-38,1.60699041E-39,-2.72039227E+04,-2.39962279E+03,-8.52149982E+01,-1.03545568E+01,1.13349780E+05,9.99843736E+03,1.10000000E+05,1.00000000E+04,7.76993357E+06,1.63110221E+09
1.30000000E+01,1.00000000E+00,2.32000000E-01,1.39977994E+08,1.07694626E+04,7.31953685E+04,-0.00000000E+00,-0.00000000E+00,-1.45228681E-32,-1.32925766E-33,1.08364903E+08,8.33565881E+06,1.08381686E-02,8.33695032E-04,-1.08458671E+08,-8.34325900E+06,-2.73154963E+00,-7.77307198E-01,-0.00000000E+00,-0.00000000E+00,1.92773080E-38,1.60699698E-39,-0.00000000E+00,-0.00000000E+00,1.92773080E-38,1.60699698E-39,-2.96035455E+04,-2.39962277E+03,-9.55695883E+01,-1.03546075E+01,1.23348217E+05,9.99843727E+03,1.20000000E+05,1.00000000E+04,7.76993349E+06,1.63110221E+09
1.40000000E+01,1.00000000E+00,7.55906298E-02,1.39977992E+08,1.07695432E+04,7.98948708E+04,-0.00000000E+00,-0.00000000E+00,-1.58521327E-32,-1.32926760E-33,1.16700589E+08,8.33568607E+06,1.16718664E-02,8.33697766E-04,-1.16801957E+08,-8.34328625E+06,-3.52521423E+00,-8.01326006E-01,-0.00000000E+00,-0.00000000E+00,2.08843065E-38,1.60699915E-39,-0.00000000E+00,-0.00000000E+00,2.08843065E-38,1.60699915E-39,-3.20031682E+04,-2.39962275E+03,-1.05924229E+02,-1.03546575E+01,1.33346655E+05,9.99843718E+03,1.30000000E+05,1.00000000E+04,7.76993341E+06,1.63110221E+09
1.50000000E+01,1.00000000E+00,2.88978301E-01,1.39977991E+08,1.07695693E+04,8.65943999E+04,-0.00000000E+00,-0.00000000E+00,-1.71814026E-32,-1.32927083E-33,1.25036302E+08,8.33571317E+06,1.25055669E-02,8.33700485E-04,-1.25145271E+08,-8.34331334E+06,-4.33344009E+00,-8.11136250E-01,-0.00000000E+00,-0.00000000E+00,2.24913060E-38,1.60699971E-39,-0.00000000E+00,-0.00000000E+00,2.24913060E-38,1.60699971E-39,-3.44027909E+04,-2.39962272E+03,-1.16278920E+02,-1.03547067E+01,1.43345092E+05,9.99843709E+03,1.40000000E+05,1.00000000E+04,7.76993334E+06,1.63110221E+09
1.60000000E+01,1.00000000E+00,1.46776199E-01,1.39977990E+08,1.07695775E+04,9.32939373E+04,-0.00000000E+00,-0.00000000E+00,-1.85106742E-32,-1.32927184E-33,1.33372042E+08,8.33574016E+06,1.33392701E-02,8.33703192E-04,-1.33488611E+08,-8.34334032E+06,-5.14720625E+00,-8.14844307E-01,-0.00000000E+00,-0.00000000E+00,2.40983057E-38,1.60699970E-39,-0.00000000E+00,-0.00000000E+00,2.40983057E-38,1.60699970E-39,-3.68024136E+04,-2.39962270E+03,-1.26633660E+02,-1.03547560E+01,1.53343529E+05,9.99843700E+03,1.50000000E+05,1.00000000E+04,7.76993326E+06,1.63110221E+09
1.70000000E+01,1.00000000E+00,1.46778776E-01,1.39977988E+08,1.07695799E+04,9.99934772E+04,-0.00000000E+00,-0.00000000E+00,-1.98399462E-32,-1.32927214E-33,1.41707809E+08,8.33576709E+06,1.41729760E-02,8.33705893E-04,-1.41831978E+08,-8.34336725E+06,-5.96297671E+00,-8.16140198E-01,-0.00000000E+00,-0.00000000E+00,2.57053053E-38,1.60699948E-39,-0.00000000E+00,-0.00000000E+00,2.57053053E-38,1.60699948E-39,-3.92020363E+04,-2.39962268E+03,-1.36988450E+02,-1.03548054E+01,1.63341966E+05,9.99843691E+03,1.60000000E+05,1.00000000E+04,7.76993319E+06,1.63110221E+09
1.80000000E+01,1.00000000E+00,1.46781349E-01,1.39977987E+08,1.07695806E+04,1.06693018E+05,-0.00000000E+00,-0.00000000E+00,-2.11692184E-32,-1.32927222E-33,1.50043603E+08,8.33579397E+06,1.50066846E-02,8.33708590E-04,-1.50175372E+08,-8.34339412E+06,-6.77942690E+00,-8.16571663E-01,-0.00000000E+00,-0.00000000E+00,2.73123046E-38,1.60699920E-39,-0.00000000E+00,-0.00000000E+00,2.73123046E-38,1.60699920E-39,-4.16016590E+04,-2.39962266E+03,-1.47343289E+02,-1.03548548E+01,1.73340402E+05,9.99843682E+03,1.70000000E+05,1.00000000E+04,7.76993312E+06,1.63110221E+09
1.90000000E+01,1.00000000E+00,1.46783919E-01,1.39977986E+08,1.07695807E+04,1.13392558E+05,-0.00000000E+00,-0.00000000E+00,-2.24984907E-32,-1.32927223E-33,1.58379424E+08,8.33582081E+06,1.58403958E-02,8.33711283E-04,-1.58518793E+08,-8.34342097E+06,-7.59610249E+00,-8.16716174E-01,-0.00000000E+00,-0.00000000E+00,2.89193036E-38,1.60699889E-39,-0.00000000E+00,-0.00000000E+00,2.89193036E-38,1.60699889E-39,-4.40012816E+04,-2.39962264E+03,-1.57698177E+02,-1.03549041E+01,1.83338839E+05,9.99843673E+03,1.80000000E+05,1.00000000E+04,7.76993304E+06,1.63110221E+09
2.00000000E+01,1.00000000E+00,1.46786487E-01,1.39977984E+08,1.07695807E+04,1.20092099E+05,-0.00000000E+00,-0.00000000E+00,-2.38277629E-32,-1.32927223E-33,1.66715272E+08,8.33584763E+06,1.66741098E-02,8.33713973E-04,-1.66862241E+08,-8.34344778E+06,-8.41285837E+00,-8.16771826E-01,-0.00000000E+00,-0.00000000E+00,3.05263022E-38,1.60699857E-39,-0.00000000E+00,-0.00000000E+00,3.05263022E-38,1.60699857E-39,-4.64009042E+04,-2.39962262E+03,-1.68053114E+02,-1.03549534E+01,1.93337276E+05,9.99843665E+03,1.90000000E+05,1.00000000E+04,7.76993297E+06,1.63110221E+09
2.10000000E+01,1.00000000E+00,1.46789054E-01,1.39977983E+08,1.07695806E+04,1.26791640E+05,-0.00000000E+00,-0.00000000E+00,-2.51570351E-32,-1.32927222E-33,1.75051146E+08,8.33587443E+06,1.75078265E-02,8.33716661E-04,-1.75205716E+08,-8.34347458E+06,-9.22965109E+00,-8.16801589E-01,-0.00000000E+00,-0.00000000E+00,3.21333006E-38,1.60699826E-39,-0.00000000E+00,-0.00000000E+00,3.21333006E-38,1.60699826E-39,-4.88005268E+04,-2.39962259E+03,-1.78408101E+02,-1.03550026E+01,2.03335712E+05,9.99843656E+03,2.00000000E+05,1.00000000E+04,7.76993289E+06,1.63110221E+09
2.20000000E+01,1.00000000E+00,1.46791621E-01,1.39977982E+08,1.07695805E+04,1.33491181E+05,-0.00000000E+00,-0.00000000E+00,-2.64863073E-32,-1.32927221E-33,1.83387047E+08,8.33590120E+06,1.83415458E-02,8.33719347E-04,-1.83549217E+08,-8.34350135E+06,-1.00464684E+01,-8.16824208E-01,-0.00000000E+00,-0.00000000E+00,3.37402986E-38,1.60699794E-39,-0.00000000E+00,-0.00000000E+00,3.37402986E-38,1.60699795E-39,-5.12001494E+04,-2.39962257E+03,-1.88763137E+02,-1.03550518E+01,2.13334149E+05,9.99843647E+03,2.10000000E+05,1.00000000E+04,7.76993282E+06,1.63110221E+09
2.30000000E+01,1.00000000E+00,1.46794186E-01,1.39977980E+08,1.07695805E+04,1.40190721E+05,-0.00000000E+00,-0.00000000E+00,-2.78155795E-32,-1.32927220E-33,1.91722975E+08,8.33592796E+06,1.91752679E-02,8.33722031E-04,-1.91892745E+08,-8.34352811E+06,-1.08633067E+01,-8.16844780E-01,-0.00000000E+00,-0.00000000E+00,3.53472963E-38,1.60699763E-39,-0.00000000E+00,-0.00000000E+00,3.53472963E-38,1.60699763E-39,-5.35997719E+04,-2.39962255E+03,-1.99118222E+02,-1.03551010E+01,2.23332585E+05,9.99843638E+03,2.20000000E+05,1.00000000E+04,7.76993274E+06,1.63110221E+09
2.40000000E+01,1.00000000E+00,1.46796751E-01,1.39977979E+08,1.07695804E+04,1.46890262E+05,-0.00000000E+00,-0.00000000E+00,-2.91448517E-32,-1.32927219E-33,2.00058930E+08,8.33595469E+06,2.00089926E-02,8.33724713E-04,-2.00236300E+08,-8.34355484E+06,-1.16801653E+01,-8.16864906E-01,-0.00000000E+00,-0.00000000E+00,3.69542938E-38,1.60699732E-39,-0.00000000E+00,-0.00000000E+00,3.69542938E-38,1.60699732E-39,-5.59993945E+04,-2.39962253E+03,-2.09473357E+02,-1.03551502E+01,2.33331022E+05,9.99843629E+03,2.30000000E+05,1.00000000E+04,7.76993267E+06,1.63110221E+09
2.50000000E+01,1.00000000E+00,1.46799315E-01,1.39977977E+08,1.07695803E+04,1.53589802E+05,-0.00000000E+00,-0.00000000E+00,-3.04741239E-32,-1.32927219E-33,2.08394911E+08,8.33598141E+06,2.08427200E-02,8.33727393E-04,-2.08579882E+08,-8.34358156E+06,-1.24970440E+01,-8.16884941E-01,-0.00000000E+00,-0.00000000E+00,3.85612909E-38,1.60699702E-39,-0.00000000E+00,-0.00000000E+00,3.85612909E-38,1.60699702E-39,-5.83990170E+04,-2.39962251E+03,-2.19828540E+02,-1.03551994E+01,2.43329458E+05,9.99843620E+03,2.40000000E+05,1.00000000E+04,7.76993260E+06,1.63110221E+09
2.60000000E+01,1.00000000E+00,1.46801879E-01,1.39977976E+08,1.07695802E+04,1.60289343E+05,-0.00000000E+00,-0.00000000E+00,-3.18033961E-32,-1.32927218E-33,2.16730920E+08,8.33600811E+06,2.16764500E-02,8.33730071E-04,-2.16923490E+08,-8.34360825E+06,-1.33139426E+01,-8.16904972E-01,-0.00000000E+00,-0.00000000E+00,4.01682877E-38,1.60699671E-39,-0.00000000E+00,-0.00000000E+00,4.01682877E-38,1.60699671E-39,-6.07986395E+04,-2.39962249E+03,-2.30183773E+02,-1.03552486E+01,2.53327894E+05,9.99843611E+03,2.50000000E+05,1.00000000E+04,7.76993252E+06,1.63110221E+09
2.70000000E+01,1.00000000E+00,1.46804441E-01,1.39977975E+08,1.07695802E+04,1.66988883E+05,-0.00000000E+00,-0.00000000E+00,-3.31326683E-32,-1.32927217E-33,2.25066954E+08,8.33603478E+06,2.25101828E-02,8.33732747E-04,-2.25267125E+08,-8.34363493E+06,-1.41308613E+01,-8.16925016E-01,-0.00000000E+00,-0.00000000E+00,4.17752842E-38,1.60699640E-39,-0.00000000E+00,-0.00000000E+00,4.17752842E-38,1.60699640E-39,-6.31982619E+04,-2.39962247E+03,-2.40539055E+02,-1.03552978E+01,2.63326330E+05,9.99843602E+03,2.60000000E+05,1.00000000E+04,7.76993245E+06,1.63110221E+09
2.80000000E+01,1.00000000E+00,1.46807003E-01,1.39977974E+08,1.07695801E+04,1.73688424E+05,-0.00000000E+00,-0.00000000E+00,-3.44619404E-32,-1.32927216E-33,2.33403016E+08,8.33606144E+06,2.33439182E-02,8.33735421E-04,-2.33610786E+08,-8.34366159E+06,-1.49478001E+01,-8.16945074E-01,-0.00000000E+00,-0.00000000E+00,4.33822804E-38,1.60699610E-39,-0.00000000E+00,-0.00000000E+00,4.33822804E-38,1.60699610E-39,-6.55978844E+04,-2.39962244E+03,-2.50894386E+02,-1.03553470E+01,2.73324766E+05,9.99843594E+03,2.70000000E+05,1.00000000E+04,7.76993237E+06,1.63110221E+09
2.90000000E+01,1.00000000E+00,1.46809565E-01,1.39977972E+08,1.07695800E+04,1.80387964E+05,-0.00000000E+00,-0.00000000E+00,-3.57912126E-32,-1.32927215E-33,2.41739104E+08,8.33608808E+06,2.41776563E-02,8.33738093E-04,-2.41954475E+08,-8.34368823E+06,-1.57647590E+01,-8.16965141E-01,-0.00000000E+00,-0.00000000E+00,4.49892763E-38,1.60699580E-39,-0.00000000E+00,-0.00000000E+00,4.49892763E-38,1.60699580E-39,-6.79975068E+04,-2.39962242E+03,-2.61249766E+02,-1.03553961E+01,2.83323202E+05,9.99843585E+03,2.80000000E+05,1.00000000E+04,7.76993230E+06,1.63110221E+09
3.00000000E+01,1.00000000E+00,1.46812125E-01,1.39977971E+08,1.07695799E+04,1.87087504E+05,-0.00000000E+00,-0.00000000E+00,-3.71204847E-32,-1.32927214E-33,2.50075219E+08,8.33611470E+06,2.50113971E-02,8.33740764E-04,-2.50298189E+08,-8.34371485E+06,-1.65817379E+01,-8.16985213E-01,-0.00000000E+00,-0.00000000E+00,4.65962719E-38,1.60699550E-39,-0.00000000E+00,-0.00000000E+00,4.65962719E-38,1.60699550E-39,-7.03971292E+04,-2.39962240E+03,-2.71605196E+02,-1.03554452E+01,2.93321637E+05,9.99843576E+03,2.90000000E+05,1.00000000E+04,7.76993223E+06,1.63110221E+09
3.10000000E+01,1.00000000E+00,1.46814685E-01,1.39977970E+08,1.07695799E+04,1.93787045E+05,-0.00000000E+00,-0.00000000E+00,-3.84497569E-32,-1.32927213E-33,2.58411360E+08,8.33614130E+06,2.58451405E-02,8.33743432E-04,-2.58641931E+08,-8.34374145E+06,-1.73987368E+01,-8.17005285E-01,-0.00000000E+00,-0.00000000E+00,4.82032671E-38,1.60699520E-39,-0.00000000E+00,-0.00000000E+00,4.82032671E-38,1.60699520E-39,-7.27967516E+04,-2.39962238E+03,-2.81960674E+02,-1.03554943E+01,3.03320073E+05,9.99843567E+03,3.00000000E+05,1.00000000E+04,7.76993215E+06,1.63110221E+09
3.20000000E+01,1.00000000E+00,1.46817245E-01,1.39977968E+08,1.07695798E+04,2.00486585E+05,-0.00000000E+00,-0.00000000E+00,-3.97790290E-32,-1.32927212E-33,2.66747528E+08,8.33616789E+06,2.66788866E-02,8.33746099E-04,-2.66985699E+08,-8.34376803E+06,-1.82157559E+01,-8.17025354E-01,-0.00000000E+00,-0.00000000E+00,4.98102621E-38,1.60699491E-39,-0.00000000E+00,-0.00000000E+00,4.98102621E-38,1.60699491E-39,-7.51963739E+04,-2.39962236E+03,-2.92316202E+02,-1.03555434E+01,3.13318509E+05,9.99843558E+03,3.10000000E+05,1.00000000E+04,7.76993208E+06,1.63110221E+09
3.30000000E+01,1.00000000E+00,1.46819803E-01,1.39977967E+08,1.07695797E+04,2.07186125E+05,-0.00000000E+00,-0.00000000E+00,-4.11083011E-32,-1.32927211E-33,2.75083722E+08,8.33619445E+06,2.75126354E-02,8.33748764E-04,-2.75329494E+08,-8.34379459E+06,-1.90327950E+01,-8.17045419E-01,-0.00000000E+00,-0.00000000E+00,5.14172569E-38,1.60699461E-39,-0.00000000E+00,-0.00000000E+00,5.14172569E-38,1.60699461E-39,-7.75959963E+04,-2.39962234E+03,-3.02671779E+02,-1.03555925E+01,3.23316944E+05,9.99843549E+03,3.20000000E+05,1.00000000E+04,7.76993201E+06,1.63110221E+09
3.40000000E+01,1.00000000E+00,1.46822361E-01,1.39977966E+08,1.07695796E+04,2.13885665E+05,-0.00000000E+00,-0.00000000E+00,-4.24375732E-32,-1.32927210E-33,2.83419943E+08,8.33622100E+06,2.83463868E-02,8.33751427E-04,-2.83673315E+08,-8.34382114E+06,-1.98498542E+01,-8.17065479E-01,-0.00000000E+00,-0.00000000E+00,5.30242513E-38,1.60699432E-39,-0.00000000E+00,-0.00000000E+00,5.30242513E-38,1.60699432E-39,-7.99956186E+04,-2.39962232E+03,-3.13027404E+02,-1.03556416E+01,3.33315380E+05,9.99843540E+03,3.30000000E+05,1.00000000E+04,7.76993193E+06,1.63110221E+09
3.50000000E+01,1.00000000E+00,1.46824919E-01,1.39977964E+08,1.07695796E+04,2.20585205E+05,-0.00000000E+00,-0.00000000E+00,-4.37668453E-32,-1.32927209E-33,2.91756191E+08,8.33624753E+06,2.91801409E-02,8.33754088E-04,-2.92017162E+08,-8.34384767E+06,-2.06669334E+01,-8.17085535E-01,-0.00000000E+00,-0.00000000E+00,5.46312454E-38,1.60699403E-39,-0.00000000E+00,-0.00000000E+00,5.46312454E-38,1.60699403E-39,-8.23952409E+04,-2.39962229E+03,-3.23383079E+02,-1.03556906E+01,3.43313815E+05,9.99843532E+03,3.40000000E+05,1.00000000E+04,7.76993186E+06,1.63110221E+09
3.60000000E+01,1.00000000E+00,1.46827475E-01,1.39977963E+08,1.07695795E+04,2.27284745E+05,-0.00000000E+00,-0.00000000E+00,-4.50961174E-32,-1.32927208E-33,3.00092465E+08,8.33627404E+06,3.00138976E-02,8.33756747E-04,-3.00361037E+08,-8.34387418E+06,-2.14840327E+01,-8.17105585E-01,-0.00000000E+00,-0.00000000E+00,5.62382392E-38,1.60699374E-39,-0.00000000E+00,-0.00000000E+00,5.62382392E-38,1.60699374E-39,-8.47948632E+04,-2.39962227E+03,-3.33738803E+02,-1.03557397E+01,3.53312250E+05,9.99843523E+03,3.50000000E+05,1.00000000E+04,7.76993179E+06,1.63110221E+09
3.70000000E+01,1.00000000E+00,1.46830031E-01,1.39977962E+08,1.07695794E+04,2.33984285E+05,-0.00000000E+00,-0.00000000E+00,-4.64253895E-32,-1.32927207E-33,3.08428765E+08,8.33630053E+06,3.08476570E-02,8.33759405E-04,-3.08704937E+08,-8.34390067E+06,-2.23011520E+01,-8.17125631E-01,-0.00000000E+00,-0.00000000E+00,5.78452328E-38,1.60699346E-39,-0.00000000E+00,-0.00000000E+00,5.78452328E-38,1.60699346E-39,-8.71944854E+04,-2.39962225E+03,-3.44094576E+02,-1.03557887E+01,3.63310685E+05,9.99843514E+03,3.60000000E+05,1.00000000E+04,7.76993171E+06,1.63110221E+09
3.80000000E+01,1.00000000E+00,1.46832586E-01,1.39977960E+08,1.07695793E+04,2.40683825E+05,-0.00000000E+00,-0.00000000E+00,-4.77546615E-32,-1.32927207E-33,3.16765092E+08,8.33632700E+06,3.16814191E-02,8.33762060E-04,-3.17048864E+08,-8.34392714E+06,-2.31182914E+01,-8.17145672E-01,-0.00000000E+00,-0.00000000E+00,5.94522260E-38,1.60699317E-39,-0.00000000E+00,-0.00000000E+00,5.94522260E-38,1.60699317E-39,-8.95941077E+04,-2.39962223E+03,-3.54450398E+02,-1.03558377E+01,3.73309120E+05,9.99843505E+03,3.70000000E+05,1.00000000E+04,7.76993164E+06,1.63110221E+09
3.90000000E+01,1.00000000E+00,1.46835141E-01,1.39977959E+08,1.07695793E+04,2.47383365E+05,-0.00000000E+00,-0.00000000E+00,-4.90839336E-32,-1.32927206E-33,3.25101446E+08,8.33635346E+06,3.25151838E-02,8.33764714E-04,-3.25392818E+08,-8.34395359E+06,-2.39354508E+01,-8.17165708E-01,-0.00000000E+00,-0.00000000E+00,6.10592190E-38,1.60699289E-39,-0.00000000E+00,-0.00000000E+00,6.10592190E-38,1.60699289E-39,-9.19937299E+04,-2.39962221E+03,-3.64806269E+02,-1.03558867E+01,3.83307555E+05,9.99843496E+03,3.80000000E+05,1.00000000E+04,7.76993156E+06,1.63110221E+09
4.00000000E+01,1.00000000E+00,1.46837695E-01,1.39977958E+08,1.07695792E+04,2.54082905E+05,-0.00000000E+00,-0.00000000E+00,-5.04132057E-32,-1.32927205E-33,3.33437826E+08,8.33637990E+06,3.33489512E-02,8.33767366E-04,-3.33736798E+08,-8.34398003E+06,-2.47526302E+01,-8.17185739E-01,-0.00000000E+00,-0.00000000E+00,6.26662117E-38,1.60699261E-39,-0.00000000E+00,-0.00000000E+00,6.26662117E-38,1.60699261E-39,-9.43933520E+04,-2.39962219E+03,-3.75162189E+02,-1.03559357E+01,3.93305990E+05,9.99843487E+03,3.90000000E+05,1.00000000E+04,7.76993149E+06,1.63110221E+09
4.10000000E+01,1.00000000E+00,1.46840248E-01,1.39977956E+08,1.07695791E+04,2.60782445E+05,-0.00000000E+00,-0.00000000E+00,-5.17424777E-32,-1.32927204E-33,3.41774232E+08,8.33640632E+06,3.41827212E-02,8.33770016E-04,-3.42080804E+08,-8.34400645E+06,-2.55698297E+01,-8.17205765E-01,-0.00000000E+00,-0.00000000E+00,6.42732041E-38,1.60699233E-39,-0.00000000E+00,-0.00000000E+00,6.42732041E-38,1.60699233E-39,-9.67929742E+04,-2.39962217E+03,-3.85518158E+02,-1.03559847E+01,4.03304425E+05,9.99843479E+03,4.00000000E+05,1.00000000E+04,7.76993142E+06,1.63110221E+09
4.20000000E+01,1.00000000E+00,1.46842800E-01,1.39977955E+08,1.07695790E+04,2.67481984E+05,-0.00000000E+00,-0.00000000E+00,-5.30717497E-32,-1.32927203E-33,3.50110665E+08,8.33643272E+06,3.50164938E-02,8.33772665E-04,-3.50424837E+08,-8.34403285E+06,-2.63870492E+01,-8.17225787E-01,-0.00000000E+00,-0.00000000E+00,6.58801962E-38,1.60699205E-39,-0.00000000E+00,-0.00000000E+00,6.58801962E-38,1.60699205E-39,-9.91925964E+04,-2.39962214E+03,-3.95874176E+02,-1.03560337E+01,4.13302860E+05,9.99843470E+03,4.10000000E+05,1.00000000E+04,7.76993135E+06,1.63110221E+09
4.30000000E+01,1.00000000E+00,1.46845352E-01,1.39977954E+08,1.07695790E+04,2.74181524E+05,-0.00000000E+00,-0.00000000E+00,-5.44010218E-32,-1.32927202E-33,3.58447124E+08,8.33645910E+06,3.58502692E-02,8.33775312E-04,-3.58768897E+08,-8.34405923E+06,-2.72042887E+01,-8.17245804E-01,-0.00000000E+00,-0.00000000E+00,6.74871881E-38,1.60699177E-39,-0.00000000E+00,-0.00000000E+00,6.74871881E-38,1.60699177E-39,-1.01592218E+05,-2.39962212E+03,-4.06230242E+02,-1.03560827E+01,4.23301294E+05,9.99843461E+03,4.20000000E+05,1.00000000E+04,7.76993127E+06,1.63110221E+09
4.40000000E+01,1.00000000E+00,1.46847903E-01,1.39977952E+08,1.07695789E+04,2.80881064E+05,-0.00000000E+00,-0.00000000E+00,-5.57302938E-32,-1.32927201E-33,3.66783609E+08,8.33648547E+06,3.66840471E-02,8.33777956E-04,-3.67112982E+08,-8.34408560E+06,-2.80215483E+01,-8.17265815E-01,-0.00000000E+00,-0.00000000E+00,6.90941797E-38,1.60699150E-39,-0.00000000E+00,-0.00000000E+00,6.90941797E-38,1.60699150E-39,-1.03991841E+05,-2.39962210E+03,-4.16586358E+02,-1.03561316E+01,4.33299729E+05,9.99843452E+03,4.30000000E+05,1.00000000E+04,7.76993120E+06,1.63110221E+09
4.50000000E+01,1.00000000E+00,1.46850454E-01,1.39977951E+08,1.07695788E+04,2.87580603E+05,-0.00000000E+00,-0.00000000E+00,-5.70595658E-32,-1.32927200E-33,3.75120121E+08,8.33651182E+06,3.75178277E-02,8.33780599E-04,-3.75457094E+08,-8.34411194E+06,-2.88388278E+01,-8.17285822E-01,-0.00000000E+00,-0.00000000E+00,7.07011710E-38,1.60699123E-39,-0.00000000E+00,-0.00000000E+00,7.07011710E-38,1.60699123E-39,-1.06391463E+05,-2.39962208E+03,-4.26942523E+02,-1.03561805E+01,4.43298163E+05,9.99843443E+03,4.40000000E+05,1.00000000E+04,7.76993113E+06,1.63110221E+09
4.60000000E+01,1.00000000E+00,1.46853004E-01,1.39977950E+08,1.07695788E+04,2.94280143E+05,-0.00000000E+00,-0.00000000E+00,-5.83888378E-32,-1.32927199E-33,3.83456659E+08,8.33653815E+06,3.83516109E-02,8.33783241E-04,-3.83801232E+08,-8.34413827E+06,-2.96561273E+01,-8.17305825E-01,-0.00000000E+00,-0.00000000E+00,7.23081620E-38,1.60699095E-39,-0.00000000E+00,-0.00000000E+00,7.23081620E-38,1.60699095E-39,-1.08791085E+05,-2.39962206E+03,-4.37298737E+02,-1.03562294E+01,4.53296597E+05,9.99843434E+03,4.50000000E+05,1.00000000E+04,7.76993105E+06,1.63110221E+09
4.70000000E+01,1.00000000E+00,1.46855553E-01,1.39977948E+08,1.07695787E+04,3.00979683E+05,-0.00000000E+00,-0.00000000E+00,-5.97181098E-32,-1.32927198E-33,3.91793224E+08,8.33656446E+06,3.91853968E-02,8.33785880E-04,-3.92145397E+08,-8.34416459E+06,-3.04734469E+01,-8.17325822E-01,-0.00000000E+00,-0.00000000E+00,7.39151528E-38,1.60699068E-39,-0.00000000E+00,-0.00000000E+00,7.39151528E-38,1.60699068E-39,-1.11190707E+05,-2.39962204E+03,-4.47654999E+02,-1.03562784E+01,4.63295032E+05,9.99843426E+03,4.60000000E+05,1.00000000E+04,7.76993098E+06,1.63110221E+09
4.80000000E+01,1.00000000E+00,1.46858101E-01,1.39977947E+08,1.07695786E+04,3.07679222E+05,-0.00000000E+00,-0.00000000E+00,-6.10473817E-32,-1.32927197E-33,4.00129814E+08,8.33659076E+06,4.00191853E-02,8.33788518E-04,-4.00489588E+08,-8.34419088E+06,-3.12907864E+01,-8.17345815E-01,-0.00000000E+00,-0.00000000E+00,7.55221433E-38,1.60699041E-39,-0.00000000E+00,-0.00000000E+00,7.55221433E-38,1.60699041E-39,-1.13590329E+05,-2.39962202E+03,-4.58011311E+02,-1.03563272E+01,4.73293466E+05,9.99843417E+03,4.70000000E+05,1.00000000E+04,7.76993091E+06,1.63110221E+09
4.90000000E+01,1.00000000E+00,1.46860649E-01,1.39977946E+08,1.07695785E+04,3.14378761E+05,-0.00000000E+00,-0.00000000E+00,-6.23766537E-32,-1.32927196E-33,4.08466431E+08,8.33661703E+06,4.08529765E-02,8.33791154E-04,-4.08833805E+08,-8.34421716E+06,-3.21081459E+01,-8.17365802E-01,-0.00000000E+00,-0.00000000E+00,7.71291335E-38,1.60699015E-39,-0.00000000E+00,-0.00000000E+00,7.71291335E-38,1.60699015E-39,-1.15989951E+05,-2.39962199E+03,-4.68367671E+02,-1.03563761E+01,4.83291900E+05,9.99843408E+03,4.80000000E+05,1.00000000E+04,7.76993083E+06,1.63110221E+09
5.00000000E+01,1.00000000E+00,1.46863196E-01,1.39977944E+08,1.07695785E+04,3.21078301E+05,-0.00000000E+00,-0.00000000E+00,-6.37059257E-32,-1.32927196E-33,4.16803075E+08,8.33664329E+06,4.16867703E-02,8.33793789E-04,-4.17178048E+08,-8.34424342E+06,-3.29255254E+01,-8.17385785E-01,-0.00000000E+00,-0.00000000E+00,7.87361235E-38,1.60698988E-39,-0.00000000E+00,-0.00000000E+00,7.87361235E-38,1.60698988E-39,-1.18389573E+05,-2.39962197E+03,-4.78724080E+02,-1.03564250E+01,4.93290334E+05,9.99843399E+03,4.90000000E+05,1.00000000E+04,7.76993076E+06,1.63110221E+09
