Time [d],dt_flow [d],dt_tran [d],Global Water Mass in Liquid Phas [kg],Global Vaq [mol],Global Vim [mol],Top Water Mass [kg],Top Water Mass [kg/d],Top Vaq [mol],Top Vaq [mol/d],Right Water Mass [kg],Right Water Mass [kg/d],Right Vaq [mol],Right Vaq [mol/d],Left Water Mass [kg],Left Water Mass [kg/d],Left Vaq [mol],Left Vaq [mol/d],North Water Mass [kg],North Water Mass [kg/d],North Vaq [mol],North Vaq [mol/d],South Water Mass [kg],South Water Mass [kg/d],South Vaq [mol],South Vaq [mol/d],ExtractWell Water Mass [kg],ExtractWell Water Mass [kg/d],ExtractWell Vaq [mol],ExtractWell Vaq [mol/d],InjectWell Water Mass [kg],InjectWell Water Mass [kg/d],InjectWell Vaq [mol],InjectWell Vaq [mol/d],Region Region__all Water Mass [kg],Region Region__all Total Mass [kg]
1.00000000E+00,4.89000000E-01,9.00000000E-03,1.39978320E+08,6.08599647E-03,5.74809151E-03,-0.00000000E+00,-0.00000000E+00,5.95442151E-40,9.76814150E-40,1.66803051E+07,1.66794286E+07,1.66828134E-03,1.66819370E-03,-1.66828739E+07,-1.66833212E+07,-1.07197078E-03,-6.74305950E-04,-0.00000000E+00,-0.00000000E+00,5.91748207E-40,9.70760135E-40,-0.00000000E+00,-0.00000000E+00,5.91748207E-40,9.70760135E-40,-8.08072447E+02,-1.22621007E+03,-4.49596015E-08,-4.95657428E-08,3.36697450E+03,5.10921771E+03,3.36749000E-07,5.11000000E-07,7.76995159E+06,1.63109144E+09
2.00000000E+00,4.88000000E-01,8.00000000E-03,1.39978311E+08,6.46946140E+03,2.36765405E+03,-0.00000000E+00,-0.00000000E+00,-4.69769164E-34,-7.98514650E-34,3.33571708E+07,1.66769497E+07,3.33621876E-03,1.66794584E-03,-3.33673472E+07,-1.66845570E+07,-1.50826793E-03,-2.69714959E-04,-0.00000000E+00,-0.00000000E+00,1.77102776E-39,1.31863821E-39,-0.00000000E+00,-0.00000000E+00,1.77102776E-39,1.31863821E-39,-3.20770065E+03,-2.39962816E+03,-4.48075927E-01,-2.42821174E+00,1.33654432E+04,9.99846861E+03,1.00000000E+04,1.00000000E+04,7.76995111E+06,1.63109791E+09
3.00000000E+00,1.00000000E+00,8.00000000E-03,1.39978304E+08,9.04944732E+03,7.33758538E+03,-0.00000000E+00,-0.00000000E+00,-1.45586492E-33,-1.11695863E-33,5.00344166E+07,1.66772458E+07,5.00419427E-03,1.66797551E-03,-5.00521992E+07,-1.66848520E+07,-2.03441462E-03,-2.70134338E-03,-0.00000000E+00,-0.00000000E+00,3.16167653E-39,1.43835721E-39,-0.00000000E+00,-0.00000000E+00,3.16167653E-39,1.43835721E-39,-5.60732869E+03,-2.39962805E+03,-1.04337338E+01,-1.68363933E+01,2.33639114E+04,9.99846821E+03,2.00000000E+04,1.00000000E+04,7.76995070E+06,1.63110049E+09
4.00000000E+00,1.00000000E+00,2.40000000E-02,1.39978297E+08,1.00685654E+04,1.33477866E+04,-0.00000000E+00,-0.00000000E+00,-2.64836343E-33,-1.24274691E-33,6.67119272E+07,1.66775106E+07,6.67219633E-03,1.66800206E-03,-6.67373153E+07,-1.66851161E+07,-1.78455422E-01,-6.85001774E-01,-0.00000000E+00,-0.00000000E+00,4.62454383E-39,1.47819380E-39,-0.00000000E+00,-0.00000000E+00,4.62454383E-39,1.47819380E-39,-8.00695664E+03,-2.39962794E+03,-3.00979234E+01,-2.08430779E+01,3.33623793E+04,9.99846783E+03,3.00000000E+04,1.00000000E+04,7.76995033E+06,1.63110151E+09
5.00000000E+00,1.00000000E+00,8.00000000E-03,1.39978291E+08,1.04768234E+04,1.97641694E+04,-0.00000000E+00,-0.00000000E+00,-3.92145352E-33,-1.29313761E-33,8.33896813E+07,1.66777541E+07,8.34022282E-03,1.66802648E-03,-8.34226744E+07,-1.66853591E+07,-4.23849293E+00,-9.38560426E+00,-0.00000000E+00,-0.00000000E+00,6.11081915E-39,1.49125210E-39,-0.00000000E+00,-0.00000000E+00,6.11081915E-39,1.49125210E-39,-1.04065845E+04,-2.39962785E+03,-5.11330372E+01,-2.10956268E+01,4.33608467E+04,9.99846746E+03,4.00000000E+04,1.00000000E+04,7.76994999E+06,1.63110192E+09
6.00000000E+00,1.00000000E+00,4.00000000E-02,1.39978285E+08,1.06305993E+04,2.63401880E+04,-0.00000000E+00,-0.00000000E+00,-5.22621741E-33,-1.31211796E-33,1.00067666E+08,1.66779846E+07,1.00082724E-02,1.66804960E-03,-1.00108264E+08,-1.66855892E+07,-2.47014128E+01,-3.17040580E+01,-0.00000000E+00,-0.00000000E+00,7.60460150E-39,1.49530372E-39,-0.00000000E+00,-0.00000000E+00,7.60460150E-39,1.49530372E-39,-1.28062122E+04,-2.39962776E+03,-7.22346417E+01,-2.11032437E+01,5.33593138E+04,9.99846708E+03,5.00000000E+04,1.00000000E+04,7.76994967E+06,1.63110207E+09
7.00000000E+00,1.00000000E+00,4.00000000E-02,1.39978279E+08,1.06775833E+04,3.29724180E+04,-0.00000000E+00,-0.00000000E+00,-6.54213432E-33,-1.31791712E-33,1.16745874E+08,1.66782078E+07,1.16763444E-02,1.66807199E-03,-1.16794076E+08,-1.66858123E+07,-6.81450761E+01,-5.13334999E+01,-0.00000000E+00,-0.00000000E+00,9.10064839E-39,1.49643982E-39,-0.00000000E+00,-0.00000000E+00,9.10064839E-39,1.49643982E-39,-1.52058399E+04,-2.39962767E+03,-9.33380839E+01,-2.11035016E+01,6.33577805E+04,9.99846671E+03,6.00000000E+04,1.00000000E+04,7.76994936E+06,1.63110212E+09
8.00000000E+00,1.00000000E+00,4.00000000E-02,1.39978274E+08,1.06890256E+04,3.96195415E+04,-0.00000000E+00,-0.00000000E+00,-7.86100631E-33,-1.31932944E-33,1.33424301E+08,1.66784273E+07,1.33444384E-02,1.66809401E-03,-1.33480108E+08,-1.66860317E+07,-1.24924239E+02,-5.97934140E+01,-0.00000000E+00,-0.00000000E+00,1.05972863E-38,1.49673819E-39,-0.00000000E+00,-0.00000000E+00,1.05972863E-38,1.49673819E-39,-1.76054675E+04,-2.39962758E+03,-1.14441678E+02,-2.11036303E+01,7.33562469E+04,9.99846634E+03,7.00000000E+04,1.00000000E+04,7.76994905E+06,1.63110213E+09
9.00000000E+00,1.00000000E+00,6.79771277E-02,1.39978269E+08,1.06911358E+04,4.62698869E+04,-0.00000000E+00,-0.00000000E+00,-9.18051755E-33,-1.31958989E-33,1.50102946E+08,1.66786450E+07,1.50125543E-02,1.66811584E-03,-1.50166357E+08,-1.66862493E+07,-1.86231821E+02,-6.20268502E+01,-0.00000000E+00,-0.00000000E+00,1.20940698E-38,1.49680487E-39,-0.00000000E+00,-0.00000000E+00,1.20940698E-38,1.49680487E-39,-2.00050950E+04,-2.39962749E+03,-1.35545397E+02,-2.11037541E+01,8.33547128E+04,9.99846597E+03,8.00000000E+04,1.00000000E+04,7.76994875E+06,1.63110213E+09
1.00000000E+01,1.00000000E+00,1.45554049E-01,1.39978263E+08,1.06914381E+04,5.29207651E+04,-0.00000000E+00,-0.00000000E+00,-1.05001345E-32,-1.31962721E-33,1.66781808E+08,1.66788618E+07,1.66806918E-02,1.66813759E-03,-1.66852823E+08,-1.66864661E+07,-2.48552551E+02,-6.24400393E+01,-0.00000000E+00,-0.00000000E+00,1.35908826E-38,1.49681601E-39,-0.00000000E+00,-0.00000000E+00,1.35908826E-38,1.49681601E-39,-2.24047224E+04,-2.39962740E+03,-1.56649240E+02,-2.11038748E+01,9.33531784E+04,9.99846560E+03,9.00000000E+04,1.00000000E+04,7.76994845E+06,1.63110213E+09
1.10000000E+01,1.00000000E+00,1.45564765E-01,1.39978258E+08,1.06914730E+04,5.95717113E+04,-0.00000000E+00,-0.00000000E+00,-1.18197650E-32,-1.31963151E-33,1.83460886E+08,1.66790782E+07,1.83488511E-02,1.66815929E-03,-1.83539505E+08,-1.66866824E+07,-3.11039472E+02,-6.25048201E+01,-0.00000000E+00,-0.00000000E+00,1.50876987E-38,1.49681584E-39,-0.00000000E+00,-0.00000000E+00,1.50876987E-38,1.49681584E-39,-2.48043497E+04,-2.39962731E+03,-1.77753207E+02,-2.11040001E+01,1.03351644E+05,9.99846523E+03,1.00000000E+05,1.00000000E+04,7.76994815E+06,1.63110213E+09
1.20000000E+01,1.00000000E+00,1.45575471E-01,1.39978252E+08,1.06914731E+04,6.62226633E+04,-0.00000000E+00,-0.00000000E+00,-1.31393966E-32,-1.31963152E-33,2.00140180E+08,1.66792942E+07,2.00170321E-02,1.66818097E-03,-2.00226404E+08,-1.66868985E+07,-3.73552307E+02,-6.25159695E+01,-0.00000000E+00,-0.00000000E+00,1.65845131E-38,1.49681358E-39,-0.00000000E+00,-0.00000000E+00,1.65845131E-38,1.49681358E-39,-2.72039769E+04,-2.39962722E+03,-1.98857299E+02,-2.11041249E+01,1.13350109E+05,9.99846485E+03,1.10000000E+05,1.00000000E+04,7.76994785E+06,1.63110213E+09
1.30000000E+01,1.00000000E+00,1.45586171E-01,1.39978247E+08,1.06914694E+04,7.28736135E+04,-0.00000000E+00,-0.00000000E+00,-1.44590278E-32,-1.31963106E-33,2.16819690E+08,1.66795101E+07,2.16852347E-02,1.66820262E-03,-2.16913518E+08,-1.66871143E+07,-4.36071357E+02,-6.25204227E+01,-0.00000000E+00,-0.00000000E+00,1.80813250E-38,1.49681098E-39,-0.00000000E+00,-0.00000000E+00,1.80813250E-38,1.49681098E-39,-2.96036041E+04,-2.39962713E+03,-2.19961516E+02,-2.11042489E+01,1.23348573E+05,9.99846448E+03,1.20000000E+05,1.00000000E+04,7.76994755E+06,1.63110213E+09
1.40000000E+01,1.00000000E+00,1.45596867E-01,1.39978242E+08,1.06914653E+04,7.95245613E+04,-0.00000000E+00,-0.00000000E+00,-1.57786586E-32,-1.31963056E-33,2.33499416E+08,1.66797258E+07,2.33534590E-02,1.66822426E-03,-2.33600848E+08,-1.66873300E+07,-4.98594330E+02,-6.25241673E+01,-0.00000000E+00,-0.00000000E+00,1.95781343E-38,1.49680836E-39,-0.00000000E+00,-0.00000000E+00,1.95781343E-38,1.49680836E-39,-3.20032311E+04,-2.39962704E+03,-2.41065856E+02,-2.11043730E+01,1.33347037E+05,9.99846411E+03,1.30000000E+05,1.00000000E+04,7.76994725E+06,1.63110213E+09
1.50000000E+01,1.00000000E+00,1.45607560E-01,1.39978236E+08,1.06914612E+04,8.61755066E+04,-0.00000000E+00,-0.00000000E+00,-1.70982889E-32,-1.31963006E-33,2.50179358E+08,1.66799413E+07,2.50217049E-02,1.66824588E-03,-2.50288394E+08,-1.66875456E+07,-5.61120998E+02,-6.25278461E+01,-0.00000000E+00,-0.00000000E+00,2.10749410E-38,1.49680574E-39,-0.00000000E+00,-0.00000000E+00,2.10749410E-38,1.49680574E-39,-3.44028581E+04,-2.39962695E+03,-2.62170321E+02,-2.11044972E+01,1.43345501E+05,9.99846374E+03,1.40000000E+05,1.00000000E+04,7.76994695E+06,1.63110213E+09
1.60000000E+01,1.00000000E+00,1.45618250E-01,1.39978231E+08,1.06914571E+04,9.28264493E+04,-0.00000000E+00,-0.00000000E+00,-1.84179186E-32,-1.31962955E-33,2.66859514E+08,1.66801567E+07,2.66899724E-02,1.66826749E-03,-2.66976155E+08,-1.66877609E+07,-6.23651340E+02,-6.25315171E+01,-0.00000000E+00,-0.00000000E+00,2.25717451E-38,1.49680314E-39,-0.00000000E+00,-0.00000000E+00,2.25717451E-38,1.49680314E-39,-3.68024849E+04,-2.39962686E+03,-2.83274910E+02,-2.11046214E+01,1.53343964E+05,9.99846337E+03,1.50000000E+05,1.00000000E+04,7.76994666E+06,1.63110213E+09
1.70000000E+01,1.00000000E+00,1.45628938E-01,1.39978225E+08,1.06914530E+04,9.94773895E+04,-0.00000000E+00,-0.00000000E+00,-1.97375479E-32,-1.31962905E-33,2.83539886E+08,1.66803719E+07,2.83582614E-02,1.66828908E-03,-2.83664131E+08,-1.66879762E+07,-6.86185351E+02,-6.25351856E+01,-0.00000000E+00,-0.00000000E+00,2.40685466E-38,1.49680056E-39,-0.00000000E+00,-0.00000000E+00,2.40685466E-38,1.49680056E-39,-3.92021117E+04,-2.39962678E+03,-3.04379623E+02,-2.11047455E+01,1.63342427E+05,9.99846300E+03,1.60000000E+05,1.00000000E+04,7.76994636E+06,1.63110213E+09
1.80000000E+01,1.00000000E+00,1.45639622E-01,1.39978220E+08,1.06914489E+04,1.06128327E+05,-0.00000000E+00,-0.00000000E+00,-2.10571766E-32,-1.31962854E-33,3.00220473E+08,1.66805870E+07,3.00265721E-02,1.66831065E-03,-3.00352322E+08,-1.66881912E+07,-7.48723030E+02,-6.25388531E+01,-0.00000000E+00,-0.00000000E+00,2.55653455E-38,1.49679800E-39,-0.00000000E+00,-0.00000000E+00,2.55653455E-38,1.49679800E-39,-4.16017384E+04,-2.39962669E+03,-3.25484460E+02,-2.11048696E+01,1.73340890E+05,9.99846263E+03,1.70000000E+05,1.00000000E+04,7.76994606E+06,1.63110213E+09
1.90000000E+01,1.00000000E+00,1.45650303E-01,1.39978215E+08,1.06914449E+04,1.12779262E+05,-0.00000000E+00,-0.00000000E+00,-2.23768049E-32,-1.31962804E-33,3.16901275E+08,1.66808019E+07,3.16949043E-02,1.66833221E-03,-3.17040728E+08,-1.66884061E+07,-8.11264376E+02,-6.25425199E+01,-0.00000000E+00,-0.00000000E+00,2.70621418E-38,1.49679545E-39,-0.00000000E+00,-0.00000000E+00,2.70621418E-38,1.49679545E-39,-4.40013650E+04,-2.39962660E+03,-3.46589421E+02,-2.11049937E+01,1.83339352E+05,9.99846225E+03,1.80000000E+05,1.00000000E+04,7.76994576E+06,1.63110213E+09
2.00000000E+01,1.00000000E+00,1.45660982E-01,1.39978209E+08,1.06914408E+04,1.19430195E+05,-0.00000000E+00,-0.00000000E+00,-2.36964326E-32,-1.31962753E-33,3.33582292E+08,1.66810167E+07,3.33632581E-02,1.66835375E-03,-3.33729349E+08,-1.66886209E+07,-8.73809388E+02,-6.25461859E+01,-0.00000000E+00,-0.00000000E+00,2.85589357E-38,1.49679291E-39,-0.00000000E+00,-0.00000000E+00,2.85589357E-38,1.49679291E-39,-4.64009915E+04,-2.39962651E+03,-3.67694506E+02,-2.11051177E+01,1.93337814E+05,9.99846188E+03,1.90000000E+05,1.00000000E+04,7.76994546E+06,1.63110213E+09
2.10000000E+01,1.00000000E+00,1.45671657E-01,1.39978204E+08,1.06914367E+04,1.26081125E+05,-0.00000000E+00,-0.00000000E+00,-2.50160599E-32,-1.31962703E-33,3.50263523E+08,1.66812313E+07,3.50316333E-02,1.66837528E-03,-3.50418185E+08,-1.66888355E+07,-9.36358066E+02,-6.25498513E+01,-0.00000000E+00,-0.00000000E+00,3.00557270E-38,1.49679040E-39,-0.00000000E+00,-0.00000000E+00,3.00557270E-38,1.49679040E-39,-4.88006179E+04,-2.39962642E+03,-3.88799715E+02,-2.11052417E+01,2.03336275E+05,9.99846151E+03,2.00000000E+05,1.00000000E+04,7.76994516E+06,1.63110213E+09
2.20000000E+01,1.00000000E+00,1.45682330E-01,1.39978199E+08,1.06914326E+04,1.32732052E+05,-0.00000000E+00,-0.00000000E+00,-2.63356866E-32,-1.31962652E-33,3.66944969E+08,1.66814457E+07,3.67000301E-02,1.66839679E-03,-3.67107235E+08,-1.66890499E+07,-9.98910408E+02,-6.25535158E+01,-0.00000000E+00,-0.00000000E+00,3.15525158E-38,1.49678790E-39,-0.00000000E+00,-0.00000000E+00,3.15525158E-38,1.49678790E-39,-5.12002442E+04,-2.39962633E+03,-4.09905049E+02,-2.11053657E+01,2.13334737E+05,9.99846114E+03,2.10000000E+05,1.00000000E+04,7.76994487E+06,1.63110213E+09
2.30000000E+01,1.00000000E+00,1.45692999E-01,1.39978193E+08,1.06914285E+04,1.39382977E+05,-0.00000000E+00,-0.00000000E+00,-2.76553128E-32,-1.31962602E-33,3.83626629E+08,1.66816600E+07,3.83684484E-02,1.66841829E-03,-3.83796499E+08,-1.66892642E+07,-1.06146642E+03,-6.25571796E+01,-0.00000000E+00,-0.00000000E+00,3.30493021E-38,1.49678541E-39,-0.00000000E+00,-0.00000000E+00,3.30493020E-38,1.49678541E-39,-5.35998705E+04,-2.39962624E+03,-4.31010506E+02,-2.11054897E+01,2.23333197E+05,9.99846077E+03,2.20000000E+05,1.00000000E+04,7.76994457E+06,1.63110213E+09
2.40000000E+01,1.00000000E+00,1.45703666E-01,1.39978188E+08,1.06914244E+04,1.46033899E+05,-0.00000000E+00,-0.00000000E+00,-2.89749385E-32,-1.31962552E-33,4.00308503E+08,1.66818742E+07,4.00368882E-02,1.66843977E-03,-4.00485977E+08,-1.66894784E+07,-1.12402608E+03,-6.25608425E+01,-0.00000000E+00,-0.00000000E+00,3.45460859E-38,1.49678294E-39,-0.00000000E+00,-0.00000000E+00,3.45460859E-38,1.49678294E-39,-5.59994966E+04,-2.39962615E+03,-4.52116087E+02,-2.11056136E+01,2.33331658E+05,9.99846040E+03,2.30000000E+05,1.00000000E+04,7.76994427E+06,1.63110213E+09
2.50000000E+01,1.00000000E+00,1.45714330E-01,1.39978182E+08,1.06914203E+04,1.52684819E+05,-0.00000000E+00,-0.00000000E+00,-3.02945638E-32,-1.31962501E-33,4.16990591E+08,1.66820882E+07,4.17053494E-02,1.66846124E-03,-4.17175670E+08,-1.66896924E+07,-1.18658942E+03,-6.25645048E+01,-0.00000000E+00,-0.00000000E+00,3.60428672E-38,1.49678049E-39,-0.00000000E+00,-0.00000000E+00,3.60428672E-38,1.49678049E-39,-5.83991227E+04,-2.39962606E+03,-4.73221792E+02,-2.11057374E+01,2.43330118E+05,9.99846003E+03,2.40000000E+05,1.00000000E+04,7.76994398E+06,1.63110213E+09
2.60000000E+01,1.00000000E+00,1.45724991E-01,1.39978177E+08,1.06914163E+04,1.59335737E+05,-0.00000000E+00,-0.00000000E+00,-3.16141885E-32,-1.31962451E-33,4.33672893E+08,1.66823020E+07,4.33738321E-02,1.66848269E-03,-4.33865576E+08,-1.66899062E+07,-1.24915641E+03,-6.25681662E+01,-0.00000000E+00,-0.00000000E+00,3.75396462E-38,1.49677805E-39,-0.00000000E+00,-0.00000000E+00,3.75396462E-38,1.49677805E-39,-6.07987487E+04,-2.39962597E+03,-4.94327620E+02,-2.11058613E+01,2.53328577E+05,9.99845966E+03,2.50000000E+05,1.00000000E+04,7.76994368E+06,1.63110213E+09
2.70000000E+01,1.00000000E+00,1.45735649E-01,1.39978172E+08,1.06914122E+04,1.65986651E+05,-0.00000000E+00,-0.00000000E+00,-3.29338127E-32,-1.31962400E-33,4.50355409E+08,1.66825157E+07,4.50423363E-02,1.66850413E-03,-4.50555696E+08,-1.66901199E+07,-1.31172707E+03,-6.25718269E+01,-0.00000000E+00,-0.00000000E+00,3.90364226E-38,1.49677562E-39,-0.00000000E+00,-0.00000000E+00,3.90364226E-38,1.49677562E-39,-6.31983745E+04,-2.39962588E+03,-5.15433573E+02,-2.11059850E+01,2.63327037E+05,9.99845929E+03,2.60000000E+05,1.00000000E+04,7.76994338E+06,1.63110213E+09
2.80000000E+01,1.00000000E+00,1.45746305E-01,1.39978166E+08,1.06914081E+04,1.72637563E+05,-0.00000000E+00,-0.00000000E+00,-3.42534364E-32,-1.31962350E-33,4.67038138E+08,1.66827293E+07,4.67108618E-02,1.66852555E-03,-4.67246029E+08,-1.66903335E+07,-1.37430138E+03,-6.25754868E+01,-0.00000000E+00,-0.00000000E+00,4.05331967E-38,1.49677321E-39,-0.00000000E+00,-0.00000000E+00,4.05331967E-38,1.49677321E-39,-6.55980003E+04,-2.39962579E+03,-5.36539649E+02,-2.11061088E+01,2.73325496E+05,9.99845892E+03,2.70000000E+05,1.00000000E+04,7.76994308E+06,1.63110213E+09
2.90000000E+01,1.00000000E+00,1.45756957E-01,1.39978161E+08,1.06914040E+04,1.79288473E+05,-0.00000000E+00,-0.00000000E+00,-3.55730596E-32,-1.31962300E-33,4.83721081E+08,1.66829427E+07,4.83794088E-02,1.66854696E-03,-4.83936576E+08,-1.66905469E+07,-1.43687936E+03,-6.25791459E+01,-0.00000000E+00,-0.00000000E+00,4.20299684E-38,1.49677082E-39,-0.00000000E+00,-0.00000000E+00,4.20299684E-38,1.49677082E-39,-6.79976260E+04,-2.39962570E+03,-5.57645850E+02,-2.11062325E+01,2.83323954E+05,9.99845855E+03,2.80000000E+05,1.00000000E+04,7.76994279E+06,1.63110213E+09
3.00000000E+01,1.00000000E+00,1.45767606E-01,1.39978156E+08,1.06913999E+04,1.85939380E+05,-0.00000000E+00,-0.00000000E+00,-3.68926823E-32,-1.31962249E-33,5.00404237E+08,1.66831560E+07,5.00479771E-02,1.66856835E-03,-5.00627336E+08,-1.66907601E+07,-1.49946099E+03,-6.25828042E+01,-0.00000000E+00,-0.00000000E+00,4.35267377E-38,1.49676844E-39,-0.00000000E+00,-0.00000000E+00,4.35267377E-38,1.49676844E-39,-7.03972517E+04,-2.39962562E+03,-5.78752173E+02,-2.11063562E+01,2.93322412E+05,9.99845818E+03,2.90000000E+05,1.00000000E+04,7.76994249E+06,1.63110213E+09
3.10000000E+01,1.00000000E+00,1.45778253E-01,1.39978150E+08,1.06913959E+04,1.92590285E+05,-0.00000000E+00,-0.00000000E+00,-3.82123045E-32,-1.31962199E-33,5.17087606E+08,1.66833691E+07,5.17165668E-02,1.66858973E-03,-5.17318309E+08,-1.66909732E+07,-1.56204628E+03,-6.25864618E+01,-0.00000000E+00,-0.00000000E+00,4.50235046E-38,1.49676607E-39,-0.00000000E+00,-0.00000000E+00,4.50235046E-38,1.49676607E-39,-7.27968772E+04,-2.39962553E+03,-5.99858621E+02,-2.11064799E+01,3.03320870E+05,9.99845781E+03,3.00000000E+05,1.00000000E+04,7.76994220E+06,1.63110213E+09
3.20000000E+01,1.00000000E+00,1.45788897E-01,1.39978145E+08,1.06913918E+04,1.99241187E+05,-0.00000000E+00,-0.00000000E+00,-3.95319262E-32,-1.31962149E-33,5.33771188E+08,1.66835820E+07,5.33851779E-02,1.66861109E-03,-5.34009496E+08,-1.66911862E+07,-1.62463523E+03,-6.25901186E+01,-0.00000000E+00,-0.00000000E+00,4.65202692E-38,1.49676372E-39,-0.00000000E+00,-0.00000000E+00,4.65202692E-38,1.49676372E-39,-7.51965026E+04,-2.39962544E+03,-6.20965192E+02,-2.11066035E+01,3.13319328E+05,9.99845744E+03,3.10000000E+05,1.00000000E+04,7.76994190E+06,1.63110213E+09
3.30000000E+01,1.00000000E+00,1.45799537E-01,1.39978140E+08,1.06913877E+04,2.05892086E+05,-0.00000000E+00,-0.00000000E+00,-4.08515474E-32,-1.31962098E-33,5.50454983E+08,1.66837948E+07,5.50538104E-02,1.66863244E-03,-5.50700895E+08,-1.66913990E+07,-1.68722783E+03,-6.25937747E+01,-0.00000000E+00,-0.00000000E+00,4.80170314E-38,1.49676139E-39,-0.00000000E+00,-0.00000000E+00,4.80170314E-38,1.49676139E-39,-7.75961280E+04,-2.39962535E+03,-6.42071887E+02,-2.11067271E+01,3.23317785E+05,9.99845707E+03,3.20000000E+05,1.00000000E+04,7.76994161E+06,1.63110213E+09
3.40000000E+01,1.00000000E+00,1.45810175E-01,1.39978134E+08,1.06913836E+04,2.12542983E+05,-0.00000000E+00,-0.00000000E+00,-4.21711681E-32,-1.31962048E-33,5.67138991E+08,1.66840075E+07,5.67224641E-02,1.66865377E-03,-5.67392506E+08,-1.66916117E+07,-1.74982409E+03,-6.25974299E+01,-0.00000000E+00,-0.00000000E+00,4.95137913E-38,1.49675906E-39,-0.00000000E+00,-0.00000000E+00,4.95137913E-38,1.49675906E-39,-7.99957532E+04,-2.39962526E+03,-6.63178705E+02,-2.11068506E+01,3.33316241E+05,9.99845670E+03,3.30000000E+05,1.00000000E+04,7.76994131E+06,1.63110213E+09
3.50000000E+01,1.00000000E+00,1.45820810E-01,1.39978129E+08,1.06913796E+04,2.19193878E+05,-0.00000000E+00,-0.00000000E+00,-4.34907883E-32,-1.31961998E-33,5.83823211E+08,1.66842200E+07,5.83911392E-02,1.66867509E-03,-5.84084330E+08,-1.66918242E+07,-1.81242400E+03,-6.26010844E+01,-0.00000000E+00,-0.00000000E+00,5.10105489E-38,1.49675676E-39,-0.00000000E+00,-0.00000000E+00,5.10105489E-38,1.49675676E-39,-8.23953784E+04,-2.39962517E+03,-6.84285646E+02,-2.11069741E+01,3.43314698E+05,9.99845633E+03,3.40000000E+05,1.00000000E+04,7.76994101E+06,1.63110213E+09
3.60000000E+01,1.00000000E+00,1.45831442E-01,1.39978124E+08,1.06913755E+04,2.25844770E+05,-0.00000000E+00,-0.00000000E+00,-4.48104079E-32,-1.31961948E-33,6.00507643E+08,1.66844324E+07,6.00598356E-02,1.66869640E-03,-6.00776367E+08,-1.66920366E+07,-1.87502757E+03,-6.26047381E+01,-0.00000000E+00,-0.00000000E+00,5.25073042E-38,1.49675446E-39,-0.00000000E+00,-0.00000000E+00,5.25073042E-38,1.49675446E-39,-8.47950035E+04,-2.39962508E+03,-7.05392712E+02,-2.11070976E+01,3.53313154E+05,9.99845596E+03,3.50000000E+05,1.00000000E+04,7.76994072E+06,1.63110213E+09
3.70000000E+01,1.00000000E+00,1.45842072E-01,1.39978119E+08,1.06913714E+04,2.32495659E+05,-0.00000000E+00,-0.00000000E+00,-4.61300271E-32,-1.31961897E-33,6.17192288E+08,1.66846446E+07,6.17285533E-02,1.66871769E-03,-6.17468616E+08,-1.66922488E+07,-1.93763479E+03,-6.26083911E+01,-0.00000000E+00,-0.00000000E+00,5.40040572E-38,1.49675218E-39,-0.00000000E+00,-0.00000000E+00,5.40040572E-38,1.49675218E-39,-8.71946285E+04,-2.39962499E+03,-7.26499900E+02,-2.11072211E+01,3.63311609E+05,9.99845559E+03,3.60000000E+05,1.00000000E+04,7.76994042E+06,1.63110213E+09
3.80000000E+01,1.00000000E+00,1.45852698E-01,1.39978113E+08,1.06913674E+04,2.39146546E+05,-0.00000000E+00,-0.00000000E+00,-4.74496458E-32,-1.31961847E-33,6.33877144E+08,1.66848567E+07,6.33972923E-02,1.66873896E-03,-6.34161077E+08,-1.66924609E+07,-2.00024567E+03,-6.26120432E+01,-0.00000000E+00,-0.00000000E+00,5.55008079E-38,1.49674991E-39,-0.00000000E+00,-0.00000000E+00,5.55008079E-38,1.49674991E-39,-8.95942534E+04,-2.39962490E+03,-7.47607213E+02,-2.11073445E+01,3.73310065E+05,9.99845522E+03,3.70000000E+05,1.00000000E+04,7.76994013E+06,1.63110213E+09
3.90000000E+01,1.00000000E+00,1.45863321E-01,1.39978108E+08,1.06913633E+04,2.45797430E+05,-0.00000000E+00,-0.00000000E+00,-4.87692640E-32,-1.31961797E-33,6.50562213E+08,1.66850687E+07,6.50660525E-02,1.66876022E-03,-6.50853749E+08,-1.66926728E+07,-2.06286019E+03,-6.26156946E+01,-0.00000000E+00,-0.00000000E+00,5.69975563E-38,1.49674766E-39,-0.00000000E+00,-0.00000000E+00,5.69975563E-38,1.49674766E-39,-9.19938782E+04,-2.39962481E+03,-7.68714648E+02,-2.11074678E+01,3.83308519E+05,9.99845485E+03,3.80000000E+05,1.00000000E+04,7.76993984E+06,1.63110213E+09
4.00000000E+01,1.00000000E+00,1.45873942E-01,1.39978103E+08,1.06913592E+04,2.52448312E+05,-0.00000000E+00,-0.00000000E+00,-5.00888817E-32,-1.31961747E-33,6.67247494E+08,1.66852805E+07,6.67348340E-02,1.66878147E-03,-6.67546634E+08,-1.66928846E+07,-2.12547837E+03,-6.26193452E+01,-0.00000000E+00,-0.00000000E+00,5.84943026E-38,1.49674542E-39,-0.00000000E+00,-0.00000000E+00,5.84943026E-38,1.49674542E-39,-9.43935029E+04,-2.39962473E+03,-7.89822207E+02,-2.11075912E+01,3.93306974E+05,9.99845448E+03,3.90000000E+05,1.00000000E+04,7.76993954E+06,1.63110213E+09
4.10000000E+01,1.00000000E+00,1.45884560E-01,1.39978097E+08,1.06913551E+04,2.59099191E+05,-0.00000000E+00,-0.00000000E+00,-5.14084988E-32,-1.31961696E-33,6.83932986E+08,1.66854922E+07,6.84036367E-02,1.66880271E-03,-6.84239730E+08,-1.66930963E+07,-2.18810020E+03,-6.26229951E+01,-0.00000000E+00,-0.00000000E+00,5.99910466E-38,1.49674319E-39,-0.00000000E+00,-0.00000000E+00,5.99910465E-38,1.49674319E-39,-9.67931275E+04,-2.39962464E+03,-8.10929889E+02,-2.11077145E+01,4.03305428E+05,9.99845411E+03,4.00000000E+05,1.00000000E+04,7.76993925E+06,1.63110213E+09
4.20000000E+01,1.00000000E+00,1.45895175E-01,1.39978092E+08,1.06913511E+04,2.65750068E+05,-0.00000000E+00,-0.00000000E+00,-5.27281155E-32,-1.31961646E-33,7.00618689E+08,1.66857037E+07,7.00724606E-02,1.66882392E-03,-7.00933038E+08,-1.66933078E+07,-2.25072567E+03,-6.26266442E+01,-0.00000000E+00,-0.00000000E+00,6.14877883E-38,1.49674098E-39,-0.00000000E+00,-0.00000000E+00,6.14877883E-38,1.49674098E-39,-9.91927521E+04,-2.39962455E+03,-8.32037694E+02,-2.11078377E+01,4.13303882E+05,9.99845374E+03,4.10000000E+05,1.00000000E+04,7.76993895E+06,1.63110213E+09
4.30000000E+01,1.00000000E+00,1.45905786E-01,1.39978087E+08,1.06913470E+04,2.72400942E+05,-0.00000000E+00,-0.00000000E+00,-5.40477317E-32,-1.31961596E-33,7.17304605E+08,1.66859151E+07,7.17413057E-02,1.66884513E-03,-7.17626557E+08,-1.66935192E+07,-2.31335480E+03,-6.26302925E+01,-0.00000000E+00,-0.00000000E+00,6.29845279E-38,1.49673878E-39,-0.00000000E+00,-0.00000000E+00,6.29845279E-38,1.49673878E-39,-1.01592377E+05,-2.39962446E+03,-8.53145623E+02,-2.11079610E+01,4.23302335E+05,9.99845337E+03,4.20000000E+05,1.00000000E+04,7.76993866E+06,1.63110213E+09
4.40000000E+01,1.00000000E+00,1.45916396E-01,1.39978081E+08,1.06913429E+04,2.79051814E+05,-0.00000000E+00,-0.00000000E+00,-5.53673473E-32,-1.31961546E-33,7.33990731E+08,1.66861263E+07,7.34101721E-02,1.66886632E-03,-7.34320288E+08,-1.66937305E+07,-2.37598757E+03,-6.26339400E+01,-0.00000000E+00,-0.00000000E+00,6.44812653E-38,1.49673659E-39,-0.00000000E+00,-0.00000000E+00,6.44812653E-38,1.49673659E-39,-1.03992001E+05,-2.39962437E+03,-8.74253675E+02,-2.11080842E+01,4.33300788E+05,9.99845300E+03,4.30000000E+05,1.00000000E+04,7.76993837E+06,1.63110213E+09
4.50000000E+01,1.00000000E+00,1.45927002E-01,1.39978076E+08,1.06913389E+04,2.85702683E+05,-0.00000000E+00,-0.00000000E+00,-5.66869625E-32,-1.31961496E-33,7.50677068E+08,1.66863375E+07,7.50790596E-02,1.66888750E-03,-7.51014229E+08,-1.66939416E+07,-2.43862399E+03,-6.26375868E+01,-0.00000000E+00,-0.00000000E+00,6.59780004E-38,1.49673441E-39,-0.00000000E+00,-0.00000000E+00,6.59780004E-38,1.49673441E-39,-1.06391625E+05,-2.39962428E+03,-8.95361850E+02,-2.11082073E+01,4.43299241E+05,9.99845263E+03,4.40000000E+05,1.00000000E+04,7.76993807E+06,1.63110213E+09
4.60000000E+01,1.00000000E+00,1.45937605E-01,1.39978071E+08,1.06913348E+04,2.92353550E+05,-0.00000000E+00,-0.00000000E+00,-5.80065771E-32,-1.31961445E-33,7.67363617E+08,1.66865484E+07,7.67479682E-02,1.66890866E-03,-7.67708382E+08,-1.66941525E+07,-2.50126405E+03,-6.26412328E+01,-0.00000000E+00,-0.00000000E+00,6.74747335E-38,1.49673225E-39,-0.00000000E+00,-0.00000000E+00,6.74747335E-38,1.49673225E-39,-1.08791249E+05,-2.39962419E+03,-9.16470148E+02,-2.11083304E+01,4.53297693E+05,9.99845226E+03,4.50000000E+05,1.00000000E+04,7.76993778E+06,1.63110213E+09
4.70000000E+01,1.00000000E+00,1.45948205E-01,1.39978066E+08,1.06913307E+04,2.99004414E+05,-0.00000000E+00,-0.00000000E+00,-5.93261913E-32,-1.31961395E-33,7.84050376E+08,1.66867593E+07,7.84168980E-02,1.66892981E-03,-7.84402745E+08,-1.66943634E+07,-2.56390777E+03,-6.26448780E+01,-0.00000000E+00,-0.00000000E+00,6.89714643E-38,1.49673010E-39,-0.00000000E+00,-0.00000000E+00,6.89714643E-38,1.49673010E-39,-1.11190873E+05,-2.39962410E+03,-9.37578569E+02,-2.11084535E+01,4.63296145E+05,9.99845189E+03,4.60000000E+05,1.00000000E+04,7.76993749E+06,1.63110213E+09
4.80000000E+01,1.00000000E+00,1.45958803E-01,1.39978060E+08,1.06913267E+04,3.05655275E+05,-0.00000000E+00,-0.00000000E+00,-6.06458050E-32,-1.31961345E-33,8.00737346E+08,1.66869700E+07,8.00858490E-02,1.66895095E-03,-8.01097319E+08,-1.66945741E+07,-2.62655512E+03,-6.26485224E+01,-0.00000000E+00,-0.00000000E+00,7.04681931E-38,1.49672796E-39,-0.00000000E+00,-0.00000000E+00,7.04681931E-38,1.49672796E-39,-1.13590498E+05,-2.39962401E+03,-9.58687114E+02,-2.11085766E+01,4.73294596E+05,9.99845152E+03,4.70000000E+05,1.00000000E+04,7.76993719E+06,1.63110213E+09
4.90000000E+01,1.00000000E+00,1.45969398E-01,1.39978055E+08,1.06913226E+04,3.12306134E+05,-0.00000000E+00,-0.00000000E+00,-6.19654181E-32,-1.31961295E-33,8.17424527E+08,1.66871805E+07,8.17548210E-02,1.66897207E-03,-8.17792104E+08,-1.66947846E+07,-2.68920612E+03,-6.26521661E+01,-0.00000000E+00,-0.00000000E+00,7.19649197E-38,1.49672583E-39,-0.00000000E+00,-0.00000000E+00,7.19649197E-38,1.49672583E-39,-1.15990121E+05,-2.39962393E+03,-9.79795781E+02,-2.11086996E+01,4.83293048E+05,9.99845115E+03,4.80000000E+05,1.00000000E+04,7.76993690E+06,1.63110213E+09
5.00000000E+01,1.00000000E+00,1.45979989E-01,1.39978050E+08,1.06913186E+04,3.18956991E+05,-0.00000000E+00,-0.00000000E+00,-6.32850308E-32,-1.31961245E-33,8.34111918E+08,1.66873909E+07,8.34238142E-02,1.66899318E-03,-8.34487099E+08,-1.66949950E+07,-2.75186076E+03,-6.26558090E+01,-0.00000000E+00,-0.00000000E+00,7.34616441E-38,1.49672372E-39,-0.00000000E+00,-0.00000000E+00,7.34616441E-38,1.49672372E-39,-1.18389745E+05,-2.39962384E+03,-1.00090457E+03,-2.11088226E+01,4.93291498E+05,9.99845078E+03,4.90000000E+05,1.00000000E+04,7.76993661E+06,1.63110213E+09
