Time [d],dt_flow [d],dt_tran [d],Global Water Mass in Liquid Phas [kg],Global Vaq [mol],Global Vim [mol],Top Water Mass [kg],Top Water Mass [kg/d],Top Vaq [mol],Top Vaq [mol/d],Right Water Mass [kg],Right Water Mass [kg/d],Right Vaq [mol],Right Vaq [mol/d],Left Water Mass [kg],Left Water Mass [kg/d],Left Vaq [mol],Left Vaq [mol/d],North Water Mass [kg],North Water Mass [kg/d],North Vaq [mol],North Vaq [mol/d],South Water Mass [kg],South Water Mass [kg/d],South Vaq [mol],South Vaq [mol/d],ExtractWell Water Mass [kg],ExtractWell Water Mass [kg/d],ExtractWell Vaq [mol],ExtractWell Vaq [mol/d],InjectWell Water Mass [kg],InjectWell Water Mass [kg/d],InjectWell Vaq [mol],InjectWell Vaq [mol/d],Region Region__all Water Mass [kg],Region Region__all Total Mass [kg]
1.00000000E+00,4.89000000E-01,9.00000000E-03,1.39977963E+08,5.83610448E-03,5.68227326E-03,-0.00000000E+00,-0.00000000E+00,6.08501327E-40,1.00765796E-39,6.94791569E+06,6.94642209E+06,6.94899652E-04,6.94750269E-04,-6.95047640E+06,-6.95030688E+06,-4.46614261E-04,-2.80917520E-04,-0.00000000E+00,-0.00000000E+00,6.04722316E-40,1.00140069E-39,-0.00000000E+00,-0.00000000E+00,6.04722316E-40,1.00140069E-39,-8.08070387E+02,-1.22620696E+03,-4.49588001E-08,-4.95607441E-08,3.36696602E+03,5.10920488E+03,3.36749000E-07,5.11000000E-07,7.76993181E+06,1.63109144E+09
2.00000000E+00,4.88000000E-01,8.00000000E-03,1.39977962E+08,6.46985172E+03,2.36769206E+03,-0.00000000E+00,-0.00000000E+00,-4.69776707E-34,-7.98562828E-34,1.38901397E+07,6.94223102E+06,1.38923005E-03,6.94331102E-04,-1.39003009E+07,-6.94983154E+06,-6.28350989E-04,-1.12336525E-04,-0.00000000E+00,-0.00000000E+00,1.83590692E-39,1.38926263E-39,-0.00000000E+00,-0.00000000E+00,1.83590692E-39,1.38926263E-39,-3.20769259E+03,-2.39962219E+03,-1.07711955E-07,-3.88309593E-08,1.33654100E+04,9.99844395E+03,1.00000000E+04,1.00000000E+04,7.76993172E+06,1.63109791E+09
3.00000000E+00,1.00000000E+00,8.00000000E-03,1.39977960E+08,9.05138704E+03,7.34328128E+03,-0.00000000E+00,-0.00000000E+00,-1.45699506E-33,-1.11719804E-33,2.08323974E+07,6.94225774E+06,2.08356383E-03,6.94333779E-04,-2.08501591E+07,-6.94985817E+06,-7.00866172E-04,-4.50788206E-05,-0.00000000E+00,-0.00000000E+00,3.31266147E-39,1.53595664E-39,-0.00000000E+00,-0.00000000E+00,3.31266147E-39,1.53595664E-39,-5.60731475E+03,-2.39962216E+03,-2.50313744E-07,-7.53022470E-07,2.33638539E+04,9.99844392E+03,2.00000000E+04,1.00000000E+04,7.76993163E+06,1.63110049E+09
4.00000000E+00,1.00000000E+00,4.00000000E-02,1.39977959E+08,1.00820650E+04,1.33590356E+04,-0.00000000E+00,-0.00000000E+00,-2.65059539E-33,-1.24441316E-33,2.77746805E+07,6.94228306E+06,2.77790014E-03,6.94336316E-04,-2.78000425E+07,-6.94988340E+06,-7.29817960E-04,-1.82260803E-05,-0.00000000E+00,-0.00000000E+00,4.88211979E-39,1.59132227E-39,-0.00000000E+00,-0.00000000E+00,4.88211979E-39,1.59132227E-39,-8.00693688E+03,-2.39962213E+03,-2.92835516E-05,-1.08531412E-04,3.33622978E+04,9.99844390E+03,3.00000000E+04,1.00000000E+04,7.76993154E+06,1.63110152E+09
5.00000000E+00,1.00000000E+00,4.00000000E-02,1.39977957E+08,1.04987825E+04,1.97865749E+04,-0.00000000E+00,-0.00000000E+00,-3.92589907E-33,-1.29584800E-33,3.47169874E+07,6.94230696E+06,3.47223886E-03,6.94338711E-04,-3.47499497E+07,-6.94990722E+06,-7.41523624E-04,-7.36909527E-06,-0.00000000E+00,-0.00000000E+00,6.48622435E-39,1.61243706E-39,-0.00000000E+00,-0.00000000E+00,6.48622435E-39,1.61243706E-39,-1.04065590E+04,-2.39962211E+03,-7.55642838E-04,-1.83749301E-03,4.33607417E+04,9.99844387E+03,4.00000000E+04,1.00000000E+04,7.76993146E+06,1.63110194E+09
6.00000000E+00,1.00000000E+00,7.20000000E-02,1.39977956E+08,1.06671460E+04,2.63806828E+04,-0.00000000E+00,-0.00000000E+00,-5.23425209E-33,-1.31662886E-33,4.16593169E+07,6.94232947E+06,4.16657982E-03,6.94340967E-04,-4.16998794E+07,-6.94992965E+06,-7.46253260E-04,-2.98320453E-06,-0.00000000E+00,-0.00000000E+00,8.10352677E-39,1.62045456E-39,-0.00000000E+00,-0.00000000E+00,8.10352677E-39,1.62045456E-39,-1.28061811E+04,-2.39962209E+03,-6.21293454E-03,-1.02183517E-02,5.33591855E+04,9.99844386E+03,5.00000000E+04,1.00000000E+04,7.76993139E+06,1.63110211E+09
7.00000000E+00,1.00000000E+00,4.00000000E-02,1.39977954E+08,1.07343969E+04,3.30425976E+04,-0.00000000E+00,-0.00000000E+00,-6.55605885E-33,-1.32492955E-33,4.86016676E+07,6.94235065E+06,4.86092291E-03,6.94343089E-04,-4.86498301E+07,-6.94995075E+06,-7.48155532E-04,-1.26988920E-06,-0.00000000E+00,-0.00000000E+00,9.72586621E-39,1.62345147E-39,-0.00000000E+00,-0.00000000E+00,9.72586621E-39,1.62345147E-39,-1.52058032E+04,-2.39962207E+03,-2.60665215E-02,-2.90359214E-02,6.33576294E+04,9.99844384E+03,6.00000000E+04,1.00000000E+04,7.76993132E+06,1.63110218E+09
8.00000000E+00,1.00000000E+00,4.00000000E-02,1.39977953E+08,1.07621190E+04,3.97310096E+04,-0.00000000E+00,-0.00000000E+00,-7.88312298E-33,-1.32835124E-33,5.55440382E+07,6.94237059E+06,5.55526800E-03,6.94345089E-04,-5.55998007E+07,-6.94997062E+06,-7.49221249E-04,-1.22168851E-06,-0.00000000E+00,-0.00000000E+00,1.13500445E-38,1.62460640E-39,-0.00000000E+00,-0.00000000E+00,1.13500445E-38,1.62460640E-39,-1.76054252E+04,-2.39962206E+03,-6.82670687E-02,-5.29841824E-02,7.33560732E+04,9.99844383E+03,7.00000000E+04,1.00000000E+04,7.76993125E+06,1.63110220E+09
9.00000000E+00,1.00000000E+00,4.00000000E-02,1.39977952E+08,1.07735382E+04,4.64303406E+04,-0.00000000E+00,-0.00000000E+00,-9.21235360E-33,-1.32976070E-33,6.24864276E+07,6.94238945E+06,6.24961498E-03,6.94346979E-04,-6.25497902E+07,-6.94998941E+06,-7.52478964E-04,-6.34487563E-06,-0.00000000E+00,-0.00000000E+00,1.29749297E-38,1.62504921E-39,-0.00000000E+00,-0.00000000E+00,1.29749297E-38,1.62504921E-39,-2.00050473E+04,-2.39962205E+03,-1.33237362E-01,-7.37623804E-02,8.33545170E+04,9.99844382E+03,8.00000000E+04,1.00000000E+04,7.76993119E+06,1.63110222E+09
1.00000000E+01,1.00000000E+00,4.00000000E-02,1.39977951E+08,1.07781894E+04,5.31341996E+04,-0.00000000E+00,-0.00000000E+00,-1.05424826E-32,-1.33033479E-33,6.94288350E+07,6.94240737E+06,6.94396376E-03,6.94348776E-04,-6.94997974E+07,-6.95000727E+06,-7.71055267E-04,-3.24486246E-05,-0.00000000E+00,-0.00000000E+00,1.46000870E-38,1.62521615E-39,-0.00000000E+00,-0.00000000E+00,1.46000870E-38,1.62521615E-39,-2.24046693E+04,-2.39962204E+03,-2.15271877E-01,-8.71797496E-02,9.33529608E+04,9.99844381E+03,9.00000000E+04,1.00000000E+04,7.76993113E+06,1.63110222E+09
1.10000000E+01,1.00000000E+00,1.04000000E-01,1.39977950E+08,1.07801066E+04,5.98398856E+04,-0.00000000E+00,-0.00000000E+00,-1.18729742E-32,-1.33057143E-33,7.63712595E+07,6.94242452E+06,7.63831425E-03,6.94350496E-04,-7.64498218E+07,-6.95002437E+06,-8.45885884E-04,-1.13324609E-04,-0.00000000E+00,-0.00000000E+00,1.62253456E-38,1.62527954E-39,-0.00000000E+00,-0.00000000E+00,1.62253456E-38,1.62527954E-39,-2.48042913E+04,-2.39962203E+03,-3.06997777E-01,-9.41442287E-02,1.03351405E+05,9.99844380E+03,1.00000000E+05,1.00000000E+04,7.76993107E+06,1.63110222E+09
1.20000000E+01,1.00000000E+00,2.32000000E-01,1.39977949E+08,1.07809138E+04,6.65463131E+04,-0.00000000E+00,-0.00000000E+00,-1.32036128E-32,-1.33067106E-33,8.33137005E+07,6.94244106E+06,8.33266641E-03,6.94352154E-04,-8.33998627E+07,-6.95004088E+06,-1.05545314E-03,-2.84322674E-04,-0.00000000E+00,-0.00000000E+00,1.78506417E-38,1.62530397E-39,-0.00000000E+00,-0.00000000E+00,1.78506417E-38,1.62530397E-39,-2.72039134E+04,-2.39962203E+03,-4.03245863E-01,-9.72578837E-02,1.13349848E+05,9.99844379E+03,1.10000000E+05,1.00000000E+04,7.76993102E+06,1.63110222E+09
1.30000000E+01,1.00000000E+00,2.32000000E-01,1.39977948E+08,1.07812591E+04,7.32530489E+04,-0.00000000E+00,-0.00000000E+00,-1.45343126E-32,-1.33071368E-33,9.02561577E+07,6.94245713E+06,9.02702017E-03,6.94353766E-04,-9.03499196E+07,-6.95005692E+06,-1.49644575E-03,-5.53363420E-04,-0.00000000E+00,-0.00000000E+00,1.94759521E-38,1.62531341E-39,-0.00000000E+00,-0.00000000E+00,1.94759521E-38,1.62531341E-39,-2.96035354E+04,-2.39962202E+03,-5.01358453E-01,-9.85078601E-02,1.23348292E+05,9.99844378E+03,1.20000000E+05,1.00000000E+04,7.76993096E+06,1.63110222E+09
1.40000000E+01,1.00000000E+00,2.32000000E-01,1.39977947E+08,1.07814068E+04,7.99599166E+04,-0.00000000E+00,-0.00000000E+00,-1.58650386E-32,-1.33073191E-33,9.71986305E+07,6.94247285E+06,9.72137552E-03,6.94355343E-04,-9.72999922E+07,-6.95007262E+06,-2.25243927E-03,-8.92124537E-04,-0.00000000E+00,-0.00000000E+00,2.11012680E-38,1.62531695E-39,-0.00000000E+00,-0.00000000E+00,2.11012680E-38,1.62531695E-39,-3.20031574E+04,-2.39962202E+03,-6.00180230E-01,-9.89625031E-02,1.33346736E+05,9.99844378E+03,1.30000000E+05,1.00000000E+04,7.76993091E+06,1.63110222E+09
1.50000000E+01,1.00000000E+00,2.32079601E-01,1.39977946E+08,1.07814691E+04,8.66668411E+04,-0.00000000E+00,-0.00000000E+00,-1.71957759E-32,-1.33073960E-33,1.04141119E+08,6.94248832E+06,1.04157324E-02,6.94356895E-04,-1.04250080E+08,-6.95008807E+06,-3.36903137E-03,-1.24493415E-03,-0.00000000E+00,-0.00000000E+00,2.27265858E-38,1.62531818E-39,-0.00000000E+00,-0.00000000E+00,2.27265858E-38,1.62531818E-39,-3.44027794E+04,-2.39962201E+03,-6.99250154E-01,-9.91125976E-02,1.43345180E+05,9.99844377E+03,1.40000000E+05,1.00000000E+04,7.76993086E+06,1.63110222E+09
1.60000000E+01,1.00000000E+00,1.46799525E-01,1.39977945E+08,1.07814960E+04,9.33737892E+04,-0.00000000E+00,-0.00000000E+00,-1.85265178E-32,-1.33074292E-33,1.11083622E+08,6.94250359E+06,1.11100908E-02,6.94358427E-04,-1.11200184E+08,-6.95010333E+06,-4.82073791E-03,-1.56105943E-03,-0.00000000E+00,-0.00000000E+00,2.43519042E-38,1.62531853E-39,-0.00000000E+00,-0.00000000E+00,2.43519042E-38,1.62531853E-39,-3.68024014E+04,-2.39962201E+03,-7.98397646E-01,-9.91606705E-02,1.53343624E+05,9.99844377E+03,1.50000000E+05,1.00000000E+04,7.76993081E+06,1.63110222E+09
1.70000000E+01,1.00000000E+00,3.17440017E-01,1.39977944E+08,1.07815074E+04,1.00080747E+05,-0.00000000E+00,-0.00000000E+00,-1.98572618E-32,-1.33074433E-33,1.18026141E+08,6.94251873E+06,1.18044508E-02,6.94359945E-04,-1.18150302E+08,-6.95011846E+06,-6.55181767E-03,-1.80671909E-03,-0.00000000E+00,-0.00000000E+00,2.59772228E-38,1.62531855E-39,-0.00000000E+00,-0.00000000E+00,2.59772228E-38,1.62531855E-39,-3.92020234E+04,-2.39962200E+03,-8.97569299E-01,-9.91752846E-02,1.63342067E+05,9.99844376E+03,1.60000000E+05,1.00000000E+04,7.76993076E+06,1.63110222E+09
1.80000000E+01,1.00000000E+00,3.17440338E-01,1.39977943E+08,1.07815124E+04,1.06787710E+05,-0.00000000E+00,-0.00000000E+00,-2.11880065E-32,-1.33074494E-33,1.24968675E+08,6.94253376E+06,1.24988122E-02,6.94361453E-04,-1.25100436E+08,-6.95013348E+06,-8.47702685E-03,-1.97728496E-03,-0.00000000E+00,-0.00000000E+00,2.76025412E-38,1.62531844E-39,-0.00000000E+00,-0.00000000E+00,2.76025412E-38,1.62531844E-39,-4.16016454E+04,-2.39962200E+03,-9.96747999E-01,-9.91798339E-02,1.73340511E+05,9.99844376E+03,1.70000000E+05,1.00000000E+04,7.76993071E+06,1.63110222E+09
1.90000000E+01,1.00000000E+00,3.17440626E-01,1.39977943E+08,1.07815145E+04,1.13494674E+05,-0.00000000E+00,-0.00000000E+00,-2.25187517E-32,-1.33074521E-33,1.31911224E+08,6.94254871E+06,1.31931752E-02,6.94362952E-04,-1.32050584E+08,-6.95014843E+06,-1.05342312E-02,-2.09197917E-03,-0.00000000E+00,-0.00000000E+00,2.92278596E-38,1.62531828E-39,-0.00000000E+00,-0.00000000E+00,2.92278596E-38,1.62531828E-39,-4.40012674E+04,-2.39962200E+03,-1.09592894E+00,-9.91813173E-02,1.83338955E+05,9.99844375E+03,1.80000000E+05,1.00000000E+04,7.76993066E+06,1.63110222E+09
2.00000000E+01,1.00000000E+00,3.17440888E-01,1.39977942E+08,1.07815155E+04,1.20201639E+05,-0.00000000E+00,-0.00000000E+00,-2.38494970E-32,-1.33074532E-33,1.38853787E+08,6.94256359E+06,1.38875396E-02,6.94364445E-04,-1.39000747E+08,-6.95016330E+06,-1.26747274E-02,-2.16019566E-03,-0.00000000E+00,-0.00000000E+00,3.08531777E-38,1.62531810E-39,-0.00000000E+00,-0.00000000E+00,3.08531777E-38,1.62531810E-39,-4.64008894E+04,-2.39962199E+03,-1.19511065E+00,-9.91818588E-02,1.93337399E+05,9.99844375E+03,1.90000000E+05,1.00000000E+04,7.76993061E+06,1.63110222E+09
2.10000000E+01,1.00000000E+00,3.17441126E-01,1.39977941E+08,1.07815158E+04,1.26908604E+05,-0.00000000E+00,-0.00000000E+00,-2.51802423E-32,-1.33074537E-33,1.45796366E+08,6.94257841E+06,1.45819056E-02,6.94365932E-04,-1.45950925E+08,-6.95017812E+06,-1.48612067E-02,-2.19691284E-03,-0.00000000E+00,-0.00000000E+00,3.24784957E-38,1.62531792E-39,-0.00000000E+00,-0.00000000E+00,3.24784957E-38,1.62531792E-39,-4.88005114E+04,-2.39962199E+03,-1.29429270E+00,-9.91821171E-02,2.03335842E+05,9.99844375E+03,2.00000000E+05,1.00000000E+04,7.76993056E+06,1.63110222E+09
2.20000000E+01,1.00000000E+00,3.17441344E-01,1.39977940E+08,1.07815160E+04,1.33615570E+05,-0.00000000E+00,-0.00000000E+00,-2.65109877E-32,-1.33074539E-33,1.52738959E+08,6.94259318E+06,1.52762730E-02,6.94367413E-04,-1.52901118E+08,-6.95019289E+06,-1.70714988E-02,-2.21549582E-03,-0.00000000E+00,-0.00000000E+00,3.41038135E-38,1.62531773E-39,-0.00000000E+00,-0.00000000E+00,3.41038135E-38,1.62531773E-39,-5.12001334E+04,-2.39962199E+03,-1.39347493E+00,-9.91822874E-02,2.13334286E+05,9.99844374E+03,2.10000000E+05,1.00000000E+04,7.76993051E+06,1.63110222E+09
2.30000000E+01,1.00000000E+00,3.17441545E-01,1.39977939E+08,1.07815160E+04,1.40322535E+05,-0.00000000E+00,-0.00000000E+00,-2.78417331E-32,-1.33074539E-33,1.59681567E+08,6.94260790E+06,1.59706419E-02,6.94368890E-04,-1.59851326E+08,-6.95020761E+06,-1.92934351E-02,-2.22439537E-03,-0.00000000E+00,-0.00000000E+00,3.57291311E-38,1.62531755E-39,-0.00000000E+00,-0.00000000E+00,3.57291311E-38,1.62531755E-39,-5.35997554E+04,-2.39962199E+03,-1.49265732E+00,-9.91824248E-02,2.23332730E+05,9.99844374E+03,2.20000000E+05,1.00000000E+04,7.76993046E+06,1.63110222E+09
2.40000000E+01,1.00000000E+00,3.17441730E-01,1.39977938E+08,1.07815161E+04,1.47029501E+05,-0.00000000E+00,-0.00000000E+00,-2.91724785E-32,-1.33074540E-33,1.66624189E+08,6.94262258E+06,1.66650122E-02,6.94370362E-04,-1.66801548E+08,-6.95022228E+06,-2.15207792E-02,-2.22845119E-03,-0.00000000E+00,-0.00000000E+00,3.73544485E-38,1.62531737E-39,-0.00000000E+00,-0.00000000E+00,3.73544485E-38,1.62531737E-39,-5.59993774E+04,-2.39962199E+03,-1.59183983E+00,-9.91825454E-02,2.33331174E+05,9.99844374E+03,2.30000000E+05,1.00000000E+04,7.76993041E+06,1.63110222E+09
2.50000000E+01,1.00000000E+00,3.17441902E-01,1.39977937E+08,1.07815161E+04,1.53736466E+05,-0.00000000E+00,-0.00000000E+00,-3.05032239E-32,-1.33074540E-33,1.73566827E+08,6.94263721E+06,1.73593841E-02,6.94371829E-04,-1.73751785E+08,-6.95023691E+06,-2.37505217E-02,-2.23021988E-03,-0.00000000E+00,-0.00000000E+00,3.89797657E-38,1.62531719E-39,-0.00000000E+00,-0.00000000E+00,3.89797657E-38,1.62531719E-39,-5.83989994E+04,-2.39962198E+03,-1.69102245E+00,-9.91826549E-02,2.43329617E+05,9.99844374E+03,2.40000000E+05,1.00000000E+04,7.76993036E+06,1.63110222E+09
2.60000000E+01,1.00000000E+00,3.17442060E-01,1.39977936E+08,1.07815161E+04,1.60443432E+05,-0.00000000E+00,-0.00000000E+00,-3.18339693E-32,-1.33074540E-33,1.80509478E+08,6.94265179E+06,1.80537574E-02,6.94373292E-04,-1.80702037E+08,-6.95025149E+06,-2.59812858E-02,-2.23096271E-03,-0.00000000E+00,-0.00000000E+00,4.06050828E-38,1.62531701E-39,-0.00000000E+00,-0.00000000E+00,4.06050828E-38,1.62531701E-39,-6.07986213E+04,-2.39962198E+03,-1.79020517E+00,-9.91827555E-02,2.53328061E+05,9.99844373E+03,2.50000000E+05,1.00000000E+04,7.76993031E+06,1.63110222E+09
2.70000000E+01,1.00000000E+00,3.17442208E-01,1.39977936E+08,1.07815161E+04,1.67150397E+05,-0.00000000E+00,-0.00000000E+00,-3.31647147E-32,-1.33074540E-33,1.87452145E+08,6.94266634E+06,1.87481321E-02,6.94374751E-04,-1.87652303E+08,-6.95026603E+06,-2.82124715E-02,-2.23126610E-03,-0.00000000E+00,-0.00000000E+00,4.22303996E-38,1.62531683E-39,-0.00000000E+00,-0.00000000E+00,4.22303996E-38,1.62531683E-39,-6.31982433E+04,-2.39962198E+03,-1.88938799E+00,-9.91828488E-02,2.63326505E+05,9.99844373E+03,2.60000000E+05,1.00000000E+04,7.76993027E+06,1.63110222E+09
2.80000000E+01,1.00000000E+00,3.17442345E-01,1.39977935E+08,1.07815161E+04,1.73857363E+05,-0.00000000E+00,-0.00000000E+00,-3.44954601E-32,-1.33074540E-33,1.94394825E+08,6.94268084E+06,1.94425083E-02,6.94376206E-04,-1.94602583E+08,-6.95028053E+06,-3.04438279E-02,-2.23138880E-03,-0.00000000E+00,-0.00000000E+00,4.38557163E-38,1.62531665E-39,-0.00000000E+00,-0.00000000E+00,4.38557163E-38,1.62531665E-39,-6.55978653E+04,-2.39962198E+03,-1.98857090E+00,-9.91829355E-02,2.73324948E+05,9.99844373E+03,2.70000000E+05,1.00000000E+04,7.76993022E+06,1.63110222E+09
2.90000000E+01,1.00000000E+00,3.17442473E-01,1.39977934E+08,1.07815161E+04,1.80564328E+05,-0.00000000E+00,-0.00000000E+00,-3.58262055E-32,-1.33074540E-33,2.01337521E+08,6.94269530E+06,2.01368860E-02,6.94377656E-04,-2.01552878E+08,-6.95029499E+06,-3.26752542E-02,-2.23143979E-03,-0.00000000E+00,-0.00000000E+00,4.54810329E-38,1.62531648E-39,-0.00000000E+00,-0.00000000E+00,4.54810329E-38,1.62531648E-39,-6.79974873E+04,-2.39962198E+03,-2.08775389E+00,-9.91830163E-02,2.83323392E+05,9.99844373E+03,2.80000000E+05,1.00000000E+04,7.76993017E+06,1.63110222E+09
3.00000000E+01,1.00000000E+00,3.17442592E-01,1.39977933E+08,1.07815161E+04,1.87271294E+05,-0.00000000E+00,-0.00000000E+00,-3.71569509E-32,-1.33074540E-33,2.08280230E+08,6.94270972E+06,2.08312651E-02,6.94379103E-04,-2.08503188E+08,-6.95030941E+06,-3.49067111E-02,-2.23146310E-03,-0.00000000E+00,-0.00000000E+00,4.71063492E-38,1.62531630E-39,-0.00000000E+00,-0.00000000E+00,4.71063492E-38,1.62531630E-39,-7.03971092E+04,-2.39962198E+03,-2.18693696E+00,-9.91830918E-02,2.93321836E+05,9.99844373E+03,2.90000000E+05,1.00000000E+04,7.76993012E+06,1.63110222E+09
3.10000000E+01,1.00000000E+00,3.17442704E-01,1.39977932E+08,1.07815161E+04,1.93978259E+05,-0.00000000E+00,-0.00000000E+00,-3.84876963E-32,-1.33074540E-33,2.15222955E+08,6.94272410E+06,2.15256456E-02,6.94380546E-04,-2.15453511E+08,-6.95032378E+06,-3.71381835E-02,-2.23147585E-03,-0.00000000E+00,-0.00000000E+00,4.87316654E-38,1.62531613E-39,-0.00000000E+00,-0.00000000E+00,4.87316654E-38,1.62531613E-39,-7.27967312E+04,-2.39962198E+03,-2.28612010E+00,-9.91831626E-02,3.03320280E+05,9.99844372E+03,3.00000000E+05,1.00000000E+04,7.76993007E+06,1.63110222E+09
3.20000000E+01,1.00000000E+00,3.17442808E-01,1.39977931E+08,1.07815161E+04,2.00685225E+05,-0.00000000E+00,-0.00000000E+00,-3.98184417E-32,-1.33074540E-33,2.22165693E+08,6.94273844E+06,2.22200276E-02,6.94381984E-04,-2.22403849E+08,-6.95033812E+06,-3.93696656E-02,-2.23148452E-03,-0.00000000E+00,-0.00000000E+00,5.03569814E-38,1.62531595E-39,-0.00000000E+00,-0.00000000E+00,5.03569814E-38,1.62531595E-39,-7.51963532E+04,-2.39962197E+03,-2.38530331E+00,-9.91832289E-02,3.13318723E+05,9.99844372E+03,3.10000000E+05,1.00000000E+04,7.76993003E+06,1.63110222E+09
3.30000000E+01,1.00000000E+00,3.17442906E-01,1.39977930E+08,1.07815161E+04,2.07392190E+05,-0.00000000E+00,-0.00000000E+00,-4.11491871E-32,-1.33074540E-33,2.29108446E+08,6.94275275E+06,2.29144110E-02,6.94383419E-04,-2.29354202E+08,-6.95035242E+06,-4.16011551E-02,-2.23149147E-03,-0.00000000E+00,-0.00000000E+00,5.19822972E-38,1.62531578E-39,-0.00000000E+00,-0.00000000E+00,5.19822972E-38,1.62531578E-39,-7.75959752E+04,-2.39962197E+03,-2.48448658E+00,-9.91832913E-02,3.23317167E+05,9.99844372E+03,3.20000000E+05,1.00000000E+04,7.76992998E+06,1.63110222E+09
3.40000000E+01,1.00000000E+00,3.17442998E-01,1.39977929E+08,1.07815161E+04,2.14099156E+05,-0.00000000E+00,-0.00000000E+00,-4.24799325E-32,-1.33074540E-33,2.36051213E+08,6.94276701E+06,2.36087959E-02,6.94384850E-04,-2.36304569E+08,-6.95036669E+06,-4.38326509E-02,-2.23149758E-03,-0.00000000E+00,-0.00000000E+00,5.36076129E-38,1.62531561E-39,-0.00000000E+00,-0.00000000E+00,5.36076129E-38,1.62531561E-39,-7.99955971E+04,-2.39962197E+03,-2.58366991E+00,-9.91833499E-02,3.33315611E+05,9.99844372E+03,3.30000000E+05,1.00000000E+04,7.76992993E+06,1.63110222E+09
3.50000000E+01,1.00000000E+00,3.17443084E-01,1.39977929E+08,1.07815161E+04,2.20806121E+05,-0.00000000E+00,-0.00000000E+00,-4.38106779E-32,-1.33074540E-33,2.42993994E+08,6.94278124E+06,2.43031821E-02,6.94386277E-04,-2.43254949E+08,-6.95038092E+06,-4.60641524E-02,-2.23150315E-03,-0.00000000E+00,-0.00000000E+00,5.52329284E-38,1.62531544E-39,-0.00000000E+00,-0.00000000E+00,5.52329284E-38,1.62531544E-39,-8.23952191E+04,-2.39962197E+03,-2.68285330E+00,-9.91834051E-02,3.43314054E+05,9.99844372E+03,3.40000000E+05,1.00000000E+04,7.76992988E+06,1.63110222E+09
3.60000000E+01,1.00000000E+00,3.17443165E-01,1.39977928E+08,1.07815161E+04,2.27513087E+05,-0.00000000E+00,-0.00000000E+00,-4.51414233E-32,-1.33074540E-33,2.49936789E+08,6.94279543E+06,2.49975698E-02,6.94387701E-04,-2.50205345E+08,-6.95039511E+06,-4.82956593E-02,-2.23150832E-03,-0.00000000E+00,-0.00000000E+00,5.68582437E-38,1.62531527E-39,-0.00000000E+00,-0.00000000E+00,5.68582437E-38,1.62531527E-39,-8.47948411E+04,-2.39962197E+03,-2.78203674E+00,-9.91834572E-02,3.53312498E+05,9.99844372E+03,3.50000000E+05,1.00000000E+04,7.76992984E+06,1.63110222E+09
3.70000000E+01,1.00000000E+00,3.17443241E-01,1.39977927E+08,1.07815161E+04,2.34220052E+05,-0.00000000E+00,-0.00000000E+00,-4.64721687E-32,-1.33074540E-33,2.56879599E+08,6.94280959E+06,2.56919590E-02,6.94389121E-04,-2.57155754E+08,-6.95040926E+06,-5.05271710E-02,-2.23151315E-03,-0.00000000E+00,-0.00000000E+00,5.84835588E-38,1.62531510E-39,-0.00000000E+00,-0.00000000E+00,5.84835588E-38,1.62531510E-39,-8.71944631E+04,-2.39962197E+03,-2.88122023E+00,-9.91835065E-02,3.63310942E+05,9.99844372E+03,3.60000000E+05,1.00000000E+04,7.76992979E+06,1.63110222E+09
3.80000000E+01,1.00000000E+00,3.17443313E-01,1.39977926E+08,1.07815161E+04,2.40927018E+05,-0.00000000E+00,-0.00000000E+00,-4.78029141E-32,-1.33074540E-33,2.63822423E+08,6.94282371E+06,2.63863495E-02,6.94390537E-04,-2.64106177E+08,-6.95042338E+06,-5.27586874E-02,-2.23151768E-03,-0.00000000E+00,-0.00000000E+00,6.01088738E-38,1.62531494E-39,-0.00000000E+00,-0.00000000E+00,6.01088738E-38,1.62531494E-39,-8.95940850E+04,-2.39962197E+03,-2.98040377E+00,-9.91835530E-02,3.73309386E+05,9.99844372E+03,3.70000000E+05,1.00000000E+04,7.76992974E+06,1.63110222E+09
3.90000000E+01,1.00000000E+00,3.17443381E-01,1.39977925E+08,1.07815161E+04,2.47633983E+05,-0.00000000E+00,-0.00000000E+00,-4.91336595E-32,-1.33074540E-33,2.70765261E+08,6.94283779E+06,2.70807415E-02,6.94391950E-04,-2.71056615E+08,-6.95043746E+06,-5.49902081E-02,-2.23152193E-03,-0.00000000E+00,-0.00000000E+00,6.17341886E-38,1.62531477E-39,-0.00000000E+00,-0.00000000E+00,6.17341886E-38,1.62531477E-39,-9.19937070E+04,-2.39962197E+03,-3.07958735E+00,-9.91835970E-02,3.83307829E+05,9.99844371E+03,3.80000000E+05,1.00000000E+04,7.76992969E+06,1.63110222E+09
4.00000000E+01,1.00000000E+00,3.17443445E-01,1.39977924E+08,1.07815161E+04,2.54340949E+05,-0.00000000E+00,-0.00000000E+00,-5.04644049E-32,-1.33074540E-33,2.77708112E+08,6.94285184E+06,2.77751348E-02,6.94393360E-04,-2.78007066E+08,-6.95045151E+06,-5.72217329E-02,-2.23152593E-03,-0.00000000E+00,-0.00000000E+00,6.33595033E-38,1.62531461E-39,-0.00000000E+00,-0.00000000E+00,6.33595033E-38,1.62531461E-39,-9.43933290E+04,-2.39962197E+03,-3.17877098E+00,-9.91836388E-02,3.93306273E+05,9.99844371E+03,3.90000000E+05,1.00000000E+04,7.76992965E+06,1.63110222E+09
4.10000000E+01,1.00000000E+00,3.17443505E-01,1.39977924E+08,1.07815161E+04,2.61047914E+05,-0.00000000E+00,-0.00000000E+00,-5.17951502E-32,-1.33074540E-33,2.84650978E+08,6.94286586E+06,2.84695296E-02,6.94394766E-04,-2.84957532E+08,-6.95046552E+06,-5.94532615E-02,-2.23152970E-03,-0.00000000E+00,-0.00000000E+00,6.49848178E-38,1.62531444E-39,-0.00000000E+00,-0.00000000E+00,6.49848178E-38,1.62531444E-39,-9.67929509E+04,-2.39962197E+03,-3.27795464E+00,-9.91836784E-02,4.03304717E+05,9.99844371E+03,4.00000000E+05,1.00000000E+04,7.76992960E+06,1.63110222E+09
4.20000000E+01,1.00000000E+00,3.17443563E-01,1.39977923E+08,1.07815161E+04,2.67754880E+05,-0.00000000E+00,-0.00000000E+00,-5.31258956E-32,-1.33074540E-33,2.91593858E+08,6.94287984E+06,2.91639257E-02,6.94396168E-04,-2.91908011E+08,-6.95047950E+06,-6.16847938E-02,-2.23153324E-03,-0.00000000E+00,-0.00000000E+00,6.66101321E-38,1.62531428E-39,-0.00000000E+00,-0.00000000E+00,6.66101321E-38,1.62531428E-39,-9.91925729E+04,-2.39962197E+03,-3.37713835E+00,-9.91837160E-02,4.13303160E+05,9.99844371E+03,4.10000000E+05,1.00000000E+04,7.76992955E+06,1.63110222E+09
4.30000000E+01,1.00000000E+00,3.17443617E-01,1.39977922E+08,1.07815161E+04,2.74461845E+05,-0.00000000E+00,-0.00000000E+00,-5.44566410E-32,-1.33074540E-33,2.98536752E+08,6.94289379E+06,2.98583233E-02,6.94397568E-04,-2.98858505E+08,-6.95049345E+06,-6.39163294E-02,-2.23153659E-03,-0.00000000E+00,-0.00000000E+00,6.82354463E-38,1.62531412E-39,-0.00000000E+00,-0.00000000E+00,6.82354463E-38,1.62531412E-39,-1.01592195E+05,-2.39962197E+03,-3.47632209E+00,-9.91837518E-02,4.23301604E+05,9.99844371E+03,4.20000000E+05,1.00000000E+04,7.76992951E+06,1.63110222E+09
4.40000000E+01,1.00000000E+00,3.17443668E-01,1.39977921E+08,1.07815161E+04,2.81168811E+05,-0.00000000E+00,-0.00000000E+00,-5.57873864E-32,-1.33074540E-33,3.05479660E+08,6.94290771E+06,3.05527223E-02,6.94398963E-04,-3.05809012E+08,-6.95050737E+06,-6.61478682E-02,-2.23153975E-03,-0.00000000E+00,-0.00000000E+00,6.98607603E-38,1.62531396E-39,-0.00000000E+00,-0.00000000E+00,6.98607603E-38,1.62531396E-39,-1.03991817E+05,-2.39962197E+03,-3.57550586E+00,-9.91837858E-02,4.33300048E+05,9.99844371E+03,4.30000000E+05,1.00000000E+04,7.76992946E+06,1.63110222E+09
4.50000000E+01,1.00000000E+00,3.17443717E-01,1.39977920E+08,1.07815161E+04,2.87875776E+05,-0.00000000E+00,-0.00000000E+00,-5.71181318E-32,-1.33074540E-33,3.12422581E+08,6.94292159E+06,3.12471226E-02,6.94400356E-04,-3.12759533E+08,-6.95052125E+06,-6.83794101E-02,-2.23154274E-03,-0.00000000E+00,-0.00000000E+00,7.14860741E-38,1.62531380E-39,-0.00000000E+00,-0.00000000E+00,7.14860741E-38,1.62531380E-39,-1.06391439E+05,-2.39962196E+03,-3.67468967E+00,-9.91838182E-02,4.43298492E+05,9.99844371E+03,4.40000000E+05,1.00000000E+04,7.76992942E+06,1.63110222E+09
4.60000000E+01,1.00000000E+00,3.17443763E-01,1.39977919E+08,1.07815161E+04,2.94582742E+05,-0.00000000E+00,-0.00000000E+00,-5.84488772E-32,-1.33074540E-33,3.19365517E+08,6.94293544E+06,3.19415244E-02,6.94401746E-04,-3.19710068E+08,-6.95053510E+06,-7.06109548E-02,-2.23154556E-03,-0.00000000E+00,-0.00000000E+00,7.31113878E-38,1.62531364E-39,-0.00000000E+00,-0.00000000E+00,7.31113878E-38,1.62531364E-39,-1.08791061E+05,-2.39962196E+03,-3.77387351E+00,-9.91838491E-02,4.53296935E+05,9.99844371E+03,4.50000000E+05,1.00000000E+04,7.76992937E+06,1.63110222E+09
4.70000000E+01,1.00000000E+00,3.17443807E-01,1.39977919E+08,1.07815161E+04,3.01289708E+05,-0.00000000E+00,-0.00000000E+00,-5.97796226E-32,-1.33074540E-33,3.26308466E+08,6.94294926E+06,3.26359275E-02,6.94403132E-04,-3.26660617E+08,-6.95054891E+06,-7.28425023E-02,-2.23154824E-03,-0.00000000E+00,-0.00000000E+00,7.47367013E-38,1.62531348E-39,-0.00000000E+00,-0.00000000E+00,7.47367013E-38,1.62531348E-39,-1.11190683E+05,-2.39962196E+03,-3.87305738E+00,-9.91838786E-02,4.63295379E+05,9.99844371E+03,4.60000000E+05,1.00000000E+04,7.76992932E+06,1.63110222E+09
4.80000000E+01,1.00000000E+00,3.17443849E-01,1.39977918E+08,1.07815161E+04,3.07996673E+05,-0.00000000E+00,-0.00000000E+00,-6.11103680E-32,-1.33074540E-33,3.33251429E+08,6.94296305E+06,3.33303320E-02,6.94404515E-04,-3.33611180E+08,-6.95056270E+06,-7.50740523E-02,-2.23155077E-03,-0.00000000E+00,-0.00000000E+00,7.63620147E-38,1.62531333E-39,-0.00000000E+00,-0.00000000E+00,7.63620147E-38,1.62531333E-39,-1.13590305E+05,-2.39962196E+03,-3.97224128E+00,-9.91839068E-02,4.73293823E+05,9.99844371E+03,4.70000000E+05,1.00000000E+04,7.76992928E+06,1.63110222E+09
4.90000000E+01,1.00000000E+00,3.17443889E-01,1.39977917E+08,1.07815161E+04,3.14703639E+05,-0.00000000E+00,-0.00000000E+00,-6.24411134E-32,-1.33074540E-33,3.40194406E+08,6.94297681E+06,3.40247379E-02,6.94405895E-04,-3.40561756E+08,-6.95057646E+06,-7.73056048E-02,-2.23155318E-03,-0.00000000E+00,-0.00000000E+00,7.79873279E-38,1.62531317E-39,-0.00000000E+00,-0.00000000E+00,7.79873279E-38,1.62531317E-39,-1.15989927E+05,-2.39962196E+03,-4.07142520E+00,-9.91839337E-02,4.83292266E+05,9.99844371E+03,4.80000000E+05,1.00000000E+04,7.76992923E+06,1.63110222E+09
5.00000000E+01,1.00000000E+00,3.17443927E-01,1.39977916E+08,1.07815161E+04,3.21410604E+05,-0.00000000E+00,-0.00000000E+00,-6.37718588E-32,-1.33074540E-33,3.47137396E+08,6.94299054E+06,3.47191452E-02,6.94407272E-04,-3.47512347E+08,-6.95059018E+06,-7.95371596E-02,-2.23155546E-03,-0.00000000E+00,-0.00000000E+00,7.96126409E-38,1.62531301E-39,-0.00000000E+00,-0.00000000E+00,7.96126409E-38,1.62531301E-39,-1.18389549E+05,-2.39962196E+03,-4.17060915E+00,-9.91839595E-02,4.93290710E+05,9.99844371E+03,4.90000000E+05,1.00000000E+04,7.76992919E+06,1.63110222E+09
