Time [d],dt_flow [d],dt_tran [d],Global Water Mass in Liquid Phas [kg],Global Vaq [mol],Global Vim [mol],Top Water Mass [kg],Top Water Mass [kg/d],Top Vaq [mol],Top Vaq [mol/d],Right Water Mass [kg],Right Water Mass [kg/d],Right Vaq [mol],Right Vaq [mol/d],Left Water Mass [kg],Left Water Mass [kg/d],Left Vaq [mol],Left Vaq [mol/d],North Water Mass [kg],North Water Mass [kg/d],North Vaq [mol],North Vaq [mol/d],South Water Mass [kg],South Water Mass [kg/d],South Vaq [mol],South Vaq [mol/d],ExtractWell Water Mass [kg],ExtractWell Water Mass [kg/d],ExtractWell Vaq [mol],ExtractWell Vaq [mol/d],InjectWell Water Mass [kg],InjectWell Water Mass [kg/d],InjectWell Vaq [mol],InjectWell Vaq [mol/d],Region Region__all Water Mass [kg],Region Region__all Total Mass [kg]
1.00000000E+00,4.89000000E-01,6.26579883E-02,1.39979211E+08,6.72317333E-03,5.91978158E-03,-0.00000000E+00,-0.00000000E+00,5.61376714E-40,8.98168321E-40,4.17062331E+07,4.17064846E+07,4.17119517E-03,4.17122067E-03,-4.17088476E+07,-4.17104177E+07,-2.68172264E-03,-1.68426110E-03,-0.00000000E+00,-0.00000000E+00,5.57890298E-40,8.92590743E-40,-0.00000000E+00,-0.00000000E+00,5.57890298E-40,8.92590744E-40,-8.08077614E+02,-1.22621786E+03,-4.49585638E-08,-4.97902546E-08,3.36702692E+03,5.10929714E+03,3.36749000E-07,5.11000000E-07,7.77000108E+06,1.63109144E+09
2.00000000E+00,4.88000000E-01,2.56873390E-02,1.39979170E+08,6.47140477E+03,2.36660692E+03,-0.00000000E+00,-0.00000000E+00,-4.69561401E-34,-7.98754518E-34,8.34116318E+07,4.17063690E+07,8.34230800E-03,4.17121012E-03,-8.34218866E+07,-4.17140070E+07,-3.79032300E-03,-9.32808238E-04,-0.00000000E+00,-0.00000000E+00,1.60391853E-39,1.13713970E-39,-0.00000000E+00,-0.00000000E+00,1.60391853E-39,1.13713970E-39,-3.20772071E+03,-2.39964297E+03,-6.86621231E-02,-5.06564451E-01,1.33656503E+04,9.99862300E+03,1.00000000E+04,1.00000000E+04,7.76999879E+06,1.63109791E+09
3.00000000E+00,1.00000000E+00,3.45823845E-02,1.39979135E+08,9.04641098E+03,7.34281888E+03,-0.00000000E+00,-0.00000000E+00,-1.45690332E-33,-1.11658386E-33,1.25121528E+08,4.17098962E+07,1.25138719E-02,4.17156389E-03,-1.25139417E+08,-4.17175305E+07,-1.47180264E+00,-8.47711876E+00,-0.00000000E+00,-0.00000000E+00,2.77422388E-39,1.18709481E-39,-0.00000000E+00,-0.00000000E+00,2.77422388E-39,1.18709481E-39,-5.60736330E+03,-2.39964259E+03,-4.20481821E+00,-7.65239279E+00,2.33642721E+04,9.99862186E+03,2.00000000E+04,1.00000000E+04,7.76999682E+06,1.63110049E+09
4.00000000E+00,1.00000000E+00,2.09849533E-02,1.39979100E+08,1.00077344E+04,1.33386464E+04,-0.00000000E+00,-0.00000000E+00,-2.64654991E-33,-1.23523863E-33,1.66834827E+08,4.17132989E+07,1.66857771E-02,4.17190521E-03,-1.66860349E+08,-4.17209319E+07,-9.17783370E+01,-2.17284125E+02,-0.00000000E+00,-0.00000000E+00,3.96541594E-39,1.19276702E-39,-0.00000000E+00,-0.00000000E+00,3.96541594E-39,1.19276702E-39,-8.00700560E+03,-2.39964229E+03,-1.29667427E+01,-9.10536294E+00,3.33628931E+04,9.99862092E+03,3.00000000E+04,1.00000000E+04,7.76999493E+06,1.63110145E+09
5.00000000E+00,1.00000000E+00,8.88905458E-03,1.39979067E+08,1.02171100E+04,1.96541853E+04,-0.00000000E+00,-0.00000000E+00,-3.89963131E-33,-1.26108156E-33,2.08551484E+08,4.17166573E+07,2.08580192E-02,4.17224210E-03,-2.08584639E+08,-4.17242899E+07,-4.56988665E+02,-4.57228671E+02,-0.00000000E+00,-0.00000000E+00,5.15837550E-39,1.19300860E-39,-0.00000000E+00,-0.00000000E+00,5.15837550E-39,1.19300860E-39,-1.04066476E+04,-2.39964205E+03,-2.20918953E+01,-9.12915532E+00,4.33615132E+04,9.99862014E+03,4.00000000E+04,1.00000000E+04,7.76999306E+06,1.63110166E+09
6.00000000E+00,1.00000000E+00,3.08707218E-02,1.39979033E+08,1.02338190E+04,2.60179023E+04,-0.00000000E+00,-0.00000000E+00,-5.16227182E-33,-1.26314394E-33,2.50271479E+08,4.17199953E+07,2.50305961E-02,4.17257693E-03,-2.50312267E+08,-4.17276277E+07,-9.43029250E+02,-4.96761157E+02,-0.00000000E+00,-0.00000000E+00,6.35136736E-39,1.19297951E-39,-0.00000000E+00,-0.00000000E+00,6.35136736E-39,1.19297951E-39,-1.28062895E+04,-2.39964185E+03,-3.12212079E+01,-9.12935116E+00,5.33601327E+04,9.99861948E+03,5.00000000E+04,1.00000000E+04,7.76999121E+06,1.63110168E+09
7.00000000E+00,1.00000000E+00,3.08940420E-02,1.39979000E+08,1.02342806E+04,3.23843917E+04,-0.00000000E+00,-0.00000000E+00,-6.42546245E-33,-1.26320090E-33,2.91994799E+08,4.17233191E+07,2.92035065E-02,4.17291034E-03,-2.92043218E+08,-4.17309514E+07,-1.44118359E+03,-4.98537676E+02,-0.00000000E+00,-0.00000000E+00,7.54432542E-39,1.19294463E-39,-0.00000000E+00,-0.00000000E+00,7.54432542E-39,1.19294463E-39,-1.52059312E+04,-2.39964168E+03,-4.03506084E+01,-9.12941974E+00,6.33587516E+04,9.99861891E+03,6.00000000E+04,1.00000000E+04,7.76998936E+06,1.63110168E+09
8.00000000E+00,1.00000000E+00,3.09140698E-02,1.39978967E+08,1.02342483E+04,3.87509227E+04,-0.00000000E+00,-0.00000000E+00,-7.68866132E-33,-1.26319692E-33,3.33721429E+08,4.17266304E+07,3.33767490E-02,4.17324251E-03,-3.33777481E+08,-4.17342625E+07,-1.93976965E+03,-4.98599153E+02,-0.00000000E+00,-0.00000000E+00,8.73724870E-39,1.19290992E-39,-0.00000000E+00,-0.00000000E+00,8.73724870E-39,1.19290992E-39,-1.76055727E+04,-2.39964153E+03,-4.94800706E+01,-9.12947854E+00,7.33573700E+04,9.99861843E+03,7.00000000E+04,1.00000000E+04,7.76998752E+06,1.63110168E+09
9.00000000E+00,1.00000000E+00,3.09319490E-02,1.39978934E+08,1.02342146E+04,4.51174321E+04,-0.00000000E+00,-0.00000000E+00,-8.95185589E-33,-1.26319276E-33,3.75451359E+08,4.17299298E+07,3.75503225E-02,4.17357348E-03,-3.75515042E+08,-4.17375619E+07,-2.43838948E+03,-4.98626427E+02,-0.00000000E+00,-0.00000000E+00,9.93013740E-39,1.19287544E-39,-0.00000000E+00,-0.00000000E+00,9.93013740E-39,1.19287544E-39,-2.00052141E+04,-2.39964140E+03,-5.86095857E+01,-9.12952939E+00,8.33559880E+04,9.99861801E+03,8.00000000E+04,1.00000000E+04,7.76998568E+06,1.63110168E+09
1.00000000E+01,1.00000000E+00,3.09783202E-02,1.39978901E+08,1.02341853E+04,5.14839220E+04,-0.00000000E+00,-0.00000000E+00,-1.02150466E-32,-1.26318914E-33,4.17184576E+08,4.17332177E+07,4.17242258E-02,4.17390330E-03,-4.17255892E+08,-4.17408497E+07,-2.93703382E+03,-4.98650110E+02,-0.00000000E+00,-0.00000000E+00,1.11229918E-38,1.19284119E-39,-0.00000000E+00,-0.00000000E+00,1.11229918E-38,1.19284119E-39,-2.24048554E+04,-2.39964129E+03,-6.77391473E+01,-9.12957444E+00,9.33546057E+04,9.99861764E+03,9.00000000E+04,1.00000000E+04,7.76998385E+06,1.63110168E+09
1.10000000E+01,1.00000000E+00,3.10416682E-02,1.39978868E+08,1.02341596E+04,5.78503949E+04,-0.00000000E+00,-0.00000000E+00,-1.14782339E-32,-1.26318597E-33,4.58921071E+08,4.17364944E+07,4.58984577E-02,4.17423199E-03,-4.59000018E+08,-4.17441262E+07,-3.43569975E+03,-4.98671032E+02,-0.00000000E+00,-0.00000000E+00,1.23158120E-38,1.19280716E-39,-0.00000000E+00,-0.00000000E+00,1.23158120E-38,1.19280716E-39,-2.48044966E+04,-2.39964119E+03,-7.68687505E+01,-9.12961464E+00,1.03353223E+05,9.99861732E+03,1.00000000E+05,1.00000000E+04,7.76998202E+06,1.63110168E+09
1.20000000E+01,1.00000000E+00,3.11037447E-02,1.39978835E+08,1.02341369E+04,6.42168530E+04,-0.00000000E+00,-0.00000000E+00,-1.27414183E-32,-1.26318317E-33,5.00660831E+08,4.17397600E+07,5.00730173E-02,4.17455958E-03,-5.00747410E+08,-4.17473918E+07,-3.93438484E+03,-4.98689638E+02,-0.00000000E+00,-0.00000000E+00,1.35085984E-38,1.19277335E-39,-0.00000000E+00,-0.00000000E+00,1.35085984E-38,1.19277335E-39,-2.72041377E+04,-2.39964110E+03,-8.59983908E+01,-9.12965070E+00,1.13351840E+05,9.99861703E+03,1.10000000E+05,1.00000000E+04,7.76998020E+06,1.63110168E+09
1.30000000E+01,1.00000000E+00,3.11727020E-02,1.39978802E+08,1.02341168E+04,7.05832978E+04,-0.00000000E+00,-0.00000000E+00,-1.40046001E-32,-1.26318069E-33,5.42403846E+08,4.17430149E+07,5.42479034E-02,4.17488609E-03,-5.42498057E+08,-4.17506466E+07,-4.43308704E+03,-4.98706283E+02,-0.00000000E+00,-0.00000000E+00,1.47013510E-38,1.19273976E-39,-0.00000000E+00,-0.00000000E+00,1.47013510E-38,1.19273976E-39,-2.96037787E+04,-2.39964102E+03,-9.51280646E+01,-9.12968320E+00,1.23350457E+05,9.99861677E+03,1.20000000E+05,1.00000000E+04,7.76997839E+06,1.63110168E+09
1.40000000E+01,1.00000000E+00,3.12449969E-02,1.39978770E+08,1.02340988E+04,7.69497309E+04,-0.00000000E+00,-0.00000000E+00,-1.52677795E-32,-1.26317847E-33,5.84150105E+08,4.17462594E+07,5.84231150E-02,4.17521155E-03,-5.84251948E+08,-4.17538910E+07,-4.93180461E+03,-4.98721252E+02,-0.00000000E+00,-0.00000000E+00,1.58940703E-38,1.19270638E-39,-0.00000000E+00,-0.00000000E+00,1.58940703E-38,1.19270638E-39,-3.20034197E+04,-2.39964095E+03,-1.04257769E+02,-9.12971261E+00,1.33349073E+05,9.99861654E+03,1.30000000E+05,1.00000000E+04,7.76997657E+06,1.63110168E+09
1.50000000E+01,1.00000000E+00,3.13163809E-02,1.39978737E+08,1.02340827E+04,8.33161534E+04,-0.00000000E+00,-0.00000000E+00,-1.65309569E-32,-1.26317648E-33,6.25899599E+08,4.17494935E+07,6.25986509E-02,4.17553598E-03,-6.26009073E+08,-4.17571250E+07,-5.43053605E+03,-4.98734775E+02,-0.00000000E+00,-0.00000000E+00,1.70867562E-38,1.19267322E-39,-0.00000000E+00,-0.00000000E+00,1.70867562E-38,1.19267322E-39,-3.44030606E+04,-2.39964089E+03,-1.13387500E+02,-9.12973935E+00,1.43347690E+05,9.99861633E+03,1.40000000E+05,1.00000000E+04,7.76997477E+06,1.63110168E+09
1.60000000E+01,1.00000000E+00,3.13875801E-02,1.39978705E+08,1.02340681E+04,8.96825665E+04,-0.00000000E+00,-0.00000000E+00,-1.77941324E-32,-1.26317468E-33,6.67652316E+08,4.17527176E+07,6.67745103E-02,4.17585940E-03,-6.67769422E+08,-4.17603490E+07,-5.92928007E+03,-4.98747045E+02,-0.00000000E+00,-0.00000000E+00,1.82794092E-38,1.19264027E-39,-0.00000000E+00,-0.00000000E+00,1.82794092E-38,1.19264027E-39,-3.68027014E+04,-2.39964083E+03,-1.22517257E+02,-9.12976373E+00,1.53346306E+05,9.99861614E+03,1.50000000E+05,1.00000000E+04,7.76997297E+06,1.63110168E+09
1.70000000E+01,1.00000000E+00,3.14638732E-02,1.39978672E+08,1.02340549E+04,9.60489709E+04,-0.00000000E+00,-0.00000000E+00,-1.90573061E-32,-1.26317304E-33,7.09408248E+08,4.17559318E+07,7.09506922E-02,4.17618183E-03,-7.09532985E+08,-4.17635632E+07,-6.42803553E+03,-4.98758218E+02,-0.00000000E+00,-0.00000000E+00,1.94720293E-38,1.19260753E-39,-0.00000000E+00,-0.00000000E+00,1.94720293E-38,1.19260753E-39,-3.92023422E+04,-2.39964078E+03,-1.31647036E+02,-9.12978603E+00,1.63344922E+05,9.99861596E+03,1.60000000E+05,1.00000000E+04,7.76997117E+06,1.63110168E+09
1.80000000E+01,1.00000000E+00,3.15400439E-02,1.39978640E+08,1.02340428E+04,1.02415368E+05,-0.00000000E+00,-0.00000000E+00,-2.03204783E-32,-1.26317156E-33,7.51167384E+08,4.17591364E+07,7.51271954E-02,4.17650329E-03,-7.51299753E+08,-4.17667676E+07,-6.92680143E+03,-4.98768426E+02,-0.00000000E+00,-0.00000000E+00,2.06646168E-38,1.19257499E-39,-0.00000000E+00,-0.00000000E+00,2.06646168E-38,1.19257499E-39,-4.16019829E+04,-2.39964073E+03,-1.40776837E+02,-9.12980649E+00,1.73343538E+05,9.99861581E+03,1.70000000E+05,1.00000000E+04,7.76996938E+06,1.63110168E+09
1.90000000E+01,1.00000000E+00,3.16157080E-02,1.39978608E+08,1.02340318E+04,1.08781757E+05,-0.00000000E+00,-0.00000000E+00,-2.15836491E-32,-1.26317020E-33,7.92929716E+08,4.17623315E+07,7.93040192E-02,4.17682380E-03,-7.93069715E+08,-4.17699626E+07,-7.42557688E+03,-4.98777779E+02,-0.00000000E+00,-0.00000000E+00,2.18571719E-38,1.19254267E-39,-0.00000000E+00,-0.00000000E+00,2.18571719E-38,1.19254267E-39,-4.40016236E+04,-2.39964068E+03,-1.49906656E+02,-9.12982530E+00,1.83342153E+05,9.99861566E+03,1.80000000E+05,1.00000000E+04,7.76996759E+06,1.63110168E+09
2.00000000E+01,1.00000000E+00,3.16908262E-02,1.39978576E+08,1.02340217E+04,1.15148140E+05,-0.00000000E+00,-0.00000000E+00,-2.28468186E-32,-1.26316895E-33,8.34695233E+08,4.17655172E+07,8.34811626E-02,4.17714338E-03,-8.34842863E+08,-4.17731483E+07,-7.92436112E+03,-4.98786372E+02,-0.00000000E+00,-0.00000000E+00,2.30496948E-38,1.19251055E-39,-0.00000000E+00,-0.00000000E+00,2.30496948E-38,1.19251055E-39,-4.64012642E+04,-2.39964064E+03,-1.59036494E+02,-9.12984265E+00,1.93340769E+05,9.99861553E+03,1.90000000E+05,1.00000000E+04,7.76996581E+06,1.63110168E+09
2.10000000E+01,1.00000000E+00,3.17666944E-02,1.39978544E+08,1.02340125E+04,1.21514517E+05,-0.00000000E+00,-0.00000000E+00,-2.41099869E-32,-1.26316781E-33,8.76463927E+08,4.17686939E+07,8.76586247E-02,4.17746204E-03,-8.76619188E+08,-4.17763249E+07,-8.42315344E+03,-4.98794287E+02,-0.00000000E+00,-0.00000000E+00,2.42421857E-38,1.19247864E-39,-0.00000000E+00,-0.00000000E+00,2.42421857E-38,1.19247864E-39,-4.88009048E+04,-2.39964061E+03,-1.68166348E+02,-9.12985867E+00,2.03339384E+05,9.99861541E+03,2.00000000E+05,1.00000000E+04,7.76996403E+06,1.63110168E+09
2.20000000E+01,1.00000000E+00,3.18444880E-02,1.39978512E+08,1.02340040E+04,1.27880889E+05,-0.00000000E+00,-0.00000000E+00,-2.53731541E-32,-1.26316676E-33,9.18235789E+08,4.17718615E+07,9.18364045E-02,4.17777981E-03,-9.18398681E+08,-4.17794925E+07,-8.92195321E+03,-4.98801593E+02,-0.00000000E+00,-0.00000000E+00,2.54346448E-38,1.19244692E-39,-0.00000000E+00,-0.00000000E+00,2.54346448E-38,1.19244692E-39,-5.12005454E+04,-2.39964057E+03,-1.77296217E+02,-9.12987350E+00,2.13337999E+05,9.99861529E+03,2.10000000E+05,1.00000000E+04,7.76996226E+06,1.63110168E+09
2.30000000E+01,1.00000000E+00,3.19222140E-02,1.39978480E+08,1.02339961E+04,1.34247255E+05,-0.00000000E+00,-0.00000000E+00,-2.66363204E-32,-1.26316579E-33,9.60010809E+08,4.17750204E+07,9.60145012E-02,4.17809669E-03,-9.60181332E+08,-4.17826512E+07,-9.42075987E+03,-4.98808352E+02,-0.00000000E+00,-0.00000000E+00,2.66270723E-38,1.19241539E-39,-0.00000000E+00,-0.00000000E+00,2.66270723E-38,1.19241539E-39,-5.36001859E+04,-2.39964054E+03,-1.86426100E+02,-9.12988726E+00,2.23336615E+05,9.99861519E+03,2.20000000E+05,1.00000000E+04,7.76996049E+06,1.63110168E+09
2.40000000E+01,1.00000000E+00,3.19997282E-02,1.39978448E+08,1.02339888E+04,1.40613617E+05,-0.00000000E+00,-0.00000000E+00,-2.78994856E-32,-1.26316489E-33,1.00178898E+09,4.17781706E+07,1.00192914E-01,4.17841270E-03,-1.00196713E+09,-4.17858013E+07,-9.91957292E+03,-4.98814615E+02,-0.00000000E+00,-0.00000000E+00,2.78194684E-38,1.19238407E-39,-0.00000000E+00,-0.00000000E+00,2.78194685E-38,1.19238407E-39,-5.59998265E+04,-2.39964051E+03,-1.95555996E+02,-9.12990003E+00,2.33335230E+05,9.99861509E+03,2.30000000E+05,1.00000000E+04,7.76995872E+06,1.63110168E+09
2.50000000E+01,1.00000000E+00,3.20770131E-02,1.39978416E+08,1.02339821E+04,1.46979974E+05,-0.00000000E+00,-0.00000000E+00,-2.91626501E-32,-1.26316406E-33,1.04357029E+09,4.17813122E+07,1.04371642E-01,4.17872786E-03,-1.04375608E+09,-4.17889430E+07,-1.04183919E+04,-4.98820430E+02,-0.00000000E+00,-0.00000000E+00,2.90118334E-38,1.19235294E-39,-0.00000000E+00,-0.00000000E+00,2.90118334E-38,1.19235294E-39,-5.83994669E+04,-2.39964048E+03,-2.04685905E+02,-9.12991192E+00,2.43333845E+05,9.99861500E+03,2.40000000E+05,1.00000000E+04,7.76995696E+06,1.63110168E+09
2.60000000E+01,1.00000000E+00,3.21540508E-02,1.39978385E+08,1.02339758E+04,1.53346327E+05,-0.00000000E+00,-0.00000000E+00,-3.04258137E-32,-1.26316329E-33,1.08535474E+09,4.17844455E+07,1.08550684E-01,4.17904218E-03,-1.08554815E+09,-4.17920762E+07,-1.09172164E+04,-4.98825837E+02,-0.00000000E+00,-0.00000000E+00,3.02041672E-38,1.19232200E-39,-0.00000000E+00,-0.00000000E+00,3.02041672E-38,1.19232200E-39,-6.07991074E+04,-2.39964046E+03,-2.13815824E+02,-9.12992300E+00,2.53332460E+05,9.99861492E+03,2.50000000E+05,1.00000000E+04,7.76995520E+06,1.63110168E+09
2.70000000E+01,1.00000000E+00,3.22309725E-02,1.39978353E+08,1.02339700E+04,1.59712677E+05,-0.00000000E+00,-0.00000000E+00,-3.16889766E-32,-1.26316257E-33,1.12714231E+09,4.17875706E+07,1.12730040E-01,4.17935567E-03,-1.12734335E+09,-4.17952012E+07,-1.14160460E+04,-4.98830873E+02,-0.00000000E+00,-0.00000000E+00,3.13964703E-38,1.19229125E-39,-0.00000000E+00,-0.00000000E+00,3.13964703E-38,1.19229125E-39,-6.31987478E+04,-2.39964043E+03,-2.22945755E+02,-9.12993334E+00,2.63331074E+05,9.99861484E+03,2.60000000E+05,1.00000000E+04,7.76995345E+06,1.63110168E+09
2.80000000E+01,1.00000000E+00,3.23092733E-02,1.39978322E+08,1.02339646E+04,1.66079023E+05,-0.00000000E+00,-0.00000000E+00,-3.29521388E-32,-1.26316190E-33,1.16893300E+09,4.17906875E+07,1.16909708E-01,4.17966835E-03,-1.16914167E+09,-4.17983180E+07,-1.19148804E+04,-4.98835570E+02,-0.00000000E+00,-0.00000000E+00,3.25887427E-38,1.19226068E-39,-0.00000000E+00,-0.00000000E+00,3.25887428E-38,1.19226068E-39,-6.55983882E+04,-2.39964041E+03,-2.32075695E+02,-9.12994300E+00,2.73329689E+05,9.99861477E+03,2.70000000E+05,1.00000000E+04,7.76995170E+06,1.63110168E+09
2.90000000E+01,1.00000000E+00,3.23875796E-02,1.39978290E+08,1.02339595E+04,1.72445366E+05,-0.00000000E+00,-0.00000000E+00,-3.42153003E-32,-1.26316128E-33,1.21072679E+09,4.17937965E+07,1.21089688E-01,4.17998023E-03,-1.21094310E+09,-4.18014269E+07,-1.24137192E+04,-4.98839958E+02,-0.00000000E+00,-0.00000000E+00,3.37809847E-38,1.19223031E-39,-0.00000000E+00,-0.00000000E+00,3.37809847E-38,1.19223031E-39,-6.79980286E+04,-2.39964039E+03,-2.41205644E+02,-9.12995204E+00,2.83328304E+05,9.99861470E+03,2.80000000E+05,1.00000000E+04,7.76994995E+06,1.63110168E+09
3.00000000E+01,1.00000000E+00,3.24657939E-02,1.39978259E+08,1.02339548E+04,1.78811706E+05,-0.00000000E+00,-0.00000000E+00,-3.54784613E-32,-1.26316069E-33,1.25252369E+09,4.17968976E+07,1.25269979E-01,4.18029132E-03,-1.25274763E+09,-4.18045280E+07,-1.29125622E+04,-4.98844061E+02,-0.00000000E+00,-0.00000000E+00,3.49731965E-38,1.19220012E-39,-0.00000000E+00,-0.00000000E+00,3.49731965E-38,1.19220012E-39,-7.03976690E+04,-2.39964037E+03,-2.50335602E+02,-9.12996052E+00,2.93326919E+05,9.99861464E+03,2.90000000E+05,1.00000000E+04,7.76994821E+06,1.63110168E+09
3.10000000E+01,1.00000000E+00,3.25439097E-02,1.39978227E+08,1.02339504E+04,1.85178043E+05,-0.00000000E+00,-0.00000000E+00,-3.67416216E-32,-1.26316015E-33,1.29432368E+09,4.17999910E+07,1.29450581E-01,4.18060163E-03,-1.29455525E+09,-4.18076213E+07,-1.34114092E+04,-4.98847904E+02,-0.00000000E+00,-0.00000000E+00,3.61653781E-38,1.19217011E-39,-0.00000000E+00,-0.00000000E+00,3.61653781E-38,1.19217011E-39,-7.27973094E+04,-2.39964035E+03,-2.59465568E+02,-9.12996847E+00,3.03325533E+05,9.99861458E+03,3.00000000E+05,1.00000000E+04,7.76994647E+06,1.63110168E+09
3.20000000E+01,1.00000000E+00,3.26219201E-02,1.39978196E+08,1.02339462E+04,1.91544378E+05,-0.00000000E+00,-0.00000000E+00,-3.80047815E-32,-1.26315964E-33,1.33612676E+09,4.18030767E+07,1.33631492E-01,4.18091118E-03,-1.33636595E+09,-4.18107069E+07,-1.39102598E+04,-4.98851507E+02,-0.00000000E+00,-0.00000000E+00,3.73575299E-38,1.19214028E-39,-0.00000000E+00,-0.00000000E+00,3.73575299E-38,1.19214028E-39,-7.51969497E+04,-2.39964034E+03,-2.68595542E+02,-9.12997594E+00,3.13324148E+05,9.99861452E+03,3.10000000E+05,1.00000000E+04,7.76994473E+06,1.63110168E+09
3.30000000E+01,1.00000000E+00,3.26998184E-02,1.39978165E+08,1.02339424E+04,1.97910709E+05,-0.00000000E+00,-0.00000000E+00,-3.92679409E-32,-1.26315916E-33,1.37793291E+09,4.18061549E+07,1.37812712E-01,4.18121998E-03,-1.37817974E+09,-4.18137850E+07,-1.44091138E+04,-4.98854889E+02,-0.00000000E+00,-0.00000000E+00,3.85496519E-38,1.19211063E-39,-0.00000000E+00,-0.00000000E+00,3.85496519E-38,1.19211063E-39,-7.75965900E+04,-2.39964032E+03,-2.77725523E+02,-9.12998296E+00,3.23322762E+05,9.99861447E+03,3.20000000E+05,1.00000000E+04,7.76994300E+06,1.63110168E+09
3.40000000E+01,1.00000000E+00,3.27775971E-02,1.39978134E+08,1.02339387E+04,2.04277039E+05,-0.00000000E+00,-0.00000000E+00,-4.05310998E-32,-1.26315871E-33,1.41974214E+09,4.18092256E+07,1.41994240E-01,4.18152803E-03,-1.41999660E+09,-4.18168557E+07,-1.49079710E+04,-4.98858068E+02,-0.00000000E+00,-0.00000000E+00,3.97417444E-38,1.19208116E-39,-0.00000000E+00,-0.00000000E+00,3.97417444E-38,1.19208116E-39,-7.99962303E+04,-2.39964031E+03,-2.86855510E+02,-9.12998957E+00,3.33321377E+05,9.99861442E+03,3.30000000E+05,1.00000000E+04,7.76994127E+06,1.63110168E+09
3.50000000E+01,1.00000000E+00,3.28552492E-02,1.39978103E+08,1.02339353E+04,2.10643366E+05,-0.00000000E+00,-0.00000000E+00,-4.17942583E-32,-1.26315829E-33,1.46155443E+09,4.18122891E+07,1.46176076E-01,4.18183535E-03,-1.46181651E+09,-4.18199191E+07,-1.54068313E+04,-4.98861058E+02,-0.00000000E+00,-0.00000000E+00,4.09338075E-38,1.19205187E-39,-0.00000000E+00,-0.00000000E+00,4.09338075E-38,1.19205187E-39,-8.23958706E+04,-2.39964029E+03,-2.95985504E+02,-9.12999581E+00,3.43319991E+05,9.99861437E+03,3.40000000E+05,1.00000000E+04,7.76993954E+06,1.63110168E+09
3.60000000E+01,1.00000000E+00,3.29335620E-02,1.39978072E+08,1.02339321E+04,2.17009692E+05,-0.00000000E+00,-0.00000000E+00,-4.30574163E-32,-1.26315789E-33,1.50336977E+09,4.18153453E+07,1.50358218E-01,4.18214194E-03,-1.50363949E+09,-4.18229753E+07,-1.59056945E+04,-4.98863874E+02,-0.00000000E+00,-0.00000000E+00,4.21258415E-38,1.19202275E-39,-0.00000000E+00,-0.00000000E+00,4.21258415E-38,1.19202275E-39,-8.47955109E+04,-2.39964028E+03,-3.05115504E+02,-9.13000168E+00,3.53318605E+05,9.99861433E+03,3.50000000E+05,1.00000000E+04,7.76993782E+06,1.63110168E+09
3.70000000E+01,1.00000000E+00,3.30119443E-02,1.39978041E+08,1.02339291E+04,2.23376015E+05,-0.00000000E+00,-0.00000000E+00,-4.43205740E-32,-1.26315752E-33,1.54518817E+09,4.18183944E+07,1.54540665E-01,4.18244782E-03,-1.54546551E+09,-4.18260244E+07,-1.64045603E+04,-4.98866528E+02,-0.00000000E+00,-0.00000000E+00,4.33178464E-38,1.19199380E-39,-0.00000000E+00,-0.00000000E+00,4.33178464E-38,1.19199380E-39,-8.71951512E+04,-2.39964027E+03,-3.14245510E+02,-9.13000724E+00,3.63317220E+05,9.99861429E+03,3.60000000E+05,1.00000000E+04,7.76993610E+06,1.63110168E+09
3.80000000E+01,1.00000000E+00,3.30902818E-02,1.39978010E+08,1.02339262E+04,2.29742337E+05,-0.00000000E+00,-0.00000000E+00,-4.55837313E-32,-1.26315716E-33,1.58700960E+09,4.18214365E+07,1.58723418E-01,4.18275300E-03,-1.58729458E+09,-4.18290664E+07,-1.69034287E+04,-4.98869033E+02,-0.00000000E+00,-0.00000000E+00,4.45098225E-38,1.19196502E-39,-0.00000000E+00,-0.00000000E+00,4.45098225E-38,1.19196502E-39,-8.95947914E+04,-2.39964025E+03,-3.23375521E+02,-9.13001249E+00,3.73315834E+05,9.99861425E+03,3.70000000E+05,1.00000000E+04,7.76993439E+06,1.63110168E+09
3.90000000E+01,1.00000000E+00,3.31685677E-02,1.39977979E+08,1.02339235E+04,2.36108657E+05,-0.00000000E+00,-0.00000000E+00,-4.68468883E-32,-1.26315683E-33,1.62883407E+09,4.18244717E+07,1.62906476E-01,4.18305748E-03,-1.62912668E+09,-4.18321015E+07,-1.74022995E+04,-4.98871399E+02,-0.00000000E+00,-0.00000000E+00,4.57017699E-38,1.19193641E-39,-0.00000000E+00,-0.00000000E+00,4.57017699E-38,1.19193641E-39,-9.19944316E+04,-2.39964024E+03,-3.32505537E+02,-9.13001745E+00,3.83314448E+05,9.99861421E+03,3.80000000E+05,1.00000000E+04,7.76993267E+06,1.63110168E+09
4.00000000E+01,1.00000000E+00,3.32467998E-02,1.39977948E+08,1.02339210E+04,2.42474975E+05,-0.00000000E+00,-0.00000000E+00,-4.81100449E-32,-1.26315652E-33,1.67066157E+09,4.18275000E+07,1.67089837E-01,4.18336127E-03,-1.67096181E+09,-4.18351298E+07,-1.79011726E+04,-4.98873635E+02,-0.00000000E+00,-0.00000000E+00,4.68936888E-38,1.19190798E-39,-0.00000000E+00,-0.00000000E+00,4.68936888E-38,1.19190798E-39,-9.43940719E+04,-2.39964023E+03,-3.41635557E+02,-9.13002215E+00,3.93313062E+05,9.99861418E+03,3.90000000E+05,1.00000000E+04,7.76993096E+06,1.63110168E+09
4.10000000E+01,1.00000000E+00,3.33249755E-02,1.39977917E+08,1.02339185E+04,2.48841292E+05,-0.00000000E+00,-0.00000000E+00,-4.93732013E-32,-1.26315622E-33,1.71249210E+09,4.18305215E+07,1.71273502E-01,4.18366439E-03,-1.71279996E+09,-4.18381513E+07,-1.84000478E+04,-4.98875751E+02,-0.00000000E+00,-0.00000000E+00,4.80855794E-38,1.19187970E-39,-0.00000000E+00,-0.00000000E+00,4.80855794E-38,1.19187970E-39,-9.67937121E+04,-2.39964022E+03,-3.50765583E+02,-9.13002661E+00,4.03311676E+05,9.99861415E+03,4.00000000E+05,1.00000000E+04,7.76992926E+06,1.63110168E+09
4.20000000E+01,1.00000000E+00,3.34030922E-02,1.39977887E+08,1.02339163E+04,2.55207607E+05,-0.00000000E+00,-0.00000000E+00,-5.06363574E-32,-1.26315594E-33,1.75432563E+09,4.18335364E+07,1.75457468E-01,4.18396684E-03,-1.75464113E+09,-4.18411661E+07,-1.88989250E+04,-4.98877755E+02,-0.00000000E+00,-0.00000000E+00,4.92774418E-38,1.19185159E-39,-0.00000000E+00,-0.00000000E+00,4.92774418E-38,1.19185159E-39,-9.91933523E+04,-2.39964021E+03,-3.59895612E+02,-9.13003084E+00,4.13310290E+05,9.99861412E+03,4.10000000E+05,1.00000000E+04,7.76992755E+06,1.63110168E+09
4.30000000E+01,1.00000000E+00,3.34811473E-02,1.39977856E+08,1.02339141E+04,2.61573921E+05,-0.00000000E+00,-0.00000000E+00,-5.18995131E-32,-1.26315567E-33,1.79616218E+09,4.18365447E+07,1.79641737E-01,4.18426862E-03,-1.79648530E+09,-4.18441743E+07,-1.93978042E+04,-4.98879654E+02,-0.00000000E+00,-0.00000000E+00,5.04692762E-38,1.19182364E-39,-0.00000000E+00,-0.00000000E+00,5.04692762E-38,1.19182364E-39,-1.01592993E+05,-2.39964020E+03,-3.69025646E+02,-9.13003486E+00,4.23308905E+05,9.99861409E+03,4.20000000E+05,1.00000000E+04,7.76992585E+06,1.63110168E+09
4.40000000E+01,1.00000000E+00,3.35591381E-02,1.39977825E+08,1.02339121E+04,2.67940233E+05,-0.00000000E+00,-0.00000000E+00,-5.31626687E-32,-1.26315542E-33,1.83800172E+09,4.18395464E+07,1.83826307E-01,4.18456976E-03,-1.83833248E+09,-4.18471760E+07,-1.98966852E+04,-4.98881455E+02,-0.00000000E+00,-0.00000000E+00,5.16610828E-38,1.19179586E-39,-0.00000000E+00,-0.00000000E+00,5.16610828E-38,1.19179586E-39,-1.03992633E+05,-2.39964019E+03,-3.78155683E+02,-9.13003867E+00,4.33307519E+05,9.99861406E+03,4.30000000E+05,1.00000000E+04,7.76992416E+06,1.63110168E+09
4.50000000E+01,1.00000000E+00,3.36370616E-02,1.39977795E+08,1.02339101E+04,2.74306545E+05,-0.00000000E+00,-0.00000000E+00,-5.44258240E-32,-1.26315518E-33,1.87984427E+09,4.18425418E+07,1.88011177E-01,4.18487024E-03,-1.88018265E+09,-4.18501712E+07,-2.03955679E+04,-4.98883165E+02,-0.00000000E+00,-0.00000000E+00,5.28528616E-38,1.19176824E-39,-0.00000000E+00,-0.00000000E+00,5.28528616E-38,1.19176824E-39,-1.06392273E+05,-2.39964019E+03,-3.87285725E+02,-9.13004230E+00,4.43306133E+05,9.99861403E+03,4.40000000E+05,1.00000000E+04,7.76992246E+06,1.63110168E+09
4.60000000E+01,1.00000000E+00,3.37150971E-02,1.39977764E+08,1.02339083E+04,2.80672855E+05,-0.00000000E+00,-0.00000000E+00,-5.56889790E-32,-1.26315495E-33,1.92168980E+09,4.18455307E+07,1.92196347E-01,4.18517009E-03,-1.92203581E+09,-4.18531601E+07,-2.08944522E+04,-4.98884790E+02,-0.00000000E+00,-0.00000000E+00,5.40446130E-38,1.19174077E-39,-0.00000000E+00,-0.00000000E+00,5.40446130E-38,1.19174077E-39,-1.08791913E+05,-2.39964018E+03,-3.96415769E+02,-9.13004576E+00,4.53304747E+05,9.99861401E+03,4.50000000E+05,1.00000000E+04,7.76992077E+06,1.63110168E+09
4.70000000E+01,1.00000000E+00,3.37933398E-02,1.39977734E+08,1.02339065E+04,2.87039164E+05,-0.00000000E+00,-0.00000000E+00,-5.69521338E-32,-1.26315474E-33,1.96353831E+09,4.18485133E+07,1.96381816E-01,4.18546931E-03,-1.96389195E+09,-4.18561427E+07,-2.13933382E+04,-4.98886334E+02,-0.00000000E+00,-0.00000000E+00,5.52363369E-38,1.19171346E-39,-0.00000000E+00,-0.00000000E+00,5.52363369E-38,1.19171346E-39,-1.11191553E+05,-2.39964017E+03,-4.05545817E+02,-9.13004905E+00,4.63303361E+05,9.99861398E+03,4.60000000E+05,1.00000000E+04,7.76991908E+06,1.63110168E+09
4.80000000E+01,1.00000000E+00,3.38715633E-02,1.39977704E+08,1.02339049E+04,2.93405472E+05,-0.00000000E+00,-0.00000000E+00,-5.82152885E-32,-1.26315453E-33,2.00538980E+09,4.18514898E+07,2.00567584E-01,4.18576790E-03,-2.00575107E+09,-4.18591191E+07,-2.18922256E+04,-4.98887804E+02,-0.00000000E+00,-0.00000000E+00,5.64280337E-38,1.19168630E-39,-0.00000000E+00,-0.00000000E+00,5.64280337E-38,1.19168630E-39,-1.13591193E+05,-2.39964016E+03,-4.14675869E+02,-9.13005219E+00,4.73301975E+05,9.99861396E+03,4.70000000E+05,1.00000000E+04,7.76991739E+06,1.63110168E+09
4.90000000E+01,1.00000000E+00,3.39497524E-02,1.39977673E+08,1.02339033E+04,2.99771779E+05,-0.00000000E+00,-0.00000000E+00,-5.94784429E-32,-1.26315434E-33,2.04724426E+09,4.18544600E+07,2.04753650E-01,4.18606588E-03,-2.04761316E+09,-4.18620893E+07,-2.23911144E+04,-4.98889203E+02,-0.00000000E+00,-0.00000000E+00,5.76197034E-38,1.19165931E-39,-0.00000000E+00,-0.00000000E+00,5.76197034E-38,1.19165931E-39,-1.15990834E+05,-2.39964016E+03,-4.23805923E+02,-9.13005518E+00,4.83300589E+05,9.99861394E+03,4.80000000E+05,1.00000000E+04,7.76991571E+06,1.63110168E+09
5.00000000E+01,1.00000000E+00,3.40279062E-02,1.39977643E+08,1.02339018E+04,3.06138085E+05,-0.00000000E+00,-0.00000000E+00,-6.07415971E-32,-1.26315415E-33,2.08910168E+09,4.18574242E+07,2.08940013E-01,4.18636325E-03,-2.08947822E+09,-4.18650534E+07,-2.28900046E+04,-4.98890536E+02,-0.00000000E+00,-0.00000000E+00,5.88113462E-38,1.19163246E-39,-0.00000000E+00,-0.00000000E+00,5.88113462E-38,1.19163246E-39,-1.18390474E+05,-2.39964015E+03,-4.32935980E+02,-9.13005804E+00,4.93299202E+05,9.99861392E+03,4.90000000E+05,1.00000000E+04,7.76991403E+06,1.63110168E+09
