Time [d],dt_flow [d],dt_tran [d],Global Water Mass in Liquid Phas [kg],Global Vaq [mol],Global Vim [mol],Top Water Mass [kg],Top Water Mass [kg/d],Top Vaq [mol],Top Vaq [mol/d],Right Water Mass [kg],Right Water Mass [kg/d],Right Vaq [mol],Right Vaq [mol/d],Left Water Mass [kg],Left Water Mass [kg/d],Left Vaq [mol],Left Vaq [mol/d],North Water Mass [kg],North Water Mass [kg/d],North Vaq [mol],North Vaq [mol/d],South Water Mass [kg],South Water Mass [kg/d],South Vaq [mol],South Vaq [mol/d],ExtractWell Water Mass [kg],ExtractWell Water Mass [kg/d],ExtractWell Vaq [mol],ExtractWell Vaq [mol/d],InjectWell Water Mass [kg],InjectWell Water Mass [kg/d],InjectWell Vaq [mol],InjectWell Vaq [mol/d],Region Region__all Water Mass [kg],Region Region__all Total Mass [kg]
1.00000000E+00,4.89000000E-01,9.00000000E-03,1.39978034E+08,5.88572860E-03,5.69531505E-03,-0.00000000E+00,-0.00000000E+00,6.05913670E-40,1.00153293E-39,8.84531654E+06,8.83653874E+06,8.84668350E-04,8.83790438E-04,-8.87818053E+06,-8.88640689E+06,-5.70341393E-04,-3.59170775E-04,-0.00000000E+00,-0.00000000E+00,6.02197017E-40,9.95450772E-40,-0.00000000E+00,-0.00000000E+00,6.02197017E-40,9.95450772E-40,-8.08070804E+02,-1.22620759E+03,-4.82005314E-08,-5.96447639E-08,3.36696197E+04,5.10919874E+04,3.36749000E-06,5.11000000E-06,7.76993575E+06,1.63109144E+09
2.00000000E+00,4.88000000E-01,8.00000000E-03,1.39978032E+08,6.43027710E+04,2.35711856E+04,-0.00000000E+00,-0.00000000E+00,-4.67681906E-33,-7.93679743E-33,1.76572080E+07,8.81190535E+06,1.76599369E-03,8.81326728E-04,-1.77876590E+07,-8.90949272E+06,-8.03351273E-04,-1.44366743E-04,-0.00000000E+00,-0.00000000E+00,1.82339294E-39,1.37571308E-39,-0.00000000E+00,-0.00000000E+00,1.82339294E-39,1.37571308E-39,-3.20769428E+03,-2.39962347E+03,-5.53261147E+02,-8.03446072E+02,1.33653940E+05,9.99843205E+04,1.00000000E+05,1.00000000E+05,7.76993563E+06,1.63115575E+09
3.00000000E+00,1.00000000E+00,8.00000000E-03,1.39978030E+08,8.98786465E+04,7.29377548E+04,-0.00000000E+00,-0.00000000E+00,-1.44717715E-32,-1.10935912E-32,2.64691661E+07,8.81195809E+06,2.64732570E-03,8.81332011E-04,-2.66972042E+07,-8.90954527E+06,-1.63047309E-03,-4.75008804E-03,-0.00000000E+00,-0.00000000E+00,3.28338826E-39,1.51752119E-39,-0.00000000E+00,-0.00000000E+00,3.28338826E-39,1.51752119E-39,-5.60731773E+03,-2.39962345E+03,-1.37320233E+03,-8.23939824E+02,2.33638260E+05,9.99843195E+04,2.00000000E+05,1.00000000E+05,7.76993549E+06,1.63118132E+09
4.00000000E+00,1.00000000E+00,4.00000000E-02,1.39978027E+08,1.00034399E+05,1.32643749E+05,-0.00000000E+00,-0.00000000E+00,-2.63181973E-32,-1.23471012E-32,3.52811732E+07,8.81200709E+06,3.52866262E-03,8.81336922E-04,-3.56067983E+07,-8.90959410E+06,-1.72174515E-01,-6.15005484E-01,-0.00000000E+00,-0.00000000E+00,4.83260140E-39,1.56976324E-39,-0.00000000E+00,-0.00000000E+00,4.83260140E-39,1.56976324E-39,-8.00694116E+03,-2.39962343E+03,-2.19730069E+03,-8.24134687E+02,3.33622579E+05,9.99843186E+04,3.00000000E+05,1.00000000E+05,7.76993536E+06,1.63119148E+09
5.00000000E+00,1.00000000E+00,4.00000000E-02,1.39978025E+08,1.04138041E+05,1.96406683E+05,-0.00000000E+00,-0.00000000E+00,-3.89695713E-32,-1.28536079E-32,4.40932257E+07,8.81205254E+06,4.41000410E-03,8.81341477E-04,-4.45164377E+07,-8.90963938E+06,-3.63307565E+00,-8.13876121E+00,-0.00000000E+00,-0.00000000E+00,6.41421329E-39,1.58927877E-39,-0.00000000E+00,-0.00000000E+00,6.41421329E-39,1.58927877E-39,-1.04065646E+04,-2.39962341E+03,-3.02143620E+03,-8.24135427E+02,4.33606896E+05,9.99843178E+04,4.00000000E+05,1.00000000E+05,7.76993524E+06,1.63119558E+09
6.00000000E+00,1.00000000E+00,4.00000000E-02,1.39978023E+08,1.05785490E+05,2.61805734E+05,-0.00000000E+00,-0.00000000E+00,-5.19455718E-32,-1.30569502E-32,5.29053205E+07,8.81209476E+06,5.29134981E-03,8.81345710E-04,-5.34261191E+07,-8.90968145E+06,-2.38811609E+01,-3.45587526E+01,-0.00000000E+00,-0.00000000E+00,8.00789216E-39,1.59651892E-39,-0.00000000E+00,-0.00000000E+00,8.00789216E-39,1.59651892E-39,-1.28061880E+04,-2.39962339E+03,-3.84557070E+03,-8.24134035E+02,5.33591214E+05,9.99843172E+04,5.00000000E+05,1.00000000E+05,7.76993513E+06,1.63119723E+09
7.00000000E+00,1.00000000E+00,4.00000000E-02,1.39978021E+08,1.06422408E+05,3.27858231E+05,-0.00000000E+00,-0.00000000E+00,-6.50512241E-32,-1.31355641E-32,6.17174547E+07,8.81213421E+06,6.17269947E-03,8.81349664E-04,-6.23358399E+07,-8.90972076E+06,-8.03935903E+01,-7.58438096E+01,-0.00000000E+00,-0.00000000E+00,9.60605385E-39,1.59916011E-39,-0.00000000E+00,-0.00000000E+00,9.60605385E-39,1.59916011E-39,-1.52058113E+04,-2.39962338E+03,-4.66970385E+03,-8.24132724E+02,6.33575530E+05,9.99843165E+04,6.00000000E+05,1.00000000E+05,7.76993503E+06,1.63119786E+09
8.00000000E+00,1.00000000E+00,4.00000000E-02,1.39978020E+08,1.06656252E+05,3.94153938E+05,-0.00000000E+00,-0.00000000E+00,-7.82051325E-32,-1.31644271E-32,7.05296261E+07,8.81217139E+06,7.05405286E-03,8.81353392E-04,-7.12455978E+07,-8.90975784E+06,-1.77361069E+02,-1.12195233E+02,-0.00000000E+00,-0.00000000E+00,1.12058274E-38,1.60013065E-39,-0.00000000E+00,-0.00000000E+00,1.12058274E-38,1.60013065E-39,-1.76054347E+04,-2.39962336E+03,-5.49383573E+03,-8.24131484E+02,7.33559846E+05,9.99843159E+04,7.00000000E+05,1.00000000E+05,7.76993493E+06,1.63119810E+09
9.00000000E+00,1.00000000E+00,4.00000000E-02,1.39978018E+08,1.06735407E+05,4.60534365E+05,-0.00000000E+00,-0.00000000E+00,-9.13758505E-32,-1.31741971E-32,7.93418329E+07,8.81220683E+06,7.93540981E-03,8.81356947E-04,-8.01553909E+07,-8.90979320E+06,-3.02703194E+02,-1.33816690E+02,-0.00000000E+00,-0.00000000E+00,1.28061847E-38,1.60048864E-39,-0.00000000E+00,-0.00000000E+00,1.28061847E-38,1.60048864E-39,-2.00050580E+04,-2.39962335E+03,-6.31796640E+03,-8.24130292E+02,8.33544161E+05,9.99843154E+04,8.00000000E+05,1.00000000E+05,7.76993484E+06,1.63119818E+09
1.00000000E+01,1.00000000E+00,5.88842353E-02,1.39978016E+08,1.06759139E+05,5.26942166E+05,-0.00000000E+00,-0.00000000E+00,-1.04552000E-31,-1.31771263E-32,8.81540739E+07,8.81224100E+06,8.81677018E-03,8.81360374E-04,-8.90652182E+07,-8.90982730E+06,-4.42656281E+02,-1.43357861E+02,-0.00000000E+00,-0.00000000E+00,1.44067569E-38,1.60061747E-39,-0.00000000E+00,-0.00000000E+00,1.44067569E-38,1.60061747E-39,-2.24046814E+04,-2.39962333E+03,-7.14209591E+03,-8.24129154E+02,9.33528476E+05,9.99843148E+04,9.00000000E+05,1.00000000E+05,7.76993475E+06,1.63119820E+09
1.10000000E+01,1.00000000E+00,2.63591957E-02,1.39978015E+08,1.06765593E+05,5.93357711E+05,-0.00000000E+00,-0.00000000E+00,-1.17729685E-31,-1.31779229E-32,9.69663482E+07,8.81227428E+06,9.69813389E-03,8.81363712E-04,-9.79750788E+07,-8.90986054E+06,-5.88342346E+02,-1.46745924E+02,-0.00000000E+00,-0.00000000E+00,1.60074055E-38,1.60066317E-39,-0.00000000E+00,-0.00000000E+00,1.60074055E-38,1.60066317E-39,-2.48043047E+04,-2.39962332E+03,-7.96622428E+03,-8.24128059E+02,1.03351279E+06,9.99843142E+04,1.00000000E+06,1.00000000E+05,7.76993466E+06,1.63119821E+09
1.20000000E+01,1.00000000E+00,1.48066388E-01,1.39978013E+08,1.06767328E+05,6.59775205E+05,-0.00000000E+00,-0.00000000E+00,-1.30907758E-31,-1.31781370E-32,1.05778655E+08,8.81230698E+06,1.05795009E-02,8.81366992E-04,-1.06884972E+08,-8.90989321E+06,-7.35841236E+02,-1.47841807E+02,-0.00000000E+00,-0.00000000E+00,1.76080799E-38,1.60067985E-39,-0.00000000E+00,-0.00000000E+00,1.76080799E-38,1.60067985E-39,-2.72039280E+04,-2.39962331E+03,-8.79035154E+03,-8.24126948E+02,1.13349710E+06,9.99843137E+04,1.10000000E+06,1.00000000E+05,7.76993457E+06,1.63119821E+09
1.30000000E+01,1.00000000E+00,2.63632785E-02,1.39978012E+08,1.06767741E+05,7.26193211E+05,-0.00000000E+00,-0.00000000E+00,-1.44085932E-31,-1.31781880E-32,1.14590994E+08,8.81233930E+06,1.14608711E-02,8.81370234E-04,-1.15794898E+08,-8.90992551E+06,-8.83901156E+02,-1.48146070E+02,-0.00000000E+00,-0.00000000E+00,1.92087636E-38,1.60068546E-39,-0.00000000E+00,-0.00000000E+00,1.92087636E-38,1.60068546E-39,-2.96035513E+04,-2.39962329E+03,-9.61447771E+03,-8.24125878E+02,1.23348142E+06,9.99843131E+04,1.20000000E+06,1.00000000E+05,7.76993449E+06,1.63119821E+09
1.40000000E+01,1.00000000E+00,2.63651535E-02,1.39978010E+08,1.06767838E+05,7.92611332E+05,-0.00000000E+00,-0.00000000E+00,-1.57264129E-31,-1.31782000E-32,1.23403366E+08,8.81237139E+06,1.23422446E-02,8.81373452E-04,-1.24704855E+08,-8.90995758E+06,-1.03210659E+03,-1.48228266E+02,-0.00000000E+00,-0.00000000E+00,2.08094503E-38,1.60068720E-39,-0.00000000E+00,-0.00000000E+00,2.08094503E-38,1.60068720E-39,-3.20031746E+04,-2.39962328E+03,-1.04386028E+04,-8.24124795E+02,1.33346573E+06,9.99843125E+04,1.30000000E+06,1.00000000E+05,7.76993441E+06,1.63119821E+09
1.50000000E+01,1.00000000E+00,2.63670141E-02,1.39978009E+08,1.06767860E+05,8.59029478E+05,-0.00000000E+00,-0.00000000E+00,-1.70442331E-31,-1.31782026E-32,1.32215769E+08,8.81240332E+06,1.32236212E-02,8.81376656E-04,-1.33614845E+08,-8.90998951E+06,-1.18035066E+03,-1.48250069E+02,-0.00000000E+00,-0.00000000E+00,2.24101378E-38,1.60068755E-39,-0.00000000E+00,-0.00000000E+00,2.24101378E-38,1.60068755E-39,-3.44027978E+04,-2.39962327E+03,-1.12627268E+04,-8.24123715E+02,1.43345004E+06,9.99843120E+04,1.40000000E+06,1.00000000E+05,7.76993432E+06,1.63119821E+09
1.60000000E+01,1.00000000E+00,2.63688663E-02,1.39978007E+08,1.06767863E+05,9.25447630E+05,-0.00000000E+00,-0.00000000E+00,-1.83620534E-31,-1.31782031E-32,1.41028204E+08,8.81243517E+06,1.41050011E-02,8.81379851E-04,-1.42524866E+08,-8.91002136E+06,-1.32860551E+03,-1.48256682E+02,-0.00000000E+00,-0.00000000E+00,2.40108252E-38,1.60068741E-39,-0.00000000E+00,-0.00000000E+00,2.40108252E-38,1.60068741E-39,-3.68024211E+04,-2.39962325E+03,-1.20868497E+04,-8.24122638E+02,1.53343435E+06,9.99843114E+04,1.50000000E+06,1.00000000E+05,7.76993424E+06,1.63119821E+09
1.70000000E+01,1.00000000E+00,2.63707136E-02,1.39978006E+08,1.06767863E+05,9.91865783E+05,-0.00000000E+00,-0.00000000E+00,-1.96798737E-31,-1.31782031E-32,1.49840671E+08,8.81246696E+06,1.49863841E-02,8.81383039E-04,-1.51434919E+08,-8.91005314E+06,-1.47686436E+03,-1.48259724E+02,-0.00000000E+00,-0.00000000E+00,2.56115124E-38,1.60068711E-39,-0.00000000E+00,-0.00000000E+00,2.56115124E-38,1.60068711E-39,-3.92020443E+04,-2.39962324E+03,-1.29109716E+04,-8.24121563E+02,1.63341866E+06,9.99843109E+04,1.60000000E+06,1.00000000E+05,7.76993416E+06,1.63119821E+09
1.80000000E+01,1.00000000E+00,2.63725582E-02,1.39978004E+08,1.06767862E+05,1.05828393E+06,-0.00000000E+00,-0.00000000E+00,-2.09976940E-31,-1.31782030E-32,1.58653170E+08,8.81249870E+06,1.58677703E-02,8.81386224E-04,-1.60345004E+08,-8.91008488E+06,-1.62512567E+03,-1.48261972E+02,-0.00000000E+00,-0.00000000E+00,2.72121993E-38,1.60068675E-39,-0.00000000E+00,-0.00000000E+00,2.72121993E-38,1.60068675E-39,-4.16016676E+04,-2.39962323E+03,-1.37350924E+04,-8.24120488E+02,1.73340297E+06,9.99843103E+04,1.70000000E+06,1.00000000E+05,7.76993407E+06,1.63119821E+09
1.90000000E+01,1.00000000E+00,2.63744012E-02,1.39978003E+08,1.06767861E+05,1.12470209E+06,-0.00000000E+00,-0.00000000E+00,-2.23155143E-31,-1.31782029E-32,1.67465700E+08,8.81253042E+06,1.67491597E-02,8.81389405E-04,-1.69255121E+08,-8.91011660E+06,-1.77338910E+03,-1.48264053E+02,-0.00000000E+00,-0.00000000E+00,2.88128858E-38,1.60068638E-39,-0.00000000E+00,-0.00000000E+00,2.88128858E-38,1.60068638E-39,-4.40012908E+04,-2.39962321E+03,-1.45592121E+04,-8.24119415E+02,1.83338728E+06,9.99843097E+04,1.80000000E+06,1.00000000E+05,7.76993399E+06,1.63119821E+09
2.00000000E+01,1.00000000E+00,2.63762431E-02,1.39978001E+08,1.06767860E+05,1.19112024E+06,-0.00000000E+00,-0.00000000E+00,-2.36333346E-31,-1.31782027E-32,1.76278263E+08,8.81256210E+06,1.76305523E-02,8.81392584E-04,-1.78165269E+08,-8.91014828E+06,-1.92165459E+03,-1.48266099E+02,-0.00000000E+00,-0.00000000E+00,3.04135719E-38,1.60068601E-39,-0.00000000E+00,-0.00000000E+00,3.04135719E-38,1.60068601E-39,-4.64009140E+04,-2.39962320E+03,-1.53833307E+04,-8.24118341E+02,1.93337159E+06,9.99843092E+04,1.90000000E+06,1.00000000E+05,7.76993391E+06,1.63119821E+09
2.10000000E+01,1.00000000E+00,2.63780843E-02,1.39978000E+08,1.06767859E+05,1.25753839E+06,-0.00000000E+00,-0.00000000E+00,-2.49511548E-31,-1.31782026E-32,1.85090856E+08,8.81259376E+06,1.85119481E-02,8.81395760E-04,-1.87075449E+08,-8.91017994E+06,-2.06992212E+03,-1.48268137E+02,-0.00000000E+00,-0.00000000E+00,3.20142577E-38,1.60068563E-39,-0.00000000E+00,-0.00000000E+00,3.20142577E-38,1.60068563E-39,-4.88005372E+04,-2.39962318E+03,-1.62074483E+04,-8.24117268E+02,2.03335590E+06,9.99843086E+04,2.00000000E+06,1.00000000E+05,7.76993383E+06,1.63119821E+09
2.20000000E+01,1.00000000E+00,2.63799248E-02,1.39977998E+08,1.06767858E+05,1.32395654E+06,-0.00000000E+00,-0.00000000E+00,-2.62689751E-31,-1.31782025E-32,1.93903482E+08,8.81262540E+06,1.93933470E-02,8.81398933E-04,-1.95985660E+08,-8.91021157E+06,-2.21819168E+03,-1.48270172E+02,-0.00000000E+00,-0.00000000E+00,3.36149430E-38,1.60068526E-39,-0.00000000E+00,-0.00000000E+00,3.36149430E-38,1.60068526E-39,-5.12001603E+04,-2.39962317E+03,-1.70315647E+04,-8.24116195E+02,2.13334021E+06,9.99843080E+04,2.10000000E+06,1.00000000E+05,7.76993374E+06,1.63119821E+09
2.30000000E+01,1.00000000E+00,2.63817648E-02,1.39977997E+08,1.06767857E+05,1.39037469E+06,-0.00000000E+00,-0.00000000E+00,-2.75867953E-31,-1.31782024E-32,2.02716139E+08,8.81265701E+06,2.02747491E-02,8.81402104E-04,-2.04895904E+08,-8.91024318E+06,-2.36646328E+03,-1.48272206E+02,-0.00000000E+00,-0.00000000E+00,3.52156281E-38,1.60068489E-39,-0.00000000E+00,-0.00000000E+00,3.52156281E-38,1.60068489E-39,-5.35997835E+04,-2.39962316E+03,-1.78556801E+04,-8.24115123E+02,2.23332452E+06,9.99843075E+04,2.20000000E+06,1.00000000E+05,7.76993366E+06,1.63119821E+09
2.40000000E+01,1.00000000E+00,2.63836043E-02,1.39977995E+08,1.06767856E+05,1.45679283E+06,-0.00000000E+00,-0.00000000E+00,-2.89046156E-31,-1.31782022E-32,2.11528827E+08,8.81268860E+06,2.11561544E-02,8.81405273E-04,-2.13806178E+08,-8.91027477E+06,-2.51473692E+03,-1.48274240E+02,-0.00000000E+00,-0.00000000E+00,3.68163127E-38,1.60068453E-39,-0.00000000E+00,-0.00000000E+00,3.68163127E-38,1.60068453E-39,-5.59994066E+04,-2.39962314E+03,-1.86797945E+04,-8.24114051E+02,2.33330882E+06,9.99843069E+04,2.30000000E+06,1.00000000E+05,7.76993358E+06,1.63119821E+09
2.50000000E+01,1.00000000E+00,2.63854434E-02,1.39977994E+08,1.06767855E+05,1.52321098E+06,-0.00000000E+00,-0.00000000E+00,-3.02224358E-31,-1.31782021E-32,2.20341547E+08,8.81272017E+06,2.20375628E-02,8.81408440E-04,-2.22716485E+08,-8.91030634E+06,-2.66301258E+03,-1.48276273E+02,-0.00000000E+00,-0.00000000E+00,3.84169970E-38,1.60068416E-39,-0.00000000E+00,-0.00000000E+00,3.84169970E-38,1.60068416E-39,-5.83990298E+04,-2.39962313E+03,-1.95039078E+04,-8.24112979E+02,2.43329313E+06,9.99843064E+04,2.40000000E+06,1.00000000E+05,7.76993350E+06,1.63119821E+09
2.60000000E+01,1.00000000E+00,2.63872819E-02,1.39977992E+08,1.06767854E+05,1.58962913E+06,-0.00000000E+00,-0.00000000E+00,-3.15402560E-31,-1.31782020E-32,2.29154299E+08,8.81275172E+06,2.29189744E-02,8.81411604E-04,-2.31626823E+08,-8.91033788E+06,-2.81129028E+03,-1.48278305E+02,-0.00000000E+00,-0.00000000E+00,4.00176809E-38,1.60068380E-39,-0.00000000E+00,-0.00000000E+00,4.00176809E-38,1.60068380E-39,-6.07986529E+04,-2.39962312E+03,-2.03280200E+04,-8.24111907E+02,2.53327744E+06,9.99843058E+04,2.50000000E+06,1.00000000E+05,7.76993341E+06,1.63119821E+09
2.70000000E+01,1.00000000E+00,2.63891199E-02,1.39977991E+08,1.06767853E+05,1.65604727E+06,-0.00000000E+00,-0.00000000E+00,-3.28580762E-31,-1.31782018E-32,2.37967082E+08,8.81278324E+06,2.38003892E-02,8.81414766E-04,-2.40537192E+08,-8.91036940E+06,-2.95957001E+03,-1.48280337E+02,-0.00000000E+00,-0.00000000E+00,4.16183644E-38,1.60068344E-39,-0.00000000E+00,-0.00000000E+00,4.16183644E-38,1.60068344E-39,-6.31982760E+04,-2.39962310E+03,-2.11521311E+04,-8.24110836E+02,2.63326174E+06,9.99843052E+04,2.60000000E+06,1.00000000E+05,7.76993333E+06,1.63119821E+09
2.80000000E+01,1.00000000E+00,2.63909575E-02,1.39977989E+08,1.06767852E+05,1.72246542E+06,-0.00000000E+00,-0.00000000E+00,-3.41758963E-31,-1.31782017E-32,2.46779897E+08,8.81281474E+06,2.46818071E-02,8.81417926E-04,-2.49447593E+08,-8.91040090E+06,-3.10785178E+03,-1.48282368E+02,-0.00000000E+00,-0.00000000E+00,4.32190476E-38,1.60068308E-39,-0.00000000E+00,-0.00000000E+00,4.32190476E-38,1.60068308E-39,-6.55978991E+04,-2.39962309E+03,-2.19762411E+04,-8.24109765E+02,2.73324605E+06,9.99843047E+04,2.70000000E+06,1.00000000E+05,7.76993325E+06,1.63119821E+09
2.90000000E+01,1.00000000E+00,2.63927946E-02,1.39977988E+08,1.06767851E+05,1.78888356E+06,-0.00000000E+00,-0.00000000E+00,-3.54937165E-31,-1.31782016E-32,2.55592743E+08,8.81284622E+06,2.55632282E-02,8.81421084E-04,-2.58358025E+08,-8.91043238E+06,-3.25613557E+03,-1.48284399E+02,-0.00000000E+00,-0.00000000E+00,4.48197305E-38,1.60068273E-39,-0.00000000E+00,-0.00000000E+00,4.48197305E-38,1.60068273E-39,-6.79975221E+04,-2.39962308E+03,-2.28003501E+04,-8.24108694E+02,2.83323035E+06,9.99843041E+04,2.80000000E+06,1.00000000E+05,7.76993317E+06,1.63119821E+09
3.00000000E+01,1.00000000E+00,2.63946312E-02,1.39977986E+08,1.06767850E+05,1.85530171E+06,-0.00000000E+00,-0.00000000E+00,-3.68115366E-31,-1.31782015E-32,2.64405621E+08,8.81287767E+06,2.64446525E-02,8.81424239E-04,-2.67268489E+08,-8.91046383E+06,-3.40442139E+03,-1.48286429E+02,-0.00000000E+00,-0.00000000E+00,4.64204130E-38,1.60068237E-39,-0.00000000E+00,-0.00000000E+00,4.64204130E-38,1.60068237E-39,-7.03971452E+04,-2.39962306E+03,-2.36244580E+04,-8.24107623E+02,2.93321465E+06,9.99843036E+04,2.90000000E+06,1.00000000E+05,7.76993309E+06,1.63119821E+09
3.10000000E+01,1.00000000E+00,2.63964673E-02,1.39977985E+08,1.06767849E+05,1.92171985E+06,-0.00000000E+00,-0.00000000E+00,-3.81293568E-31,-1.31782013E-32,2.73218530E+08,8.81290910E+06,2.73260799E-02,8.81427392E-04,-2.76178984E+08,-8.91049526E+06,-3.55270925E+03,-1.48288459E+02,-0.00000000E+00,-0.00000000E+00,4.80210951E-38,1.60068202E-39,-0.00000000E+00,-0.00000000E+00,4.80210951E-38,1.60068202E-39,-7.27967683E+04,-2.39962305E+03,-2.44485649E+04,-8.24106553E+02,3.03319896E+06,9.99843030E+04,3.00000000E+06,1.00000000E+05,7.76993300E+06,1.63119821E+09
3.20000000E+01,1.00000000E+00,2.63983029E-02,1.39977983E+08,1.06767848E+05,1.98813800E+06,-0.00000000E+00,-0.00000000E+00,-3.94471769E-31,-1.31782012E-32,2.82031471E+08,8.81294052E+06,2.82075104E-02,8.81430543E-04,-2.85089511E+08,-8.91052667E+06,-3.70099913E+03,-1.48290488E+02,-0.00000000E+00,-0.00000000E+00,4.96217769E-38,1.60068167E-39,-0.00000000E+00,-0.00000000E+00,4.96217769E-38,1.60068167E-39,-7.51963913E+04,-2.39962304E+03,-2.52726706E+04,-8.24105483E+02,3.13318326E+06,9.99843024E+04,3.10000000E+06,1.00000000E+05,7.76993292E+06,1.63119821E+09
3.30000000E+01,1.00000000E+00,2.64001380E-02,1.39977982E+08,1.06767847E+05,2.05455614E+06,-0.00000000E+00,-0.00000000E+00,-4.07649970E-31,-1.31782011E-32,2.90844443E+08,8.81297191E+06,2.90889441E-02,8.81433692E-04,-2.94000069E+08,-8.91055806E+06,-3.84929104E+03,-1.48292517E+02,-0.00000000E+00,-0.00000000E+00,5.12224583E-38,1.60068132E-39,-0.00000000E+00,-0.00000000E+00,5.12224583E-38,1.60068132E-39,-7.75960143E+04,-2.39962302E+03,-2.60967753E+04,-8.24104413E+02,3.23316756E+06,9.99843019E+04,3.20000000E+06,1.00000000E+05,7.76993284E+06,1.63119821E+09
3.40000000E+01,1.00000000E+00,2.64019727E-02,1.39977980E+08,1.06767846E+05,2.12097428E+06,-0.00000000E+00,-0.00000000E+00,-4.20828171E-31,-1.31782009E-32,2.99657446E+08,8.81300327E+06,2.99703809E-02,8.81436839E-04,-3.02910658E+08,-8.91058943E+06,-3.99758498E+03,-1.48294545E+02,-0.00000000E+00,-0.00000000E+00,5.28231394E-38,1.60068098E-39,-0.00000000E+00,-0.00000000E+00,5.28231394E-38,1.60068098E-39,-7.99956373E+04,-2.39962301E+03,-2.69208790E+04,-8.24103344E+02,3.33315186E+06,9.99843013E+04,3.30000000E+06,1.00000000E+05,7.76993276E+06,1.63119821E+09
3.50000000E+01,1.00000000E+00,2.64038069E-02,1.39977979E+08,1.06767845E+05,2.18739242E+06,-0.00000000E+00,-0.00000000E+00,-4.34006372E-31,-1.31782008E-32,3.08470480E+08,8.81303462E+06,3.08518209E-02,8.81439983E-04,-3.11821279E+08,-8.91062077E+06,-4.14588095E+03,-1.48296573E+02,-0.00000000E+00,-0.00000000E+00,5.44238201E-38,1.60068064E-39,-0.00000000E+00,-0.00000000E+00,5.44238201E-38,1.60068064E-39,-8.23952603E+04,-2.39962300E+03,-2.77449815E+04,-8.24102275E+02,3.43313616E+06,9.99843008E+04,3.40000000E+06,1.00000000E+05,7.76993268E+06,1.63119821E+09
3.60000000E+01,1.00000000E+00,2.64056406E-02,1.39977977E+08,1.06767844E+05,2.25381056E+06,-0.00000000E+00,-0.00000000E+00,-4.47184573E-31,-1.31782007E-32,3.17283546E+08,8.81306594E+06,3.17332640E-02,8.81443125E-04,-3.20731931E+08,-8.91065209E+06,-4.29417895E+03,-1.48298600E+02,-0.00000000E+00,-0.00000000E+00,5.60245005E-38,1.60068030E-39,-0.00000000E+00,-0.00000000E+00,5.60245005E-38,1.60068030E-39,-8.47948833E+04,-2.39962298E+03,-2.85690830E+04,-8.24101206E+02,3.53312046E+06,9.99843002E+04,3.50000000E+06,1.00000000E+05,7.76993259E+06,1.63119821E+09
3.70000000E+01,1.00000000E+00,2.64074738E-02,1.39977976E+08,1.06767843E+05,2.32022870E+06,-0.00000000E+00,-0.00000000E+00,-4.60362773E-31,-1.31782006E-32,3.26096644E+08,8.81309725E+06,3.26147103E-02,8.81446265E-04,-3.29642615E+08,-8.91068339E+06,-4.44247897E+03,-1.48300627E+02,-0.00000000E+00,-0.00000000E+00,5.76251806E-38,1.60067996E-39,-0.00000000E+00,-0.00000000E+00,5.76251806E-38,1.60067996E-39,-8.71945063E+04,-2.39962297E+03,-2.93931834E+04,-8.24100138E+02,3.63310476E+06,9.99842996E+04,3.60000000E+06,1.00000000E+05,7.76993251E+06,1.63119821E+09
3.80000000E+01,1.00000000E+00,2.64093066E-02,1.39977975E+08,1.06767842E+05,2.38664684E+06,-0.00000000E+00,-0.00000000E+00,-4.73540974E-31,-1.31782004E-32,3.34909772E+08,8.81312853E+06,3.34961597E-02,8.81449403E-04,-3.38553329E+08,-8.91071467E+06,-4.59078102E+03,-1.48302653E+02,-0.00000000E+00,-0.00000000E+00,5.92258603E-38,1.60067962E-39,-0.00000000E+00,-0.00000000E+00,5.92258603E-38,1.60067962E-39,-8.95941292E+04,-2.39962295E+03,-3.02172828E+04,-8.24099069E+02,3.73308906E+06,9.99842991E+04,3.70000000E+06,1.00000000E+05,7.76993243E+06,1.63119821E+09
3.90000000E+01,1.00000000E+00,2.64111389E-02,1.39977973E+08,1.06767841E+05,2.45306498E+06,-0.00000000E+00,-0.00000000E+00,-4.86719174E-31,-1.31782003E-32,3.43722932E+08,8.81315979E+06,3.43776122E-02,8.81452539E-04,-3.47464075E+08,-8.91074593E+06,-4.73908509E+03,-1.48304679E+02,-0.00000000E+00,-0.00000000E+00,6.08265397E-38,1.60067929E-39,-0.00000000E+00,-0.00000000E+00,6.08265397E-38,1.60067929E-39,-9.19937522E+04,-2.39962294E+03,-3.10413811E+04,-8.24098001E+02,3.83307336E+06,9.99842985E+04,3.80000000E+06,1.00000000E+05,7.76993235E+06,1.63119821E+09
4.00000000E+01,1.00000000E+00,2.64129707E-02,1.39977972E+08,1.06767840E+05,2.51948312E+06,-0.00000000E+00,-0.00000000E+00,-4.99897375E-31,-1.31782002E-32,3.52536123E+08,8.81319103E+06,3.52590679E-02,8.81455673E-04,-3.56374853E+08,-8.91077717E+06,-4.88739120E+03,-1.48306704E+02,-0.00000000E+00,-0.00000000E+00,6.24272188E-38,1.60067895E-39,-0.00000000E+00,-0.00000000E+00,6.24272188E-38,1.60067895E-39,-9.43933751E+04,-2.39962293E+03,-3.18654783E+04,-8.24096934E+02,3.93305766E+06,9.99842980E+04,3.90000000E+06,1.00000000E+05,7.76993227E+06,1.63119821E+09
4.10000000E+01,1.00000000E+00,2.64148020E-02,1.39977970E+08,1.06767839E+05,2.58590125E+06,-0.00000000E+00,-0.00000000E+00,-5.13075575E-31,-1.31782001E-32,3.61349345E+08,8.81322224E+06,3.61405267E-02,8.81458804E-04,-3.65285661E+08,-8.91080839E+06,-5.03569932E+03,-1.48308729E+02,-0.00000000E+00,-0.00000000E+00,6.40278975E-38,1.60067862E-39,-0.00000000E+00,-0.00000000E+00,6.40278975E-38,1.60067862E-39,-9.67929980E+04,-2.39962291E+03,-3.26895745E+04,-8.24095866E+02,4.03304196E+06,9.99842974E+04,4.00000000E+06,1.00000000E+05,7.76993219E+06,1.63119821E+09
4.20000000E+01,1.00000000E+00,2.64166328E-02,1.39977969E+08,1.06767837E+05,2.65231939E+06,-0.00000000E+00,-0.00000000E+00,-5.26253775E-31,-1.31781999E-32,3.70162599E+08,8.81325344E+06,3.70219887E-02,8.81461934E-04,-3.74196500E+08,-8.91083958E+06,-5.18400947E+03,-1.48310753E+02,-0.00000000E+00,-0.00000000E+00,6.56285759E-38,1.60067829E-39,-0.00000000E+00,-0.00000000E+00,6.56285759E-38,1.60067829E-39,-9.91926209E+04,-2.39962290E+03,-3.35136696E+04,-8.24094799E+02,4.13302625E+06,9.99842968E+04,4.10000000E+06,1.00000000E+05,7.76993210E+06,1.63119821E+09
4.30000000E+01,1.00000000E+00,2.64184631E-02,1.39977967E+08,1.06767836E+05,2.71873753E+06,-0.00000000E+00,-0.00000000E+00,-5.39431974E-31,-1.31781998E-32,3.78975883E+08,8.81328462E+06,3.79034537E-02,8.81465061E-04,-3.83107371E+08,-8.91087075E+06,-5.33232164E+03,-1.48312777E+02,-0.00000000E+00,-0.00000000E+00,6.72292540E-38,1.60067797E-39,-0.00000000E+00,-0.00000000E+00,6.72292540E-38,1.60067797E-39,-1.01592244E+05,-2.39962289E+03,-3.43377636E+04,-8.24093732E+02,4.23301055E+06,9.99842963E+04,4.20000000E+06,1.00000000E+05,7.76993202E+06,1.63119821E+09
4.40000000E+01,1.00000000E+00,2.64202930E-02,1.39977966E+08,1.06767835E+05,2.78515566E+06,-0.00000000E+00,-0.00000000E+00,-5.52610174E-31,-1.31781997E-32,3.87789199E+08,8.81331577E+06,3.87849219E-02,8.81468186E-04,-3.92018273E+08,-8.91090191E+06,-5.48063584E+03,-1.48314800E+02,-0.00000000E+00,-0.00000000E+00,6.88299317E-38,1.60067764E-39,-0.00000000E+00,-0.00000000E+00,6.88299317E-38,1.60067764E-39,-1.03991867E+05,-2.39962287E+03,-3.51618565E+04,-8.24092666E+02,4.33299484E+06,9.99842957E+04,4.30000000E+06,1.00000000E+05,7.76993194E+06,1.63119821E+09
4.50000000E+01,1.00000000E+00,2.64221224E-02,1.39977964E+08,1.06767834E+05,2.85157380E+06,-0.00000000E+00,-0.00000000E+00,-5.65788374E-31,-1.31781995E-32,3.96602546E+08,8.81334690E+06,3.96663932E-02,8.81471309E-04,-4.00929206E+08,-8.91093304E+06,-5.62895206E+03,-1.48316823E+02,-0.00000000E+00,-0.00000000E+00,7.04306091E-38,1.60067732E-39,-0.00000000E+00,-0.00000000E+00,7.04306091E-38,1.60067732E-39,-1.06391490E+05,-2.39962286E+03,-3.59859484E+04,-8.24091599E+02,4.43297914E+06,9.99842952E+04,4.40000000E+06,1.00000000E+05,7.76993186E+06,1.63119821E+09
4.60000000E+01,1.00000000E+00,2.64239513E-02,1.39977963E+08,1.06767833E+05,2.91799193E+06,-0.00000000E+00,-0.00000000E+00,-5.78966573E-31,-1.31781994E-32,4.05415924E+08,8.81337802E+06,4.05478676E-02,8.81474430E-04,-4.09840170E+08,-8.91096415E+06,-5.77727030E+03,-1.48318845E+02,-0.00000000E+00,-0.00000000E+00,7.20312862E-38,1.60067700E-39,-0.00000000E+00,-0.00000000E+00,7.20312862E-38,1.60067700E-39,-1.08791112E+05,-2.39962285E+03,-3.68100392E+04,-8.24090533E+02,4.53296343E+06,9.99842946E+04,4.50000000E+06,1.00000000E+05,7.76993178E+06,1.63119821E+09
4.70000000E+01,1.00000000E+00,2.64257797E-02,1.39977961E+08,1.06767832E+05,2.98441006E+06,-0.00000000E+00,-0.00000000E+00,-5.92144773E-31,-1.31781993E-32,4.14229333E+08,8.81340911E+06,4.14293452E-02,8.81477549E-04,-4.18751166E+08,-8.91099524E+06,-5.92559057E+03,-1.48320867E+02,-0.00000000E+00,-0.00000000E+00,7.36319630E-38,1.60067668E-39,-0.00000000E+00,-0.00000000E+00,7.36319630E-38,1.60067668E-39,-1.11190735E+05,-2.39962283E+03,-3.76341290E+04,-8.24089468E+02,4.63294773E+06,9.99842940E+04,4.60000000E+06,1.00000000E+05,7.76993170E+06,1.63119821E+09
4.80000000E+01,1.00000000E+00,2.64276077E-02,1.39977960E+08,1.06767831E+05,3.05082820E+06,-0.00000000E+00,-0.00000000E+00,-6.05322972E-31,-1.31781992E-32,4.23042773E+08,8.81344018E+06,4.23108259E-02,8.81480666E-04,-4.27662192E+08,-8.91102631E+06,-6.07391285E+03,-1.48322888E+02,-0.00000000E+00,-0.00000000E+00,7.52326395E-38,1.60067636E-39,-0.00000000E+00,-0.00000000E+00,7.52326395E-38,1.60067636E-39,-1.13590358E+05,-2.39962282E+03,-3.84582177E+04,-8.24088402E+02,4.73293202E+06,9.99842935E+04,4.70000000E+06,1.00000000E+05,7.76993162E+06,1.63119821E+09
4.90000000E+01,1.00000000E+00,2.64294352E-02,1.39977958E+08,1.06767830E+05,3.11724633E+06,-0.00000000E+00,-0.00000000E+00,-6.18501171E-31,-1.31781990E-32,4.31856245E+08,8.81347123E+06,4.31923096E-02,8.81483781E-04,-4.36573249E+08,-8.91105736E+06,-6.22223716E+03,-1.48324909E+02,-0.00000000E+00,-0.00000000E+00,7.68333156E-38,1.60067604E-39,-0.00000000E+00,-0.00000000E+00,7.68333156E-38,1.60067604E-39,-1.15989981E+05,-2.39962281E+03,-3.92823053E+04,-8.24087337E+02,4.83291632E+06,9.99842929E+04,4.80000000E+06,1.00000000E+05,7.76993154E+06,1.63119821E+09
5.00000000E+01,1.00000000E+00,2.64312622E-02,1.39977957E+08,1.06767829E+05,3.18366446E+06,-0.00000000E+00,-0.00000000E+00,-6.31679370E-31,-1.31781989E-32,4.40669747E+08,8.81350226E+06,4.40737965E-02,8.81486894E-04,-4.45484338E+08,-8.91108839E+06,-6.37056349E+03,-1.48326929E+02,-0.00000000E+00,-0.00000000E+00,7.84339915E-38,1.60067573E-39,-0.00000000E+00,-0.00000000E+00,7.84339915E-38,1.60067573E-39,-1.18389604E+05,-2.39962279E+03,-4.01063919E+04,-8.24086272E+02,4.93290061E+06,9.99842924E+04,4.90000000E+06,1.00000000E+05,7.76993146E+06,1.63119821E+09
