Time [d],dt_flow [d],dt_tran [d],Global Water Mass in Liquid Phas [kg],Global Vaq [mol],Global Vim [mol],Top Water Mass [kg],Top Water Mass [kg/d],Top Vaq [mol],Top Vaq [mol/d],Right Water Mass [kg],Right Water Mass [kg/d],Right Vaq [mol],Right Vaq [mol/d],Left Water Mass [kg],Left Water Mass [kg/d],Left Vaq [mol],Left Vaq [mol/d],North Water Mass [kg],North Water Mass [kg/d],North Vaq [mol],North Vaq [mol/d],South Water Mass [kg],South Water Mass [kg/d],South Vaq [mol],South Vaq [mol/d],ExtractWell Water Mass [kg],ExtractWell Water Mass [kg/d],ExtractWell Vaq [mol],ExtractWell Vaq [mol/d],InjectWell Water Mass [kg],InjectWell Water Mass [kg/d],InjectWell Vaq [mol],InjectWell Vaq [mol/d],Region Region__all Water Mass [kg],Region Region__all Total Mass [kg]
1.00000000E+00,4.89000000E-01,9.00000000E-03,1.39977751E+08,5.68937546E-03,5.64359804E-03,-0.00000000E+00,-0.00000000E+00,6.16174981E-40,1.02576851E-39,1.19819630E+06,1.18878308E+06,1.19838637E-04,1.18897165E-04,-1.23105738E+06,-1.23864834E+06,-7.89766786E-05,-5.00637001E-05,-0.00000000E+00,-0.00000000E+00,6.12394569E-40,1.01953586E-39,-0.00000000E+00,-0.00000000E+00,6.12394569E-40,1.01953586E-39,-8.08069162E+02,-1.22620510E+03,-4.49698984E-08,-4.96153607E-08,3.36695497E+04,5.10918814E+04,3.36749000E-06,5.11000000E-06,7.76992001E+06,1.63109144E+09
2.00000000E+00,4.88000000E-01,8.00000000E-03,1.39977751E+08,6.46941175E+04,2.36762096E+04,-0.00000000E+00,-0.00000000E+00,-4.69765716E-33,-7.98510078E-33,2.36056302E+06,1.16236653E+06,2.36093747E-04,1.16255091E-04,-2.49100821E+06,-1.25995108E+06,-1.11924192E-04,-2.03657563E-05,-0.00000000E+00,-0.00000000E+00,1.87440373E-39,1.43125111E-39,-0.00000000E+00,-0.00000000E+00,1.87440373E-39,1.43125111E-39,-3.20768777E+03,-2.39961861E+03,-5.32584274E+00,-1.83511059E+01,1.33653663E+05,9.99841136E+04,1.00000000E+05,1.00000000E+05,7.76992004E+06,1.63115614E+09
3.00000000E+00,1.00000000E+00,8.00000000E-03,1.39977751E+08,9.04628668E+04,7.34335706E+04,-0.00000000E+00,-0.00000000E+00,-1.45701477E-32,-1.11657007E-32,3.52292971E+06,1.16236669E+06,3.52348854E-04,1.16255107E-04,-3.75095945E+06,-1.25995124E+06,-1.25061381E-04,-8.18096303E-06,-0.00000000E+00,-0.00000000E+00,3.40235004E-39,1.59406536E-39,-0.00000000E+00,-0.00000000E+00,3.40235004E-39,1.59406536E-39,-5.60730638E+03,-2.39961861E+03,-4.97335267E+01,-6.90291496E+01,2.33637777E+05,9.99841136E+04,2.00000000E+05,1.00000000E+05,7.76992003E+06,1.63118191E+09
4.00000000E+00,1.00000000E+00,4.00000000E-02,1.39977751E+08,1.00740565E+05,1.33550271E+05,-0.00000000E+00,-0.00000000E+00,-2.64980627E-32,-1.24342623E-32,4.68529656E+06,1.16236685E+06,4.68603977E-04,1.16255123E-04,-5.01091085E+06,-1.25995140E+06,-1.30315572E-04,-3.30768174E-06,-0.00000000E+00,-0.00000000E+00,5.03524390E-39,1.65864767E-39,-0.00000000E+00,-0.00000000E+00,5.03524390E-39,1.65864767E-39,-8.00692499E+03,-2.39961861E+03,-1.39705339E+02,-1.05175036E+02,3.33621890E+05,9.99841136E+04,3.00000000E+05,1.00000000E+05,7.76992003E+06,1.63119218E+09
5.00000000E+00,1.00000000E+00,4.00000000E-02,1.39977751E+08,1.04880760E+05,1.97766547E+05,-0.00000000E+00,-0.00000000E+00,-3.92393856E-32,-1.29452807E-32,5.84766357E+06,1.16236701E+06,5.84859116E-04,1.16255139E-04,-6.27086240E+06,-1.25995156E+06,-1.32439917E-04,-1.33734360E-06,-0.00000000E+00,-0.00000000E+00,6.70946271E-39,1.68454647E-39,-0.00000000E+00,-0.00000000E+00,6.70946271E-39,1.68454647E-39,-1.04065436E+04,-2.39961861E+03,-2.54826340E+02,-1.21712594E+02,4.33606004E+05,9.99841136E+04,4.00000000E+05,1.00000000E+05,7.76992003E+06,1.63119632E+09
6.00000000E+00,1.00000000E+00,7.20000000E-02,1.39977751E+08,1.06542825E+05,2.63637945E+05,-0.00000000E+00,-0.00000000E+00,-5.23091058E-32,-1.31504269E-32,7.01003073E+06,1.16236716E+06,7.01114270E-04,1.16255154E-04,-7.53081411E+06,-1.25995171E+06,-1.33295893E-04,-5.43421817E-07,-0.00000000E+00,-0.00000000E+00,8.40029111E-39,1.69489618E-39,-0.00000000E+00,-0.00000000E+00,8.40029111E-39,1.69489618E-39,-1.28061622E+04,-2.39961861E+03,-3.80336501E+02,-1.27852412E+02,5.33590118E+05,9.99841136E+04,5.00000000E+05,1.00000000E+05,7.76992002E+06,1.63119799E+09
7.00000000E+00,1.00000000E+00,4.00000000E-02,1.39977751E+08,1.07209144E+05,3.30174750E+05,-0.00000000E+00,-0.00000000E+00,-6.55108509E-32,-1.32326698E-32,8.17239805E+06,1.16236732E+06,8.17369440E-04,1.16255170E-04,-8.79076598E+06,-1.25995186E+06,-1.33640148E-04,-2.24125306E-07,-0.00000000E+00,-0.00000000E+00,1.00977649E-38,1.69902431E-39,-0.00000000E+00,-0.00000000E+00,1.00977649E-38,1.69902431E-39,-1.52057808E+04,-2.39961861E+03,-5.09490701E+02,-1.29880132E+02,6.33574231E+05,9.99841136E+04,6.00000000E+05,1.00000000E+05,7.76992002E+06,1.63119865E+09
8.00000000E+00,1.00000000E+00,4.00000000E-02,1.39977751E+08,1.07483288E+05,3.96973820E+05,-0.00000000E+00,-0.00000000E+00,-7.87646329E-32,-1.32665070E-32,9.33476552E+06,1.16236747E+06,9.33624625E-04,1.16255185E-04,-1.00507180E+07,-1.25995201E+06,-1.33782131E-04,-9.24409415E-08,-0.00000000E+00,-0.00000000E+00,1.17978438E-38,1.70071327E-39,-0.00000000E+00,-0.00000000E+00,1.17978438E-38,1.70071327E-39,-1.76053994E+04,-2.39961861E+03,-6.39788144E+02,-1.30526025E+02,7.33558345E+05,9.99841136E+04,7.00000000E+05,1.00000000E+05,7.76992002E+06,1.63119893E+09
9.00000000E+00,1.00000000E+00,4.00000000E-02,1.39977751E+08,1.07596147E+05,4.63880826E+05,-0.00000000E+00,-0.00000000E+00,-9.20398308E-32,-1.32804370E-32,1.04971331E+07,1.16236762E+06,1.04987983E-03,1.16255200E-04,-1.13106702E+07,-1.25995216E+06,-1.33840703E-04,-3.81496788E-08,-0.00000000E+00,-0.00000000E+00,1.34989885E-38,1.70140423E-39,-0.00000000E+00,-0.00000000E+00,1.34989885E-38,1.70140423E-39,-2.00050180E+04,-2.39961861E+03,-7.70441670E+02,-1.30722467E+02,8.33542458E+05,9.99841136E+04,8.00000000E+05,1.00000000E+05,7.76992002E+06,1.63119904E+09
1.00000000E+01,1.00000000E+00,1.04000000E-01,1.39977751E+08,1.07642090E+05,5.30832641E+05,-0.00000000E+00,-0.00000000E+00,-1.05323919E-31,-1.32861077E-32,1.16595009E+07,1.16236777E+06,1.16613504E-03,1.16255215E-04,-1.25706225E+07,-1.25995231E+06,-1.33864638E-04,-1.60937124E-08,-0.00000000E+00,-0.00000000E+00,1.52005728E-38,1.70168358E-39,-0.00000000E+00,-0.00000000E+00,1.52005728E-38,1.70168358E-39,-2.24046366E+04,-2.39961861E+03,-9.01202307E+02,-1.30779461E+02,9.33526572E+05,9.99841136E+04,9.00000000E+05,1.00000000E+05,7.76992001E+06,1.63119908E+09
1.10000000E+01,1.00000000E+00,2.32000000E-01,1.39977751E+08,1.07661001E+05,5.97802566E+05,-0.00000000E+00,-0.00000000E+00,-1.18611601E-31,-1.32884418E-32,1.28218688E+07,1.16236791E+06,1.28239027E-03,1.16255230E-04,-1.38305749E+07,-1.25995246E+06,-1.33874714E-04,-7.22009195E-09,-0.00000000E+00,-0.00000000E+00,1.69023334E-38,1.70179775E-39,-0.00000000E+00,-0.00000000E+00,1.69023334E-38,1.70179775E-39,-2.48042553E+04,-2.39961861E+03,-1.03199333E+03,-1.30795982E+02,1.03351069E+06,9.99841136E+04,1.00000000E+06,1.00000000E+05,7.76992001E+06,1.63119910E+09
1.20000000E+01,1.00000000E+00,2.32000000E-01,1.39977751E+08,1.07669116E+05,6.64779727E+05,-0.00000000E+00,-0.00000000E+00,-1.31900719E-31,-1.32894435E-32,1.39842369E+07,1.16236806E+06,1.39864551E-03,1.16255244E-04,-1.50905275E+07,-1.25995260E+06,-1.33879601E-04,-3.86157489E-09,-0.00000000E+00,-0.00000000E+00,1.86041640E-38,1.70184640E-39,-0.00000000E+00,-0.00000000E+00,1.86041640E-38,1.70184640E-39,-2.72038739E+04,-2.39961861E+03,-1.16279283E+03,-1.30801009E+02,1.13349480E+06,9.99841136E+04,1.10000000E+06,1.00000000E+05,7.76992001E+06,1.63119911E+09
1.30000000E+01,1.00000000E+00,2.32000000E-01,1.39977751E+08,1.07672599E+05,7.31759992E+05,-0.00000000E+00,-0.00000000E+00,-1.45190452E-31,-1.32898734E-32,1.51466051E+07,1.16236820E+06,1.51490077E-03,1.16255258E-04,-1.63504803E+07,-1.25995274E+06,-1.33882917E-04,-3.21997696E-09,-0.00000000E+00,-0.00000000E+00,2.03060244E-38,1.70186714E-39,-0.00000000E+00,-0.00000000E+00,2.03060244E-38,1.70186714E-39,-2.96034925E+04,-2.39961861E+03,-1.29359490E+03,-1.30802520E+02,1.23347891E+06,9.99841136E+04,1.20000000E+06,1.00000000E+05,7.76992000E+06,1.63119911E+09
1.40000000E+01,1.00000000E+00,3.60000000E-01,1.39977751E+08,1.07674073E+05,7.98741604E+05,-0.00000000E+00,-0.00000000E+00,-1.58480453E-31,-1.32900553E-32,1.63089734E+07,1.16236834E+06,1.63115604E-03,1.16255273E-04,-1.76104332E+07,-1.25995288E+06,-1.33886671E-04,-4.20985374E-09,-0.00000000E+00,-0.00000000E+00,2.20078976E-38,1.70187584E-39,-0.00000000E+00,-0.00000000E+00,2.20078976E-38,1.70187584E-39,-3.20031111E+04,-2.39961861E+03,-1.42439774E+03,-1.30802962E+02,1.33346303E+06,9.99841136E+04,1.30000000E+06,1.00000000E+05,7.76992000E+06,1.63119912E+09
1.50000000E+01,1.00000000E+00,2.32000000E-01,1.39977751E+08,1.07674703E+05,8.65723782E+05,-0.00000000E+00,-0.00000000E+00,-1.71770566E-31,-1.32901331E-32,1.74713419E+07,1.16236848E+06,1.74741133E-03,1.16255286E-04,-1.88703862E+07,-1.25995302E+06,-1.33892685E-04,-6.69600884E-09,-0.00000000E+00,-0.00000000E+00,2.37097762E-38,1.70187953E-39,-0.00000000E+00,-0.00000000E+00,2.37097762E-38,1.70187953E-39,-3.44027297E+04,-2.39961861E+03,-1.55520080E+03,-1.30803093E+02,1.43344714E+06,9.99841135E+04,1.40000000E+06,1.00000000E+05,7.76992000E+06,1.63119912E+09
1.60000000E+01,1.00000000E+00,2.32000000E-01,1.39977751E+08,1.07674986E+05,9.32706193E+05,-0.00000000E+00,-0.00000000E+00,-1.85060725E-31,-1.32901680E-32,1.86337105E+07,1.16236862E+06,1.86366663E-03,1.16255300E-04,-2.01303393E+07,-1.25995316E+06,-1.33900864E-04,-9.09836808E-09,-0.00000000E+00,-0.00000000E+00,2.54116570E-38,1.70188118E-39,-0.00000000E+00,-0.00000000E+00,2.54116570E-38,1.70188118E-39,-3.68023483E+04,-2.39961861E+03,-1.68600393E+03,-1.30803136E+02,1.53343125E+06,9.99841135E+04,1.50000000E+06,1.00000000E+05,7.76992000E+06,1.63119912E+09
1.70000000E+01,1.00000000E+00,2.32000000E-01,1.39977750E+08,1.07675115E+05,9.99688708E+05,-0.00000000E+00,-0.00000000E+00,-1.98350905E-31,-1.32901839E-32,1.97960793E+07,1.16236875E+06,1.97992195E-03,1.16255314E-04,-2.13902926E+07,-1.25995330E+06,-1.33912793E-04,-1.29756542E-08,-0.00000000E+00,-0.00000000E+00,2.71135387E-38,1.70188192E-39,-0.00000000E+00,-0.00000000E+00,2.71135387E-38,1.70188192E-39,-3.92019669E+04,-2.39961861E+03,-1.81680707E+03,-1.30803150E+02,1.63341537E+06,9.99841135E+04,1.60000000E+06,1.00000000E+05,7.76991999E+06,1.63119912E+09
1.80000000E+01,1.00000000E+00,2.32000000E-01,1.39977750E+08,1.07675172E+05,1.06667127E+06,-0.00000000E+00,-0.00000000E+00,-2.11641094E-31,-1.32901910E-32,2.09584482E+07,1.16236889E+06,2.09617727E-03,1.16255327E-04,-2.26502461E+07,-1.25995343E+06,-1.33927717E-04,-1.60895669E-08,-0.00000000E+00,-0.00000000E+00,2.88154209E-38,1.70188225E-39,-0.00000000E+00,-0.00000000E+00,2.88154209E-38,1.70188225E-39,-4.16015855E+04,-2.39961861E+03,-1.94761023E+03,-1.30803154E+02,1.73339948E+06,9.99841135E+04,1.70000000E+06,1.00000000E+05,7.76991999E+06,1.63119912E+09
1.90000000E+01,1.00000000E+00,4.88000000E-01,1.39977750E+08,1.07675197E+05,1.13365385E+06,-0.00000000E+00,-0.00000000E+00,-2.24931287E-31,-1.32901941E-32,2.21208172E+07,1.16236902E+06,2.21243261E-03,1.16255341E-04,-2.39101996E+07,-1.25995356E+06,-1.33946906E-04,-1.97944376E-08,-0.00000000E+00,-0.00000000E+00,3.05173033E-38,1.70188239E-39,-0.00000000E+00,-0.00000000E+00,3.05173033E-38,1.70188239E-39,-4.40012041E+04,-2.39961861E+03,-2.07841338E+03,-1.30803155E+02,1.83338359E+06,9.99841135E+04,1.80000000E+06,1.00000000E+05,7.76991999E+06,1.63119912E+09
2.00000000E+01,1.00000000E+00,1.06665710E-01,1.39977750E+08,1.07675208E+05,1.20063645E+06,-0.00000000E+00,-0.00000000E+00,-2.38221483E-31,-1.32901954E-32,2.32831863E+07,1.16236915E+06,2.32868797E-03,1.16255354E-04,-2.51701533E+07,-1.25995369E+06,-1.33950321E-04,-2.11670058E-08,-0.00000000E+00,-0.00000000E+00,3.22191857E-38,1.70188245E-39,-0.00000000E+00,-0.00000000E+00,3.22191857E-38,1.70188245E-39,-4.64008227E+04,-2.39961861E+03,-2.20921654E+03,-1.30803156E+02,1.93336771E+06,9.99841135E+04,1.90000000E+06,1.00000000E+05,7.76991999E+06,1.63119912E+09
2.10000000E+01,1.00000000E+00,5.53332855E-01,1.39977750E+08,1.07675215E+05,1.26761904E+06,-0.00000000E+00,-0.00000000E+00,-2.51511679E-31,-1.32901962E-32,2.44455556E+07,1.16236928E+06,2.44494333E-03,1.16255366E-04,-2.64301071E+07,-1.25995382E+06,-1.34012034E-04,-6.70594427E-08,-0.00000000E+00,-0.00000000E+00,3.39210682E-38,1.70188249E-39,-0.00000000E+00,-0.00000000E+00,3.39210682E-38,1.70188249E-39,-4.88004413E+04,-2.39961861E+03,-2.34001969E+03,-1.30803156E+02,2.03335182E+06,9.99841135E+04,2.00000000E+06,1.00000000E+05,7.76991998E+06,1.63119912E+09
2.20000000E+01,1.00000000E+00,1.06665721E-01,1.39977750E+08,1.07675217E+05,1.33460164E+06,-0.00000000E+00,-0.00000000E+00,-2.64801875E-31,-1.32901964E-32,2.56079250E+07,1.16236941E+06,2.56119871E-03,1.16255379E-04,-2.76900611E+07,-1.25995394E+06,-1.34058778E-04,-4.60609187E-08,-0.00000000E+00,-0.00000000E+00,3.56229507E-38,1.70188250E-39,-0.00000000E+00,-0.00000000E+00,3.56229507E-38,1.70188250E-39,-5.12000599E+04,-2.39961861E+03,-2.47082285E+03,-1.30803156E+02,2.13333593E+06,9.99841135E+04,2.10000000E+06,1.00000000E+05,7.76991998E+06,1.63119912E+09
2.30000000E+01,1.00000000E+00,5.53332860E-01,1.39977750E+08,1.07675218E+05,1.40158424E+06,-0.00000000E+00,-0.00000000E+00,-2.78092072E-31,-1.32901967E-32,2.67702945E+07,1.16236953E+06,2.67745410E-03,1.16255392E-04,-2.89500151E+07,-1.25995407E+06,-1.34098816E-04,-3.84023749E-08,-0.00000000E+00,-0.00000000E+00,3.73248332E-38,1.70188251E-39,-0.00000000E+00,-0.00000000E+00,3.73248332E-38,1.70188251E-39,-5.35996785E+04,-2.39961861E+03,-2.60162601E+03,-1.30803156E+02,2.23332005E+06,9.99841135E+04,2.20000000E+06,1.00000000E+05,7.76991998E+06,1.63119912E+09
2.40000000E+01,1.00000000E+00,1.06665731E-01,1.39977750E+08,1.07675219E+05,1.46856684E+06,-0.00000000E+00,-0.00000000E+00,-2.91382268E-31,-1.32901968E-32,2.79326642E+07,1.16236965E+06,2.79370951E-03,1.16255404E-04,-3.02099693E+07,-1.25995419E+06,-1.34154827E-04,-5.52039051E-08,-0.00000000E+00,-0.00000000E+00,3.90267157E-38,1.70188251E-39,-0.00000000E+00,-0.00000000E+00,3.90267157E-38,1.70188251E-39,-5.59992972E+04,-2.39961861E+03,-2.73242916E+03,-1.30803156E+02,2.33330416E+06,9.99841135E+04,2.30000000E+06,1.00000000E+05,7.76991998E+06,1.63119912E+09
2.50000000E+01,1.00000000E+00,1.06665736E-01,1.39977750E+08,1.07675220E+05,1.53554944E+06,-0.00000000E+00,-0.00000000E+00,-3.04672465E-31,-1.32901968E-32,2.90950340E+07,1.16236978E+06,2.90996492E-03,1.16255416E-04,-3.14699236E+07,-1.25995431E+06,-1.34198342E-04,-4.32675861E-08,-0.00000000E+00,-0.00000000E+00,4.07285982E-38,1.70188251E-39,-0.00000000E+00,-0.00000000E+00,4.07285982E-38,1.70188251E-39,-5.83989158E+04,-2.39961861E+03,-2.86323232E+03,-1.30803156E+02,2.43328827E+06,9.99841135E+04,2.40000000E+06,1.00000000E+05,7.76991997E+06,1.63119912E+09
2.60000000E+01,1.00000000E+00,1.06665741E-01,1.39977750E+08,1.07675220E+05,1.60253204E+06,-0.00000000E+00,-0.00000000E+00,-3.17962662E-31,-1.32901968E-32,3.02574039E+07,1.16236990E+06,3.02622035E-03,1.16255428E-04,-3.27298781E+07,-1.25995443E+06,-1.34236936E-04,-3.85583296E-08,-0.00000000E+00,-0.00000000E+00,4.24304807E-38,1.70188251E-39,-0.00000000E+00,-0.00000000E+00,4.24304807E-38,1.70188251E-39,-6.07985344E+04,-2.39961861E+03,-2.99403547E+03,-1.30803157E+02,2.53327239E+06,9.99841135E+04,2.50000000E+06,1.00000000E+05,7.76991997E+06,1.63119912E+09
2.70000000E+01,1.00000000E+00,1.06665746E-01,1.39977750E+08,1.07675220E+05,1.66951464E+06,-0.00000000E+00,-0.00000000E+00,-3.31252859E-31,-1.32901968E-32,3.14197739E+07,1.16237001E+06,3.14247579E-03,1.16255440E-04,-3.39898326E+07,-1.25995455E+06,-1.34274251E-04,-3.73233266E-08,-0.00000000E+00,-0.00000000E+00,4.41323632E-38,1.70188251E-39,-0.00000000E+00,-0.00000000E+00,4.41323632E-38,1.70188251E-39,-6.31981530E+04,-2.39961861E+03,-3.12483863E+03,-1.30803157E+02,2.63325650E+06,9.99841135E+04,2.60000000E+06,1.00000000E+05,7.76991997E+06,1.63119912E+09
2.80000000E+01,1.00000000E+00,1.06665751E-01,1.39977750E+08,1.07675220E+05,1.73649724E+06,-0.00000000E+00,-0.00000000E+00,-3.44543056E-31,-1.32901968E-32,3.25821440E+07,1.16237013E+06,3.25873124E-03,1.16255452E-04,-3.52497873E+07,-1.25995466E+06,-1.34311363E-04,-3.71198955E-08,-0.00000000E+00,-0.00000000E+00,4.58342457E-38,1.70188250E-39,-0.00000000E+00,-0.00000000E+00,4.58342457E-38,1.70188250E-39,-6.55977716E+04,-2.39961861E+03,-3.25564179E+03,-1.30803158E+02,2.73324062E+06,9.99841135E+04,2.70000000E+06,1.00000000E+05,7.76991997E+06,1.63119912E+09
2.90000000E+01,1.00000000E+00,1.06665756E-01,1.39977750E+08,1.07675220E+05,1.80347985E+06,-0.00000000E+00,-0.00000000E+00,-3.57833253E-31,-1.32901968E-32,3.37445142E+07,1.16237024E+06,3.37498671E-03,1.16255463E-04,-3.65097421E+07,-1.25995478E+06,-1.34348474E-04,-3.71155006E-08,-0.00000000E+00,-0.00000000E+00,4.75361282E-38,1.70188250E-39,-0.00000000E+00,-0.00000000E+00,4.75361282E-38,1.70188250E-39,-6.79973902E+04,-2.39961861E+03,-3.38644495E+03,-1.30803159E+02,2.83322473E+06,9.99841135E+04,2.80000000E+06,1.00000000E+05,7.76991997E+06,1.63119912E+09
3.00000000E+01,1.00000000E+00,1.06665760E-01,1.39977750E+08,1.07675220E+05,1.87046245E+06,-0.00000000E+00,-0.00000000E+00,-3.71123449E-31,-1.32901968E-32,3.49068846E+07,1.16237036E+06,3.49124218E-03,1.16255475E-04,-3.77696970E+07,-1.25995489E+06,-1.34385602E-04,-3.71289985E-08,-0.00000000E+00,-0.00000000E+00,4.92380107E-38,1.70188250E-39,-0.00000000E+00,-0.00000000E+00,4.92380107E-38,1.70188250E-39,-7.03970088E+04,-2.39961861E+03,-3.51724811E+03,-1.30803161E+02,2.93320884E+06,9.99841135E+04,2.90000000E+06,1.00000000E+05,7.76991996E+06,1.63119912E+09
3.10000000E+01,1.00000000E+00,1.06665764E-01,1.39977750E+08,1.07675220E+05,1.93744505E+06,-0.00000000E+00,-0.00000000E+00,-3.84413646E-31,-1.32901968E-32,3.60692551E+07,1.16237047E+06,3.60749767E-03,1.16255486E-04,-3.90296520E+07,-1.25995500E+06,-1.34422738E-04,-3.71364424E-08,-0.00000000E+00,-0.00000000E+00,5.09398932E-38,1.70188250E-39,-0.00000000E+00,-0.00000000E+00,5.09398932E-38,1.70188250E-39,-7.27966274E+04,-2.39961861E+03,-3.64805127E+03,-1.30803162E+02,3.03319296E+06,9.99841135E+04,3.00000000E+06,1.00000000E+05,7.76991996E+06,1.63119912E+09
3.20000000E+01,1.00000000E+00,1.06665769E-01,1.39977750E+08,1.07675220E+05,2.00442765E+06,-0.00000000E+00,-0.00000000E+00,-3.97703843E-31,-1.32901968E-32,3.72316257E+07,1.16237058E+06,3.72375316E-03,1.16255497E-04,-4.02896071E+07,-1.25995511E+06,-1.34459877E-04,-3.71393624E-08,-0.00000000E+00,-0.00000000E+00,5.26417757E-38,1.70188250E-39,-0.00000000E+00,-0.00000000E+00,5.26417757E-38,1.70188250E-39,-7.51962460E+04,-2.39961861E+03,-3.77885444E+03,-1.30803164E+02,3.13317707E+06,9.99841135E+04,3.10000000E+06,1.00000000E+05,7.76991996E+06,1.63119912E+09
3.30000000E+01,1.00000000E+00,1.06665773E-01,1.39977750E+08,1.07675220E+05,2.07141025E+06,-0.00000000E+00,-0.00000000E+00,-4.10994040E-31,-1.32901968E-32,3.83939963E+07,1.16237069E+06,3.84000867E-03,1.16255508E-04,-4.15495623E+07,-1.25995522E+06,-1.34497018E-04,-3.71403581E-08,-0.00000000E+00,-0.00000000E+00,5.43436582E-38,1.70188250E-39,-0.00000000E+00,-0.00000000E+00,5.43436582E-38,1.70188250E-39,-7.75958646E+04,-2.39961861E+03,-3.90965760E+03,-1.30803166E+02,3.23316118E+06,9.99841135E+04,3.20000000E+06,1.00000000E+05,7.76991996E+06,1.63119912E+09
3.40000000E+01,1.00000000E+00,1.06665777E-01,1.39977750E+08,1.07675220E+05,2.13839285E+06,-0.00000000E+00,-0.00000000E+00,-4.24284237E-31,-1.32901968E-32,3.95563671E+07,1.16237079E+06,3.95626419E-03,1.16255518E-04,-4.28095176E+07,-1.25995533E+06,-1.34534158E-04,-3.71406760E-08,-0.00000000E+00,-0.00000000E+00,5.60455407E-38,1.70188250E-39,-0.00000000E+00,-0.00000000E+00,5.60455407E-38,1.70188250E-39,-7.99954832E+04,-2.39961861E+03,-4.04046077E+03,-1.30803168E+02,3.33314530E+06,9.99841135E+04,3.30000000E+06,1.00000000E+05,7.76991995E+06,1.63119912E+09
3.50000000E+01,1.00000000E+00,1.06665780E-01,1.39977750E+08,1.07675220E+05,2.20537545E+06,-0.00000000E+00,-0.00000000E+00,-4.37574433E-31,-1.32901968E-32,4.07187380E+07,1.16237090E+06,4.07251972E-03,1.16255529E-04,-4.40694731E+07,-1.25995543E+06,-1.34571299E-04,-3.71407778E-08,-0.00000000E+00,-0.00000000E+00,5.77474232E-38,1.70188249E-39,-0.00000000E+00,-0.00000000E+00,5.77474232E-38,1.70188249E-39,-8.23951018E+04,-2.39961861E+03,-4.17126394E+03,-1.30803170E+02,3.43312941E+06,9.99841135E+04,3.40000000E+06,1.00000000E+05,7.76991995E+06,1.63119912E+09
3.60000000E+01,1.00000000E+00,1.06665784E-01,1.39977750E+08,1.07675220E+05,2.27235805E+06,-0.00000000E+00,-0.00000000E+00,-4.50864630E-31,-1.32901968E-32,4.18811090E+07,1.16237100E+06,4.18877526E-03,1.16255539E-04,-4.53294286E+07,-1.25995553E+06,-1.34608440E-04,-3.71408147E-08,-0.00000000E+00,-0.00000000E+00,5.94493057E-38,1.70188249E-39,-0.00000000E+00,-0.00000000E+00,5.94493057E-38,1.70188249E-39,-8.47947204E+04,-2.39961861E+03,-4.30206711E+03,-1.30803172E+02,3.53311352E+06,9.99841135E+04,3.50000000E+06,1.00000000E+05,7.76991995E+06,1.63119912E+09
3.70000000E+01,1.00000000E+00,1.06665788E-01,1.39977750E+08,1.07675220E+05,2.33934065E+06,-0.00000000E+00,-0.00000000E+00,-4.64154827E-31,-1.32901968E-32,4.30434801E+07,1.16237111E+06,4.30503081E-03,1.16255550E-04,-4.65893842E+07,-1.25995564E+06,-1.34645581E-04,-3.71408325E-08,-0.00000000E+00,-0.00000000E+00,6.11511882E-38,1.70188249E-39,-0.00000000E+00,-0.00000000E+00,6.11511882E-38,1.70188249E-39,-8.71943390E+04,-2.39961861E+03,-4.43287028E+03,-1.30803174E+02,3.63309764E+06,9.99841135E+04,3.60000000E+06,1.00000000E+05,7.76991995E+06,1.63119912E+09
3.80000000E+01,1.00000000E+00,1.06665791E-01,1.39977750E+08,1.07675220E+05,2.40632325E+06,-0.00000000E+00,-0.00000000E+00,-4.77445024E-31,-1.32901968E-32,4.42058514E+07,1.16237121E+06,4.42128637E-03,1.16255560E-04,-4.78493400E+07,-1.25995574E+06,-1.34682721E-04,-3.71408447E-08,-0.00000000E+00,-0.00000000E+00,6.28530707E-38,1.70188249E-39,-0.00000000E+00,-0.00000000E+00,6.28530707E-38,1.70188249E-39,-8.95939576E+04,-2.39961861E+03,-4.56367346E+03,-1.30803177E+02,3.73308175E+06,9.99841135E+04,3.70000000E+06,1.00000000E+05,7.76991995E+06,1.63119912E+09
3.90000000E+01,1.00000000E+00,1.06665795E-01,1.39977750E+08,1.07675220E+05,2.47330585E+06,-0.00000000E+00,-0.00000000E+00,-4.90735221E-31,-1.32901968E-32,4.53682227E+07,1.16237131E+06,4.53754194E-03,1.16255570E-04,-4.91092958E+07,-1.25995584E+06,-1.34719862E-04,-3.71408552E-08,-0.00000000E+00,-0.00000000E+00,6.45549532E-38,1.70188249E-39,-0.00000000E+00,-0.00000000E+00,6.45549532E-38,1.70188249E-39,-9.19935763E+04,-2.39961861E+03,-4.69447664E+03,-1.30803179E+02,3.83306586E+06,9.99841135E+04,3.80000000E+06,1.00000000E+05,7.76991995E+06,1.63119912E+09
4.00000000E+01,1.00000000E+00,1.06665798E-01,1.39977750E+08,1.07675220E+05,2.54028845E+06,-0.00000000E+00,-0.00000000E+00,-5.04025417E-31,-1.32901968E-32,4.65305941E+07,1.16237140E+06,4.65379752E-03,1.16255579E-04,-5.03692517E+07,-1.25995593E+06,-1.34757003E-04,-3.71408649E-08,-0.00000000E+00,-0.00000000E+00,6.62568357E-38,1.70188249E-39,-0.00000000E+00,-0.00000000E+00,6.62568357E-38,1.70188249E-39,-9.43931949E+04,-2.39961861E+03,-4.82527982E+03,-1.30803182E+02,3.93304998E+06,9.99841135E+04,3.90000000E+06,1.00000000E+05,7.76991994E+06,1.63119912E+09
4.10000000E+01,1.00000000E+00,1.06665801E-01,1.39977750E+08,1.07675220E+05,2.60727105E+06,-0.00000000E+00,-0.00000000E+00,-5.17315614E-31,-1.32901968E-32,4.76929656E+07,1.16237150E+06,4.77005311E-03,1.16255589E-04,-5.16292078E+07,-1.25995603E+06,-1.34794144E-04,-3.71408743E-08,-0.00000000E+00,-0.00000000E+00,6.79587182E-38,1.70188249E-39,-0.00000000E+00,-0.00000000E+00,6.79587182E-38,1.70188249E-39,-9.67928135E+04,-2.39961861E+03,-4.95608301E+03,-1.30803184E+02,4.03303409E+06,9.99841135E+04,4.00000000E+06,1.00000000E+05,7.76991994E+06,1.63119912E+09
4.20000000E+01,1.00000000E+00,1.06665805E-01,1.39977749E+08,1.07675220E+05,2.67425365E+06,-0.00000000E+00,-0.00000000E+00,-5.30605811E-31,-1.32901968E-32,4.88553372E+07,1.16237160E+06,4.88630871E-03,1.16255599E-04,-5.28891639E+07,-1.25995612E+06,-1.34831285E-04,-3.71408836E-08,-0.00000000E+00,-0.00000000E+00,6.96606006E-38,1.70188249E-39,-0.00000000E+00,-0.00000000E+00,6.96606006E-38,1.70188249E-39,-9.91924321E+04,-2.39961861E+03,-5.08688619E+03,-1.30803187E+02,4.13301820E+06,9.99841135E+04,4.10000000E+06,1.00000000E+05,7.76991994E+06,1.63119912E+09
4.30000000E+01,1.00000000E+00,1.06665808E-01,1.39977749E+08,1.07675220E+05,2.74123626E+06,-0.00000000E+00,-0.00000000E+00,-5.43896008E-31,-1.32901968E-32,5.00177089E+07,1.16237169E+06,5.00256431E-03,1.16255608E-04,-5.41491201E+07,-1.25995622E+06,-1.34868426E-04,-3.71408927E-08,-0.00000000E+00,-0.00000000E+00,7.13624831E-38,1.70188249E-39,-0.00000000E+00,-0.00000000E+00,7.13624831E-38,1.70188249E-39,-1.01592051E+05,-2.39961861E+03,-5.21768938E+03,-1.30803189E+02,4.23300232E+06,9.99841135E+04,4.20000000E+06,1.00000000E+05,7.76991994E+06,1.63119912E+09
4.40000000E+01,1.00000000E+00,1.06665811E-01,1.39977749E+08,1.07675220E+05,2.80821886E+06,-0.00000000E+00,-0.00000000E+00,-5.57186205E-31,-1.32901968E-32,5.11800806E+07,1.16237178E+06,5.11881993E-03,1.16255618E-04,-5.54090764E+07,-1.25995631E+06,-1.34905567E-04,-3.71409017E-08,-0.00000000E+00,-0.00000000E+00,7.30643656E-38,1.70188248E-39,-0.00000000E+00,-0.00000000E+00,7.30643656E-38,1.70188248E-39,-1.03991669E+05,-2.39961861E+03,-5.34849257E+03,-1.30803192E+02,4.33298643E+06,9.99841135E+04,4.30000000E+06,1.00000000E+05,7.76991994E+06,1.63119912E+09
4.50000000E+01,1.00000000E+00,1.06665814E-01,1.39977749E+08,1.07675220E+05,2.87520146E+06,-0.00000000E+00,-0.00000000E+00,-5.70476402E-31,-1.32901968E-32,5.23424525E+07,1.16237188E+06,5.23507556E-03,1.16255627E-04,-5.66690328E+07,-1.25995640E+06,-1.34942708E-04,-3.71409108E-08,-0.00000000E+00,-0.00000000E+00,7.47662481E-38,1.70188248E-39,-0.00000000E+00,-0.00000000E+00,7.47662481E-38,1.70188248E-39,-1.06391288E+05,-2.39961861E+03,-5.47929577E+03,-1.30803194E+02,4.43297055E+06,9.99841135E+04,4.40000000E+06,1.00000000E+05,7.76991993E+06,1.63119912E+09
4.60000000E+01,1.00000000E+00,1.06665817E-01,1.39977749E+08,1.07675220E+05,2.94218406E+06,-0.00000000E+00,-0.00000000E+00,-5.83766598E-31,-1.32901968E-32,5.35048245E+07,1.16237197E+06,5.35133119E-03,1.16255636E-04,-5.79289893E+07,-1.25995649E+06,-1.34979849E-04,-3.71409197E-08,-0.00000000E+00,-0.00000000E+00,7.64681306E-38,1.70188248E-39,-0.00000000E+00,-0.00000000E+00,7.64681306E-38,1.70188248E-39,-1.08790907E+05,-2.39961861E+03,-5.61009897E+03,-1.30803197E+02,4.53295466E+06,9.99841135E+04,4.50000000E+06,1.00000000E+05,7.76991993E+06,1.63119912E+09
4.70000000E+01,1.00000000E+00,1.06665820E-01,1.39977749E+08,1.07675220E+05,3.00916666E+06,-0.00000000E+00,-0.00000000E+00,-5.97056795E-31,-1.32901968E-32,5.46671965E+07,1.16237206E+06,5.46758684E-03,1.16255645E-04,-5.91889459E+07,-1.25995658E+06,-1.35016989E-04,-3.71409287E-08,-0.00000000E+00,-0.00000000E+00,7.81700131E-38,1.70188248E-39,-0.00000000E+00,-0.00000000E+00,7.81700131E-38,1.70188248E-39,-1.11190525E+05,-2.39961861E+03,-5.74090216E+03,-1.30803199E+02,4.63293877E+06,9.99841135E+04,4.60000000E+06,1.00000000E+05,7.76991993E+06,1.63119912E+09
4.80000000E+01,1.00000000E+00,1.06665823E-01,1.39977749E+08,1.07675220E+05,3.07614926E+06,-0.00000000E+00,-0.00000000E+00,-6.10346992E-31,-1.32901968E-32,5.58295687E+07,1.16237214E+06,5.58384249E-03,1.16255654E-04,-6.04489026E+07,-1.25995667E+06,-1.35054130E-04,-3.71409377E-08,-0.00000000E+00,-0.00000000E+00,7.98718955E-38,1.70188248E-39,-0.00000000E+00,-0.00000000E+00,7.98718955E-38,1.70188248E-39,-1.13590144E+05,-2.39961861E+03,-5.87170537E+03,-1.30803201E+02,4.73292289E+06,9.99841135E+04,4.70000000E+06,1.00000000E+05,7.76991993E+06,1.63119912E+09
4.90000000E+01,1.00000000E+00,1.06665826E-01,1.39977749E+08,1.07675220E+05,3.14313186E+06,-0.00000000E+00,-0.00000000E+00,-6.23637189E-31,-1.32901968E-32,5.69919409E+07,1.16237223E+06,5.70009815E-03,1.16255662E-04,-6.17088593E+07,-1.25995676E+06,-1.35091271E-04,-3.71409467E-08,-0.00000000E+00,-0.00000000E+00,8.15737780E-38,1.70188248E-39,-0.00000000E+00,-0.00000000E+00,8.15737780E-38,1.70188248E-39,-1.15989762E+05,-2.39961861E+03,-6.00250857E+03,-1.30803204E+02,4.83290700E+06,9.99841135E+04,4.80000000E+06,1.00000000E+05,7.76991993E+06,1.63119912E+09
5.00000000E+01,1.00000000E+00,1.06665828E-01,1.39977749E+08,1.07675220E+05,3.21011446E+06,-0.00000000E+00,-0.00000000E+00,-6.36927386E-31,-1.32901968E-32,5.81543132E+07,1.16237232E+06,5.81635382E-03,1.16255671E-04,-6.29688162E+07,-1.25995684E+06,-1.35128412E-04,-3.71409557E-08,-0.00000000E+00,-0.00000000E+00,8.32756605E-38,1.70188248E-39,-0.00000000E+00,-0.00000000E+00,8.32756605E-38,1.70188248E-39,-1.18389381E+05,-2.39961861E+03,-6.13331178E+03,-1.30803206E+02,4.93289111E+06,9.99841135E+04,4.90000000E+06,1.00000000E+05,7.76991993E+06,1.63119912E+09
