Time [d],dt_flow [d],dt_tran [d],Global Water Mass in Liquid Phas [kg],Global Vaq [mol],Global Vim [mol],Top Water Mass [kg],Top Water Mass [kg/d],Top Vaq [mol],Top Vaq [mol/d],Right Water Mass [kg],Right Water Mass [kg/d],Right Vaq [mol],Right Vaq [mol/d],Left Water Mass [kg],Left Water Mass [kg/d],Left Vaq [mol],Left Vaq [mol/d],North Water Mass [kg],North Water Mass [kg/d],North Vaq [mol],North Vaq [mol/d],South Water Mass [kg],South Water Mass [kg/d],South Vaq [mol],South Vaq [mol/d],ExtractWell Water Mass [kg],ExtractWell Water Mass [kg/d],ExtractWell Vaq [mol],ExtractWell Vaq [mol/d],InjectWell Water Mass [kg],InjectWell Water Mass [kg/d],InjectWell Vaq [mol],InjectWell Vaq [mol/d],Region Region__all Water Mass [kg],Region Region__all Total Mass [kg]
1.00000000E+00,4.89000000E-01,9.00000000E-03,1.39977842E+08,5.75183939E-03,5.66005094E-03,-0.00000000E+00,-0.00000000E+00,6.12910516E-40,1.01805868E-39,3.63097771E+06,3.62156590E+06,3.63154895E-04,3.62213566E-04,-3.66383926E+06,-3.67143164E+06,-2.35298064E-04,-1.48391952E-04,-0.00000000E+00,-0.00000000E+00,6.09150371E-40,1.01187388E-39,-0.00000000E+00,-0.00000000E+00,6.09150371E-40,1.01187388E-39,-8.08069685E+02,-1.22620590E+03,-4.50905966E-08,-5.01622286E-08,3.36695739E+04,5.10919180E+04,3.36749000E-06,5.11000000E-06,7.76992505E+06,1.63109144E+09
2.00000000E+00,4.88000000E-01,8.00000000E-03,1.39977841E+08,6.46627574E+04,2.36711665E+04,-0.00000000E+00,-0.00000000E+00,-4.69665655E-33,-7.98123004E-33,7.22613032E+06,3.59515344E+06,7.22726718E-04,3.59571905E-04,-7.35657648E+06,-3.69273849E+06,-3.31862545E-04,-5.96891473E-05,-0.00000000E+00,-0.00000000E+00,1.85817795E-39,1.41358691E-39,-0.00000000E+00,-0.00000000E+00,1.85817795E-39,1.41358691E-39,-3.20768985E+03,-2.39962016E+03,-4.42053122E+01,-1.33957569E+02,1.33653759E+05,9.99841852E+04,1.00000000E+05,1.00000000E+05,7.76992504E+06,1.63115611E+09
3.00000000E+00,1.00000000E+00,5.60000000E-02,1.39977841E+08,9.03237700E+04,7.33699465E+04,-0.00000000E+00,-0.00000000E+00,-1.45575239E-32,-1.11485322E-32,1.08212879E+07,3.59515756E+06,1.08229904E-03,3.59572318E-04,-1.10493191E+07,-3.69274260E+06,-3.70373827E-04,-2.39698757E-05,-0.00000000E+00,-0.00000000E+00,3.36460804E-39,1.56962343E-39,-0.00000000E+00,-0.00000000E+00,3.36460804E-39,1.56962343E-39,-5.60731001E+03,-2.39962016E+03,-2.83692648E+02,-3.13488641E+02,2.33637944E+05,9.99841851E+04,2.00000000E+05,1.00000000E+05,7.76992502E+06,1.63118177E+09
4.00000000E+00,1.00000000E+00,4.00000000E-02,1.39977841E+08,1.00518095E+05,1.33369607E+05,-0.00000000E+00,-0.00000000E+00,-2.64622166E-32,-1.24068031E-32,1.44164495E+07,3.59516157E+06,1.44187176E-03,3.59572720E-04,-1.47420657E+07,-3.69274659E+06,-3.85773712E-04,-9.71744758E-06,-0.00000000E+00,-0.00000000E+00,4.97082781E-39,1.63034299E-39,-0.00000000E+00,-0.00000000E+00,4.97082781E-39,1.63034299E-39,-8.00693016E+03,-2.39962016E+03,-6.31541632E+02,-3.66343378E+02,3.33622129E+05,9.99841851E+04,3.00000000E+05,1.00000000E+05,7.76992499E+06,1.63119196E+09
5.00000000E+00,1.00000000E+00,4.00000000E-02,1.39977840E+08,1.04625553E+05,1.97434908E+05,-0.00000000E+00,-0.00000000E+00,-3.91735841E-32,-1.29137808E-32,1.80116149E+07,3.59516546E+06,1.80144487E-03,3.59573110E-04,-1.84348161E+07,-3.69275047E+06,-3.92533742E-04,-5.80381653E-06,-0.00000000E+00,-0.00000000E+00,6.61557224E-39,1.65423509E-39,-0.00000000E+00,-0.00000000E+00,6.61557224E-39,1.65423509E-39,-1.04065503E+04,-2.39962015E+03,-1.00449937E+03,-3.76215577E+02,4.33606314E+05,9.99841850E+04,4.00000000E+05,1.00000000E+05,7.76992497E+06,1.63119607E+09
6.00000000E+00,1.00000000E+00,4.00000000E-02,1.39977840E+08,1.06283867E+05,2.63139992E+05,-0.00000000E+00,-0.00000000E+00,-5.22103055E-32,-1.31184641E-32,2.16067841E+07,3.59516923E+06,2.16101835E-03,3.59573488E-04,-2.21275704E+07,-3.69275423E+06,-4.08554865E-04,-3.80709967E-05,-0.00000000E+00,-0.00000000E+00,8.27547030E-39,1.66362903E-39,-0.00000000E+00,-0.00000000E+00,8.27547030E-39,1.66362903E-39,-1.28061705E+04,-2.39962015E+03,-1.38172989E+03,-3.77707578E+02,5.33590499E+05,9.99841849E+04,5.00000000E+05,1.00000000E+05,7.76992494E+06,1.63119773E+09
7.00000000E+00,1.00000000E+00,4.00000000E-02,1.39977839E+08,1.06944873E+05,3.29513561E+05,-0.00000000E+00,-0.00000000E+00,-6.53796628E-32,-1.32000512E-32,2.52019570E+07,3.59517289E+06,2.52059221E-03,3.59573854E-04,-2.58203282E+07,-3.69275787E+06,-5.68136704E-04,-3.33420404E-04,-0.00000000E+00,-0.00000000E+00,9.94137757E-39,1.66726853E-39,-0.00000000E+00,-0.00000000E+00,9.94137757E-39,1.66726853E-39,-1.52057906E+04,-2.39962015E+03,-1.75957609E+03,-3.77904567E+02,6.33574684E+05,9.99841848E+04,6.00000000E+05,1.00000000E+05,7.76992492E+06,1.63119839E+09
8.00000000E+00,1.00000000E+00,4.00000000E-02,1.39977839E+08,1.07217450E+05,3.96147599E+05,-0.00000000E+00,-0.00000000E+00,-7.86007002E-32,-1.32336950E-32,2.87971335E+07,3.59517643E+06,2.88016642E-03,3.59574209E-04,-2.95130896E+07,-3.69276140E+06,-1.47523902E-03,-1.59574897E-03,-0.00000000E+00,-0.00000000E+00,1.16095596E-38,1.66872766E-39,-0.00000000E+00,-0.00000000E+00,1.16095596E-38,1.66872766E-39,-1.76054108E+04,-2.39962015E+03,-2.13749979E+03,-3.77931620E+02,7.33558869E+05,9.99841847E+04,7.00000000E+05,1.00000000E+05,7.76992490E+06,1.63119866E+09
9.00000000E+00,1.00000000E+00,4.00000000E-02,1.39977838E+08,1.07329863E+05,4.62889050E+05,-0.00000000E+00,-0.00000000E+00,-9.18430499E-32,-1.32475699E-32,3.23923133E+07,3.59517986E+06,3.23974097E-03,3.59574552E-04,-3.32058545E+07,-3.69276481E+06,-4.71468302E-03,-4.97623401E-03,-0.00000000E+00,-0.00000000E+00,1.32786532E-38,1.66931214E-39,-0.00000000E+00,-0.00000000E+00,1.32786532E-38,1.66931214E-39,-2.00050309E+04,-2.39962014E+03,-2.51543395E+03,-3.77935191E+02,8.33543053E+05,9.99841846E+04,8.00000000E+05,1.00000000E+05,7.76992488E+06,1.63119877E+09
1.00000000E+01,1.00000000E+00,2.32000000E-01,1.39977838E+08,1.07375848E+05,5.29675050E+05,-0.00000000E+00,-0.00000000E+00,-1.05094239E-31,-1.32532459E-32,3.59874965E+07,3.59518316E+06,3.59931585E-03,3.59574884E-04,-3.68986226E+07,-3.69276811E+06,-1.31060645E-02,-1.14458878E-02,-0.00000000E+00,-0.00000000E+00,1.49481138E-38,1.66954413E-39,-0.00000000E+00,-0.00000000E+00,1.49481138E-38,1.66954413E-39,-2.24046510E+04,-2.39962014E+03,-2.89336948E+03,-3.77935666E+02,9.33527238E+05,9.99841845E+04,9.00000000E+05,1.00000000E+05,7.76992486E+06,1.63119882E+09
1.10000000E+01,1.00000000E+00,2.32000000E-01,1.39977838E+08,1.07394623E+05,5.96479295E+05,-0.00000000E+00,-0.00000000E+00,-1.18349047E-31,-1.32555632E-32,3.95826828E+07,3.59518636E+06,3.95889105E-03,3.59575204E-04,-4.05913939E+07,-3.69277129E+06,-3.01081348E-02,-2.08657465E-02,-0.00000000E+00,-0.00000000E+00,1.66177200E-38,1.66963600E-39,-0.00000000E+00,-0.00000000E+00,1.66177200E-38,1.66963600E-39,-2.48042712E+04,-2.39962014E+03,-3.27130522E+03,-3.77935756E+02,1.03351142E+06,9.99841845E+04,1.00000000E+06,1.00000000E+05,7.76992484E+06,1.63119884E+09
1.20000000E+01,1.00000000E+00,2.32000000E-01,1.39977837E+08,1.07402678E+05,6.63290722E+05,-0.00000000E+00,-0.00000000E+00,-1.31605281E-31,-1.32565574E-32,4.31778723E+07,3.59518944E+06,4.31846657E-03,3.59575513E-04,-4.42841682E+07,-3.69277436E+06,-5.75488324E-02,-3.17405376E-02,-0.00000000E+00,-0.00000000E+00,1.82873819E-38,1.66967429E-39,-0.00000000E+00,-0.00000000E+00,1.82873819E-38,1.66967429E-39,-2.72038913E+04,-2.39962014E+03,-3.64924102E+03,-3.77935804E+02,1.13349561E+06,9.99841844E+04,1.10000000E+06,1.00000000E+05,7.76992482E+06,1.63119885E+09
1.30000000E+01,1.00000000E+00,2.32000000E-01,1.39977837E+08,1.07406130E+05,7.30105229E+05,-0.00000000E+00,-0.00000000E+00,-1.44862126E-31,-1.32569835E-32,4.67730647E+07,3.59519242E+06,4.67804238E-03,3.59575811E-04,-4.79769455E+07,-3.69277733E+06,-9.58411055E-02,-4.23731137E-02,-0.00000000E+00,-0.00000000E+00,1.99570670E-38,1.66969022E-39,-0.00000000E+00,-0.00000000E+00,1.99570670E-38,1.66969022E-39,-2.96035115E+04,-2.39962014E+03,-4.02717686E+03,-3.77935849E+02,1.23347979E+06,9.99841844E+04,1.20000000E+06,1.00000000E+05,7.76992480E+06,1.63119885E+09
1.40000000E+01,1.00000000E+00,2.32000000E-01,1.39977837E+08,1.07407607E+05,7.96921054E+05,-0.00000000E+00,-0.00000000E+00,-1.58119233E-31,-1.32571658E-32,5.03682600E+07,3.59519530E+06,5.03761848E-03,3.59576099E-04,-5.16697257E+07,-3.69278019E+06,-1.43906021E-01,-5.14696347E-02,-0.00000000E+00,-0.00000000E+00,2.16267617E-38,1.66969683E-39,-0.00000000E+00,-0.00000000E+00,2.16267617E-38,1.66969683E-39,-3.20031316E+04,-2.39962014E+03,-4.40511274E+03,-3.77935893E+02,1.33346398E+06,9.99841843E+04,1.30000000E+06,1.00000000E+05,7.76992478E+06,1.63119885E+09
1.50000000E+01,1.00000000E+00,2.32000000E-01,1.39977836E+08,1.07408213E+05,8.63737458E+05,-0.00000000E+00,-0.00000000E+00,-1.71376454E-31,-1.32572405E-32,5.39634581E+07,3.59519807E+06,5.39719486E-03,3.59576378E-04,-5.53625087E+07,-3.69278296E+06,-2.00225648E-01,-5.82793619E-02,-0.00000000E+00,-0.00000000E+00,2.32964605E-38,1.66969946E-39,-0.00000000E+00,-0.00000000E+00,2.32964605E-38,1.66969946E-39,-3.44027517E+04,-2.39962013E+03,-4.78304867E+03,-3.77935935E+02,1.43344816E+06,9.99841842E+04,1.40000000E+06,1.00000000E+05,7.76992476E+06,1.63119885E+09
1.60000000E+01,1.00000000E+00,2.32000000E-01,1.39977836E+08,1.07408482E+05,9.30554084E+05,-0.00000000E+00,-0.00000000E+00,-1.84633719E-31,-1.32572738E-32,5.75586588E+07,3.59520076E+06,5.75677150E-03,3.59576647E-04,-5.90552943E+07,-3.69278563E+06,-2.61876745E-01,-6.29833999E-02,-0.00000000E+00,-0.00000000E+00,2.49661608E-38,1.66970059E-39,-0.00000000E+00,-0.00000000E+00,2.49661608E-38,1.66970059E-39,-3.68023719E+04,-2.39962013E+03,-5.16098464E+03,-3.77935979E+02,1.53343234E+06,9.99841842E+04,1.50000000E+06,1.00000000E+05,7.76992474E+06,1.63119885E+09
1.70000000E+01,1.00000000E+00,2.32000000E-01,1.39977836E+08,1.07408602E+05,9.97370808E+05,-0.00000000E+00,-0.00000000E+00,-1.97891004E-31,-1.32572886E-32,6.11538622E+07,3.59520336E+06,6.11634841E-03,3.59576908E-04,-6.27480825E+07,-3.69278822E+06,-3.27096582E-01,-6.60823832E-02,-0.00000000E+00,-0.00000000E+00,2.66358617E-38,1.66970106E-39,-0.00000000E+00,-0.00000000E+00,2.66358617E-38,1.66970106E-39,-3.92019920E+04,-2.39962013E+03,-5.53892065E+03,-3.77936021E+02,1.63341653E+06,9.99841841E+04,1.60000000E+06,1.00000000E+05,7.76992473E+06,1.63119885E+09
1.80000000E+01,1.00000000E+00,2.32000000E-01,1.39977835E+08,1.07408654E+05,1.06418758E+06,-0.00000000E+00,-0.00000000E+00,-2.11148297E-31,-1.32572950E-32,6.47490681E+07,3.59520589E+06,6.47592557E-03,3.59577161E-04,-6.64408733E+07,-3.69279074E+06,-3.94525216E-01,-6.79469961E-02,-0.00000000E+00,-0.00000000E+00,2.83055629E-38,1.66970125E-39,-0.00000000E+00,-0.00000000E+00,2.83055629E-38,1.66970125E-39,-4.16016121E+04,-2.39962013E+03,-5.91685671E+03,-3.77936060E+02,1.73340071E+06,9.99841841E+04,1.70000000E+06,1.00000000E+05,7.76992471E+06,1.63119885E+09
1.90000000E+01,1.00000000E+00,2.32000000E-01,1.39977835E+08,1.07408678E+05,1.13100436E+06,-0.00000000E+00,-0.00000000E+00,-2.24405595E-31,-1.32572979E-32,6.83442764E+07,3.59520835E+06,6.83550298E-03,3.59577408E-04,-7.01336665E+07,-3.69279319E+06,-4.63293492E-01,-6.90710641E-02,-0.00000000E+00,-0.00000000E+00,2.99752642E-38,1.66970132E-39,-0.00000000E+00,-0.00000000E+00,2.99752642E-38,1.66970132E-39,-4.40012323E+04,-2.39962013E+03,-6.29479280E+03,-3.77936096E+02,1.83338490E+06,9.99841840E+04,1.80000000E+06,1.00000000E+05,7.76992470E+06,1.63119885E+09
2.00000000E+01,1.00000000E+00,4.39656335E-01,1.39977835E+08,1.07408687E+05,1.19782116E+06,-0.00000000E+00,-0.00000000E+00,-2.37662893E-31,-1.32572991E-32,7.19394872E+07,3.59521075E+06,7.19508063E-03,3.59577649E-04,-7.38264621E+07,-3.69279559E+06,-5.32837590E-01,-6.96583929E-02,-0.00000000E+00,-0.00000000E+00,3.16449656E-38,1.66970133E-39,-0.00000000E+00,-0.00000000E+00,3.16449656E-38,1.66970133E-39,-4.64008524E+04,-2.39962013E+03,-6.67272892E+03,-3.77936128E+02,1.93336908E+06,9.99841840E+04,1.90000000E+06,1.00000000E+05,7.76992468E+06,1.63119885E+09
2.10000000E+01,1.00000000E+00,4.39656459E-01,1.39977835E+08,1.07408691E+05,1.26463796E+06,-0.00000000E+00,-0.00000000E+00,-2.50920193E-31,-1.32572996E-32,7.55347003E+07,3.59521310E+06,7.55465851E-03,3.59577884E-04,-7.75192600E+07,-3.69279793E+06,-6.02749185E-01,-6.99725569E-02,-0.00000000E+00,-0.00000000E+00,3.33146669E-38,1.66970132E-39,-0.00000000E+00,-0.00000000E+00,3.33146669E-38,1.66970132E-39,-4.88004725E+04,-2.39962013E+03,-7.05066508E+03,-3.77936159E+02,2.03335326E+06,9.99841839E+04,2.00000000E+06,1.00000000E+05,7.76992467E+06,1.63119885E+09
2.20000000E+01,1.00000000E+00,4.39656577E-01,1.39977834E+08,1.07408693E+05,1.33145475E+06,-0.00000000E+00,-0.00000000E+00,-2.64177493E-31,-1.32572998E-32,7.91299157E+07,3.59521540E+06,7.91423663E-03,3.59578115E-04,-8.12120602E+07,-3.69280023E+06,-6.72853421E-01,-7.01358095E-02,-0.00000000E+00,-0.00000000E+00,3.49843682E-38,1.66970130E-39,-0.00000000E+00,-0.00000000E+00,3.49843682E-38,1.66970130E-39,-5.12000926E+04,-2.39962012E+03,-7.42860126E+03,-3.77936187E+02,2.13333745E+06,9.99841839E+04,2.10000000E+06,1.00000000E+05,7.76992465E+06,1.63119885E+09
2.30000000E+01,1.00000000E+00,4.39656690E-01,1.39977834E+08,1.07408694E+05,1.39827156E+06,-0.00000000E+00,-0.00000000E+00,-2.77434793E-31,-1.32572999E-32,8.27251334E+07,3.59521767E+06,8.27381497E-03,3.59578343E-04,-8.49048627E+07,-3.69280250E+06,-7.43055946E-01,-7.02184480E-02,-0.00000000E+00,-0.00000000E+00,3.66540695E-38,1.66970128E-39,-0.00000000E+00,-0.00000000E+00,3.66540695E-38,1.66970128E-39,-5.35997128E+04,-2.39962012E+03,-7.80653747E+03,-3.77936214E+02,2.23332163E+06,9.99841838E+04,2.20000000E+06,1.00000000E+05,7.76992464E+06,1.63119885E+09
2.40000000E+01,1.00000000E+00,4.39656799E-01,1.39977834E+08,1.07408694E+05,1.46508836E+06,-0.00000000E+00,-0.00000000E+00,-2.90692093E-31,-1.32573000E-32,8.63203533E+07,3.59521991E+06,8.63339354E-03,3.59578568E-04,-8.85976675E+07,-3.69280473E+06,-8.13307425E-01,-7.02593181E-02,-0.00000000E+00,-0.00000000E+00,3.83237707E-38,1.66970126E-39,-0.00000000E+00,-0.00000000E+00,3.83237707E-38,1.66970126E-39,-5.59993329E+04,-2.39962012E+03,-8.18447371E+03,-3.77936238E+02,2.33330582E+06,9.99841838E+04,2.30000000E+06,1.00000000E+05,7.76992462E+06,1.63119885E+09
2.50000000E+01,1.00000000E+00,4.39656905E-01,1.39977834E+08,1.07408694E+05,1.53190516E+06,-0.00000000E+00,-0.00000000E+00,-3.03949393E-31,-1.32573000E-32,8.99155754E+07,3.59522213E+06,8.99297233E-03,3.59578790E-04,-9.22904744E+07,-3.69280694E+06,-8.83582784E-01,-7.02791400E-02,-0.00000000E+00,-0.00000000E+00,3.99934720E-38,1.66970123E-39,-0.00000000E+00,-0.00000000E+00,3.99934720E-38,1.66970123E-39,-5.83989530E+04,-2.39962012E+03,-8.56240996E+03,-3.77936260E+02,2.43329000E+06,9.99841837E+04,2.40000000E+06,1.00000000E+05,7.76992461E+06,1.63119885E+09
2.60000000E+01,1.00000000E+00,4.39657008E-01,1.39977833E+08,1.07408694E+05,1.59872196E+06,-0.00000000E+00,-0.00000000E+00,-3.17206693E-31,-1.32573000E-32,9.35107997E+07,3.59522432E+06,9.35255134E-03,3.59579010E-04,-9.59832835E+07,-3.69280914E+06,-9.53869611E-01,-7.02886215E-02,-0.00000000E+00,-0.00000000E+00,4.16631732E-38,1.66970120E-39,-0.00000000E+00,-0.00000000E+00,4.16631732E-38,1.66970120E-39,-6.07985731E+04,-2.39962012E+03,-8.94034624E+03,-3.77936282E+02,2.53327418E+06,9.99841837E+04,2.50000000E+06,1.00000000E+05,7.76992459E+06,1.63119885E+09
2.70000000E+01,1.00000000E+00,4.39657109E-01,1.39977833E+08,1.07408694E+05,1.66553876E+06,-0.00000000E+00,-0.00000000E+00,-3.30463993E-31,-1.32573000E-32,9.71060262E+07,3.59522650E+06,9.71213057E-03,3.59579229E-04,-9.96760949E+07,-3.69281132E+06,-1.02416191E+00,-7.02931400E-02,-0.00000000E+00,-0.00000000E+00,4.33328744E-38,1.66970118E-39,-0.00000000E+00,-0.00000000E+00,4.33328744E-38,1.66970118E-39,-6.31981932E+04,-2.39962012E+03,-9.31828254E+03,-3.77936302E+02,2.63325837E+06,9.99841836E+04,2.60000000E+06,1.00000000E+05,7.76992458E+06,1.63119885E+09
2.80000000E+01,1.00000000E+00,4.39657209E-01,1.39977833E+08,1.07408694E+05,1.73235556E+06,-0.00000000E+00,-0.00000000E+00,-3.43721293E-31,-1.32573000E-32,1.00701255E+08,3.59522867E+06,1.00717100E-02,3.59579446E-04,-1.03368908E+08,-3.69281348E+06,-1.09445687E+00,-7.02954139E-02,-0.00000000E+00,-0.00000000E+00,4.50025755E-38,1.66970115E-39,-0.00000000E+00,-0.00000000E+00,4.50025755E-38,1.66970115E-39,-6.55978133E+04,-2.39962012E+03,-9.69621886E+03,-3.77936321E+02,2.73324255E+06,9.99841836E+04,2.70000000E+06,1.00000000E+05,7.76992457E+06,1.63119885E+09
2.90000000E+01,1.00000000E+00,4.39657307E-01,1.39977833E+08,1.07408694E+05,1.79917236E+06,-0.00000000E+00,-0.00000000E+00,-3.56978593E-31,-1.32573000E-32,1.04296486E+08,3.59523083E+06,1.04312897E-02,3.59579663E-04,-1.07061724E+08,-3.69281564E+06,-1.16475320E+00,-7.02965416E-02,-0.00000000E+00,-0.00000000E+00,4.66722767E-38,1.66970113E-39,-0.00000000E+00,-0.00000000E+00,4.66722767E-38,1.66970113E-39,-6.79974335E+04,-2.39962011E+03,-1.00741552E+04,-3.77936339E+02,2.83322673E+06,9.99841835E+04,2.80000000E+06,1.00000000E+05,7.76992455E+06,1.63119885E+09
3.00000000E+01,1.00000000E+00,4.39657403E-01,1.39977832E+08,1.07408694E+05,1.86598916E+06,-0.00000000E+00,-0.00000000E+00,-3.70235893E-31,-1.32573000E-32,1.07891719E+08,3.59523298E+06,1.07908696E-02,3.59579879E-04,-1.10754542E+08,-3.69281779E+06,-1.23505025E+00,-7.02971686E-02,-0.00000000E+00,-0.00000000E+00,4.83419778E-38,1.66970110E-39,-0.00000000E+00,-0.00000000E+00,4.83419778E-38,1.66970110E-39,-7.03970536E+04,-2.39962011E+03,-1.04520916E+04,-3.77936358E+02,2.93321092E+06,9.99841835E+04,2.90000000E+06,1.00000000E+05,7.76992454E+06,1.63119885E+09
3.10000000E+01,1.00000000E+00,4.39657500E-01,1.39977832E+08,1.07408694E+05,1.93280596E+06,-0.00000000E+00,-0.00000000E+00,-3.83493193E-31,-1.32573000E-32,1.11486954E+08,3.59523513E+06,1.11504497E-02,3.59580094E-04,-1.14447362E+08,-3.69281994E+06,-1.30534775E+00,-7.02975790E-02,-0.00000000E+00,-0.00000000E+00,5.00116789E-38,1.66970108E-39,-0.00000000E+00,-0.00000000E+00,5.00116789E-38,1.66970108E-39,-7.27966737E+04,-2.39962011E+03,-1.08300279E+04,-3.77936376E+02,3.03319510E+06,9.99841834E+04,3.00000000E+06,1.00000000E+05,7.76992453E+06,1.63119885E+09
3.20000000E+01,1.00000000E+00,4.39657595E-01,1.39977832E+08,1.07408694E+05,1.99962276E+06,-0.00000000E+00,-0.00000000E+00,-3.96750493E-31,-1.32573000E-32,1.15082191E+08,3.59523727E+06,1.15100300E-02,3.59580309E-04,-1.18140184E+08,-3.69282208E+06,-1.37564559E+00,-7.02978957E-02,-0.00000000E+00,-0.00000000E+00,5.16813799E-38,1.66970106E-39,-0.00000000E+00,-0.00000000E+00,5.16813799E-38,1.66970106E-39,-7.51962938E+04,-2.39962011E+03,-1.12079643E+04,-3.77936394E+02,3.13317928E+06,9.99841834E+04,3.10000000E+06,1.00000000E+05,7.76992451E+06,1.63119885E+09
3.30000000E+01,1.00000000E+00,4.39657690E-01,1.39977832E+08,1.07408694E+05,2.06643956E+06,-0.00000000E+00,-0.00000000E+00,-4.10007792E-31,-1.32573000E-32,1.18677431E+08,3.59523941E+06,1.18696105E-02,3.59580523E-04,-1.21833008E+08,-3.69282421E+06,-1.44594372E+00,-7.02981715E-02,-0.00000000E+00,-0.00000000E+00,5.33510810E-38,1.66970103E-39,-0.00000000E+00,-0.00000000E+00,5.33510810E-38,1.66970103E-39,-7.75959139E+04,-2.39962011E+03,-1.15859007E+04,-3.77936412E+02,3.23316347E+06,9.99841833E+04,3.20000000E+06,1.00000000E+05,7.76992450E+06,1.63119885E+09
3.40000000E+01,1.00000000E+00,4.39657785E-01,1.39977831E+08,1.07408694E+05,2.13325636E+06,-0.00000000E+00,-0.00000000E+00,-4.23265092E-31,-1.32573000E-32,1.22272672E+08,3.59524154E+06,1.22291912E-02,3.59580737E-04,-1.25525834E+08,-3.69282635E+06,-1.51624210E+00,-7.02984289E-02,-0.00000000E+00,-0.00000000E+00,5.50207820E-38,1.66970101E-39,-0.00000000E+00,-0.00000000E+00,5.50207820E-38,1.66970101E-39,-7.99955340E+04,-2.39962011E+03,-1.19638372E+04,-3.77936430E+02,3.33314765E+06,9.99841833E+04,3.30000000E+06,1.00000000E+05,7.76992448E+06,1.63119885E+09
3.50000000E+01,1.00000000E+00,4.39657880E-01,1.39977831E+08,1.07408694E+05,2.20007316E+06,-0.00000000E+00,-0.00000000E+00,-4.36522392E-31,-1.32573000E-32,1.25867916E+08,3.59524367E+06,1.25887722E-02,3.59580951E-04,-1.29218663E+08,-3.69282848E+06,-1.58654074E+00,-7.02986776E-02,-0.00000000E+00,-0.00000000E+00,5.66904830E-38,1.66970099E-39,-0.00000000E+00,-0.00000000E+00,5.66904830E-38,1.66970099E-39,-8.23951541E+04,-2.39962011E+03,-1.23417736E+04,-3.77936447E+02,3.43313183E+06,9.99841832E+04,3.40000000E+06,1.00000000E+05,7.76992447E+06,1.63119885E+09
3.60000000E+01,1.00000000E+00,4.39657974E-01,1.39977831E+08,1.07408694E+05,2.26688996E+06,-0.00000000E+00,-0.00000000E+00,-4.49779692E-31,-1.32573000E-32,1.29463162E+08,3.59524580E+06,1.29483533E-02,3.59581165E-04,-1.32911493E+08,-3.69283061E+06,-1.65683962E+00,-7.02989218E-02,-0.00000000E+00,-0.00000000E+00,5.83601839E-38,1.66970096E-39,-0.00000000E+00,-0.00000000E+00,5.83601839E-38,1.66970096E-39,-8.47947742E+04,-2.39962011E+03,-1.27197101E+04,-3.77936465E+02,3.53311602E+06,9.99841832E+04,3.50000000E+06,1.00000000E+05,7.76992446E+06,1.63119885E+09
3.70000000E+01,1.00000000E+00,4.39658069E-01,1.39977831E+08,1.07408694E+05,2.33370676E+06,-0.00000000E+00,-0.00000000E+00,-4.63036992E-31,-1.32573000E-32,1.33058409E+08,3.59524793E+06,1.33079347E-02,3.59581378E-04,-1.36604326E+08,-3.69283273E+06,-1.72713874E+00,-7.02991636E-02,-0.00000000E+00,-0.00000000E+00,6.00298849E-38,1.66970094E-39,-0.00000000E+00,-0.00000000E+00,6.00298849E-38,1.66970094E-39,-8.71943943E+04,-2.39962010E+03,-1.30976466E+04,-3.77936482E+02,3.63310020E+06,9.99841831E+04,3.60000000E+06,1.00000000E+05,7.76992444E+06,1.63119885E+09
3.80000000E+01,1.00000000E+00,4.39658163E-01,1.39977830E+08,1.07408694E+05,2.40052356E+06,-0.00000000E+00,-0.00000000E+00,-4.76294292E-31,-1.32573000E-32,1.36653659E+08,3.59525005E+06,1.36675163E-02,3.59581591E-04,-1.40297161E+08,-3.69283486E+06,-1.79743811E+00,-7.02994039E-02,-0.00000000E+00,-0.00000000E+00,6.16995858E-38,1.66970092E-39,-0.00000000E+00,-0.00000000E+00,6.16995858E-38,1.66970092E-39,-8.95940144E+04,-2.39962010E+03,-1.34755831E+04,-3.77936500E+02,3.73308438E+06,9.99841831E+04,3.70000000E+06,1.00000000E+05,7.76992443E+06,1.63119885E+09
3.90000000E+01,1.00000000E+00,4.39658257E-01,1.39977830E+08,1.07408694E+05,2.46734036E+06,-0.00000000E+00,-0.00000000E+00,-4.89551592E-31,-1.32573000E-32,1.40248912E+08,3.59525218E+06,1.40270981E-02,3.59581804E-04,-1.43989998E+08,-3.69283698E+06,-1.86773771E+00,-7.02996432E-02,-0.00000000E+00,-0.00000000E+00,6.33692867E-38,1.66970089E-39,-0.00000000E+00,-0.00000000E+00,6.33692867E-38,1.66970089E-39,-9.19936345E+04,-2.39962010E+03,-1.38535196E+04,-3.77936517E+02,3.83306857E+06,9.99841830E+04,3.80000000E+06,1.00000000E+05,7.76992442E+06,1.63119885E+09
4.00000000E+01,1.00000000E+00,4.39658351E-01,1.39977830E+08,1.07408694E+05,2.53415717E+06,-0.00000000E+00,-0.00000000E+00,-5.02808892E-31,-1.32573000E-32,1.43844166E+08,3.59525430E+06,1.43866801E-02,3.59582017E-04,-1.47682837E+08,-3.69283910E+06,-1.93803755E+00,-7.02998820E-02,-0.00000000E+00,-0.00000000E+00,6.50389876E-38,1.66970087E-39,-0.00000000E+00,-0.00000000E+00,6.50389876E-38,1.66970087E-39,-9.43932546E+04,-2.39962010E+03,-1.42314561E+04,-3.77936535E+02,3.93305275E+06,9.99841830E+04,3.90000000E+06,1.00000000E+05,7.76992440E+06,1.63119885E+09
4.10000000E+01,1.00000000E+00,4.39658445E-01,1.39977830E+08,1.07408694E+05,2.60097397E+06,-0.00000000E+00,-0.00000000E+00,-5.16066192E-31,-1.32573000E-32,1.47439422E+08,3.59525642E+06,1.47462624E-02,3.59582230E-04,-1.51375678E+08,-3.69284123E+06,-2.00833763E+00,-7.03001203E-02,-0.00000000E+00,-0.00000000E+00,6.67086884E-38,1.66970085E-39,-0.00000000E+00,-0.00000000E+00,6.67086884E-38,1.66970085E-39,-9.67928747E+04,-2.39962010E+03,-1.46093927E+04,-3.77936552E+02,4.03303693E+06,9.99841829E+04,4.00000000E+06,1.00000000E+05,7.76992439E+06,1.63119885E+09
4.20000000E+01,1.00000000E+00,4.39658540E-01,1.39977829E+08,1.07408694E+05,2.66779077E+06,-0.00000000E+00,-0.00000000E+00,-5.29323492E-31,-1.32573000E-32,1.51034681E+08,3.59525854E+06,1.51058448E-02,3.59582443E-04,-1.55068522E+08,-3.69284334E+06,-2.07863795E+00,-7.03003584E-02,-0.00000000E+00,-0.00000000E+00,6.83783893E-38,1.66970083E-39,-0.00000000E+00,-0.00000000E+00,6.83783893E-38,1.66970083E-39,-9.91924948E+04,-2.39962010E+03,-1.49873292E+04,-3.77936569E+02,4.13302112E+06,9.99841829E+04,4.10000000E+06,1.00000000E+05,7.76992438E+06,1.63119885E+09
4.30000000E+01,1.00000000E+00,4.39658634E-01,1.39977829E+08,1.07408694E+05,2.73460757E+06,-0.00000000E+00,-0.00000000E+00,-5.42580792E-31,-1.32573000E-32,1.54629942E+08,3.59526066E+06,1.54654275E-02,3.59582655E-04,-1.58761367E+08,-3.69284546E+06,-2.14893851E+00,-7.03005962E-02,-0.00000000E+00,-0.00000000E+00,7.00480901E-38,1.66970080E-39,-0.00000000E+00,-0.00000000E+00,7.00480901E-38,1.66970080E-39,-1.01592115E+05,-2.39962010E+03,-1.53652658E+04,-3.77936587E+02,4.23300530E+06,9.99841828E+04,4.20000000E+06,1.00000000E+05,7.76992436E+06,1.63119885E+09
4.40000000E+01,1.00000000E+00,4.39658728E-01,1.39977829E+08,1.07408694E+05,2.80142437E+06,-0.00000000E+00,-0.00000000E+00,-5.55838092E-31,-1.32573000E-32,1.58225204E+08,3.59526277E+06,1.58250103E-02,3.59582867E-04,-1.62454215E+08,-3.69284758E+06,-2.21923930E+00,-7.03008340E-02,-0.00000000E+00,-0.00000000E+00,7.17177909E-38,1.66970078E-39,-0.00000000E+00,-0.00000000E+00,7.17177909E-38,1.66970078E-39,-1.03991735E+05,-2.39962010E+03,-1.57432024E+04,-3.77936604E+02,4.33298948E+06,9.99841828E+04,4.30000000E+06,1.00000000E+05,7.76992435E+06,1.63119885E+09
4.50000000E+01,1.00000000E+00,4.39658822E-01,1.39977829E+08,1.07408694E+05,2.86824117E+06,-0.00000000E+00,-0.00000000E+00,-5.69095392E-31,-1.32572999E-32,1.61820469E+08,3.59526489E+06,1.61845934E-02,3.59583080E-04,-1.66147064E+08,-3.69284969E+06,-2.28954033E+00,-7.03010716E-02,-0.00000000E+00,-0.00000000E+00,7.33874916E-38,1.66970076E-39,-0.00000000E+00,-0.00000000E+00,7.33874916E-38,1.66970076E-39,-1.06391355E+05,-2.39962009E+03,-1.61211390E+04,-3.77936622E+02,4.43297366E+06,9.99841827E+04,4.40000000E+06,1.00000000E+05,7.76992434E+06,1.63119885E+09
4.60000000E+01,1.00000000E+00,4.39658916E-01,1.39977828E+08,1.07408694E+05,2.93505797E+06,-0.00000000E+00,-0.00000000E+00,-5.82352692E-31,-1.32572999E-32,1.65415736E+08,3.59526700E+06,1.65441767E-02,3.59583292E-04,-1.69839916E+08,-3.69285181E+06,-2.35984160E+00,-7.03013091E-02,-0.00000000E+00,-0.00000000E+00,7.50571924E-38,1.66970074E-39,-0.00000000E+00,-0.00000000E+00,7.50571924E-38,1.66970074E-39,-1.08790975E+05,-2.39962009E+03,-1.64990757E+04,-3.77936639E+02,4.53295785E+06,9.99841827E+04,4.50000000E+06,1.00000000E+05,7.76992432E+06,1.63119885E+09
4.70000000E+01,1.00000000E+00,4.39659010E-01,1.39977828E+08,1.07408694E+05,3.00187477E+06,-0.00000000E+00,-0.00000000E+00,-5.95609992E-31,-1.32572999E-32,1.69011005E+08,3.59526911E+06,1.69037602E-02,3.59583503E-04,-1.73532770E+08,-3.69285392E+06,-2.43014311E+00,-7.03015465E-02,-0.00000000E+00,-0.00000000E+00,7.67268931E-38,1.66970072E-39,-0.00000000E+00,-0.00000000E+00,7.67268931E-38,1.66970072E-39,-1.11190595E+05,-2.39962009E+03,-1.68770123E+04,-3.77936656E+02,4.63294203E+06,9.99841826E+04,4.60000000E+06,1.00000000E+05,7.76992431E+06,1.63119885E+09
4.80000000E+01,1.00000000E+00,4.39659103E-01,1.39977828E+08,1.07408694E+05,3.06869157E+06,-0.00000000E+00,-0.00000000E+00,-6.08867292E-31,-1.32572999E-32,1.72606277E+08,3.59527123E+06,1.72633439E-02,3.59583715E-04,-1.77225626E+08,-3.69285603E+06,-2.50044485E+00,-7.03017838E-02,-0.00000000E+00,-0.00000000E+00,7.83965938E-38,1.66970070E-39,-0.00000000E+00,-0.00000000E+00,7.83965938E-38,1.66970070E-39,-1.13590215E+05,-2.39962009E+03,-1.72549490E+04,-3.77936674E+02,4.73292621E+06,9.99841826E+04,4.70000000E+06,1.00000000E+05,7.76992430E+06,1.63119885E+09
4.90000000E+01,1.00000000E+00,4.39659197E-01,1.39977828E+08,1.07408694E+05,3.13550837E+06,-0.00000000E+00,-0.00000000E+00,-6.22124592E-31,-1.32572999E-32,1.76201550E+08,3.59527333E+06,1.76229278E-02,3.59583927E-04,-1.80918484E+08,-3.69285814E+06,-2.57074684E+00,-7.03020211E-02,-0.00000000E+00,-0.00000000E+00,8.00662945E-38,1.66970067E-39,-0.00000000E+00,-0.00000000E+00,8.00662945E-38,1.66970067E-39,-1.15989835E+05,-2.39962009E+03,-1.76328857E+04,-3.77936691E+02,4.83291039E+06,9.99841825E+04,4.80000000E+06,1.00000000E+05,7.76992428E+06,1.63119885E+09
5.00000000E+01,1.00000000E+00,4.39659291E-01,1.39977828E+08,1.07408694E+05,3.20232517E+06,-0.00000000E+00,-0.00000000E+00,-6.35381892E-31,-1.32572999E-32,1.79796825E+08,3.59527544E+06,1.79825120E-02,3.59584138E-04,-1.84611345E+08,-3.69286025E+06,-2.64104905E+00,-7.03022583E-02,-0.00000000E+00,-0.00000000E+00,8.17359951E-38,1.66970065E-39,-0.00000000E+00,-0.00000000E+00,8.17359951E-38,1.66970065E-39,-1.18389456E+05,-2.39962009E+03,-1.80108224E+04,-3.77936708E+02,4.93289458E+06,9.99841825E+04,4.90000000E+06,1.00000000E+05,7.76992427E+06,1.63119885E+09
