Time [d],dt_flow [d],dt_tran [d],Global Water Mass in Liquid Phas [kg],Global Vaq [mol],Global Vim [mol],Top Water Mass [kg],Top Water Mass [kg/d],Top Vaq [mol],Top Vaq [mol/d],Right Water Mass [kg],Right Water Mass [kg/d],Right Vaq [mol],Right Vaq [mol/d],Left Water Mass [kg],Left Water Mass [kg/d],Left Vaq [mol],Left Vaq [mol/d],North Water Mass [kg],North Water Mass [kg/d],North Vaq [mol],North Vaq [mol/d],South Water Mass [kg],South Water Mass [kg/d],South Vaq [mol],South Vaq [mol/d],ExtractWell Water Mass [kg],ExtractWell Water Mass [kg/d],ExtractWell Vaq [mol],ExtractWell Vaq [mol/d],InjectWell Water Mass [kg],InjectWell Water Mass [kg/d],InjectWell Vaq [mol],InjectWell Vaq [mol/d],Region Region__all Water Mass [kg],Region Region__all Total Mass [kg]
1.00000000E+00,4.89000000E-01,9.00000000E-03,1.39978714E+08,6.36741316E-03,5.82219649E-03,-0.00000000E+00,-0.00000000E+00,5.80738783E-40,9.42079290E-40,2.76077115E+07,2.75963131E+07,2.76117024E-03,2.76003034E-03,-2.76405988E+07,-2.76462031E+07,-1.77598520E-03,-1.11740140E-03,-0.00000000E+00,-0.00000000E+00,5.77175383E-40,9.36355874E-40,-0.00000000E+00,-0.00000000E+00,5.77175383E-40,9.36355874E-40,-8.08074734E+02,-1.22621353E+03,-4.50249975E-08,-4.99118300E-08,3.36698804E+04,5.10923821E+04,3.36749000E-06,5.11000000E-06,7.76997348E+06,1.63109144E+09
2.00000000E+00,4.88000000E-01,8.00000000E-03,1.39978694E+08,6.46749417E+04,2.36738832E+04,-0.00000000E+00,-0.00000000E+00,-4.69719558E-33,-7.98273393E-33,5.51715217E+07,2.75641336E+07,5.51795005E-03,2.75681222E-03,-5.53020149E+07,-2.76617387E+07,-3.34950065E-03,-1.12806058E-02,-0.00000000E+00,-0.00000000E+00,1.69824462E-39,1.23945495E-39,-0.00000000E+00,-0.00000000E+00,1.69824462E-39,1.23945495E-39,-3.20770961E+03,-2.39963482E+03,-2.79723557E+01,-1.07058093E+02,1.33654968E+05,9.99850858E+04,1.00000000E+05,1.00000000E+05,7.76997235E+06,1.63115612E+09
3.00000000E+00,1.00000000E+00,2.40000000E-02,1.39978677E+08,9.04330576E+04,7.33430412E+04,-0.00000000E+00,-0.00000000E+00,-1.45521855E-32,-1.11620214E-32,8.27367787E+07,2.75652570E+07,8.27487492E-03,2.75692487E-03,-8.29648744E+07,-2.76628595E+07,-1.37315783E+01,-7.51920445E+01,-0.00000000E+00,-0.00000000E+00,2.99269494E-39,1.32855598E-39,-0.00000000E+00,-0.00000000E+00,2.99269494E-39,1.32855598E-39,-5.60734422E+03,-2.39963461E+03,-2.00796058E+02,-1.96531397E+02,2.33640046E+05,9.99850774E+04,2.00000000E+05,1.00000000E+05,7.76997141E+06,1.63118188E+09
4.00000000E+00,1.00000000E+00,8.00000000E-03,1.39978661E+08,1.00166749E+05,1.33295090E+05,-0.00000000E+00,-0.00000000E+00,-2.64474315E-32,-1.23634370E-32,1.10303073E+08,2.75662947E+07,1.10319039E-02,2.75702895E-03,-1.10628770E+08,-2.76638959E+07,-6.95493274E+02,-1.61022788E+03,-0.00000000E+00,-0.00000000E+00,4.33579658E-39,1.35129325E-39,-0.00000000E+00,-0.00000000E+00,4.33579658E-39,1.35129325E-39,-8.00697862E+03,-2.39963440E+03,-3.98507233E+02,-1.97936849E+02,3.33625115E+05,9.99850691E+04,3.00000000E+05,1.00000000E+05,7.76997054E+06,1.63119161E+09
5.00000000E+00,1.00000000E+00,6.24640211E-03,1.39978646E+08,1.02685578E+05,1.96652175E+05,-0.00000000E+00,-0.00000000E+00,-3.90182800E-32,-1.26743325E-32,1.37870369E+08,2.75672954E+07,1.37890332E-02,2.75712932E-03,-1.38293666E+08,-2.76648960E+07,-3.51507110E+03,-3.66201760E+03,-0.00000000E+00,-0.00000000E+00,5.69015141E-39,1.35586174E-39,-0.00000000E+00,-0.00000000E+00,5.69015141E-39,1.35586174E-39,-1.04066128E+04,-2.39963420E+03,-5.96448226E+02,-1.97940807E+02,4.33610176E+05,9.99850607E+04,4.00000000E+05,1.00000000E+05,7.76996970E+06,1.63119413E+09
6.00000000E+00,1.00000000E+00,5.49267051E-02,1.39978631E+08,1.03001852E+05,2.60673656E+05,-0.00000000E+00,-0.00000000E+00,-5.17209531E-32,-1.27133698E-32,1.65438651E+08,2.75682817E+07,1.65462615E-02,2.75722826E-03,-1.65959548E+08,-2.76658821E+07,-7.54660915E+03,-4.19291759E+03,-0.00000000E+00,-0.00000000E+00,7.04645995E-39,1.35649269E-39,-0.00000000E+00,-0.00000000E+00,7.04645995E-39,1.35649269E-39,-1.28062468E+04,-2.39963400E+03,-7.94389335E+02,-1.97940368E+02,5.33595228E+05,9.99850524E+04,5.00000000E+05,1.00000000E+05,7.76996887E+06,1.63119444E+09
7.00000000E+00,1.00000000E+00,5.49546876E-02,1.39978616E+08,1.03022848E+05,3.24759028E+05,-0.00000000E+00,-0.00000000E+00,-6.44363030E-32,-1.27159612E-32,1.93007913E+08,2.75692627E+07,1.93035881E-02,2.75732666E-03,-1.93626411E+08,-2.76668629E+07,-1.17781652E+04,-4.24474260E+03,-0.00000000E+00,-0.00000000E+00,8.40299166E-39,1.35654414E-39,-0.00000000E+00,-0.00000000E+00,8.40299166E-39,1.35654414E-39,-1.52058806E+04,-2.39963380E+03,-9.92330023E+02,-1.97939936E+02,6.33580272E+05,9.99850440E+04,6.00000000E+05,1.00000000E+05,7.76996805E+06,1.63119447E+09
8.00000000E+00,1.00000000E+00,5.49813846E-02,1.39978601E+08,1.03023325E+05,3.88847768E+05,-0.00000000E+00,-0.00000000E+00,-7.71523211E-32,-1.27160200E-32,2.20578155E+08,2.75702415E+07,2.20610130E-02,2.75742485E-03,-2.21294253E+08,-2.76678417E+07,-1.60252207E+04,-4.24775454E+03,-0.00000000E+00,-0.00000000E+00,9.75953185E-39,1.35653681E-39,-0.00000000E+00,-0.00000000E+00,9.75953185E-39,1.35653681E-39,-1.76055142E+04,-2.39963360E+03,-1.19027028E+03,-1.97939497E+02,7.33565308E+05,9.99850357E+04,7.00000000E+05,1.00000000E+05,7.76996723E+06,1.63119447E+09
9.00000000E+00,1.00000000E+00,5.50080579E-02,1.39978587E+08,1.03022943E+05,4.52936387E+05,-0.00000000E+00,-0.00000000E+00,-8.98683151E-32,-1.27159730E-32,2.48149374E+08,2.75712193E+07,2.48185359E-02,2.75752293E-03,-2.48963072E+08,-2.76688194E+07,-2.02733145E+04,-4.24821610E+03,-0.00000000E+00,-0.00000000E+00,1.11160616E-38,1.35652540E-39,-0.00000000E+00,-0.00000000E+00,1.11160616E-38,1.35652540E-39,-2.00051476E+04,-2.39963339E+03,-1.38821009E+03,-1.97939057E+02,8.33550335E+05,9.99850274E+04,8.00000000E+05,1.00000000E+05,7.76996641E+06,1.63119447E+09
1.00000000E+01,1.00000000E+00,5.50347195E-02,1.39978572E+08,1.03022538E+05,5.17024756E+05,-0.00000000E+00,-0.00000000E+00,-1.02584260E-31,-1.27159230E-32,2.75721570E+08,2.75721962E+07,2.75761568E-02,2.75762093E-03,-2.76632869E+08,-2.76697963E+07,-2.45218039E+04,-4.24859445E+03,-0.00000000E+00,-0.00000000E+00,1.24725799E-38,1.35651387E-39,-0.00000000E+00,-0.00000000E+00,1.24725799E-38,1.35651387E-39,-2.24047808E+04,-2.39963319E+03,-1.58614947E+03,-1.97938619E+02,9.33535354E+05,9.99850191E+04,9.00000000E+05,1.00000000E+05,7.76996559E+06,1.63119446E+09
1.10000000E+01,1.00000000E+00,5.50613730E-02,1.39978557E+08,1.03022133E+05,5.81112874E+05,-0.00000000E+00,-0.00000000E+00,-1.15300154E-31,-1.27158730E-32,3.03294743E+08,2.75731724E+07,3.03338757E-02,2.75771885E-03,-3.04303641E+08,-2.76707725E+07,-2.87706701E+04,-4.24897076E+03,-0.00000000E+00,-0.00000000E+00,1.38290867E-38,1.35650241E-39,-0.00000000E+00,-0.00000000E+00,1.38290867E-38,1.35650241E-39,-2.48044138E+04,-2.39963299E+03,-1.78408840E+03,-1.97938181E+02,1.03352036E+06,9.99850107E+04,1.00000000E+06,1.00000000E+05,7.76996477E+06,1.63119446E+09
1.20000000E+01,1.00000000E+00,5.50880192E-02,1.39978542E+08,1.03021728E+05,6.45200739E+05,-0.00000000E+00,-0.00000000E+00,-1.28015999E-31,-1.27158230E-32,3.30868891E+08,2.75741479E+07,3.30916924E-02,2.75781671E-03,-3.31975389E+08,-2.76717480E+07,-3.30199124E+04,-4.24934696E+03,-0.00000000E+00,-0.00000000E+00,1.51855820E-38,1.35649102E-39,-0.00000000E+00,-0.00000000E+00,1.51855820E-38,1.35649102E-39,-2.72040466E+04,-2.39963279E+03,-1.98202690E+03,-1.97937743E+02,1.13350537E+06,9.99850024E+04,1.10000000E+06,1.00000000E+05,7.76996395E+06,1.63119446E+09
1.30000000E+01,1.00000000E+00,5.51146584E-02,1.39978528E+08,1.03021323E+05,7.09288353E+05,-0.00000000E+00,-0.00000000E+00,-1.40731793E-31,-1.27157729E-32,3.58444013E+08,2.75751227E+07,3.58496069E-02,2.75791449E-03,-3.59648112E+08,-2.76727228E+07,-3.72695310E+04,-4.24972311E+03,-0.00000000E+00,-0.00000000E+00,1.65420661E-38,1.35647970E-39,-0.00000000E+00,-0.00000000E+00,1.65420661E-38,1.35647970E-39,-2.96036792E+04,-2.39963259E+03,-2.17996496E+03,-1.97937305E+02,1.23349036E+06,9.99849941E+04,1.20000000E+06,1.00000000E+05,7.76996314E+06,1.63119446E+09
1.40000000E+01,1.00000000E+00,5.51412907E-02,1.39978513E+08,1.03020917E+05,7.73375714E+05,-0.00000000E+00,-0.00000000E+00,-1.53447538E-31,-1.27157229E-32,3.86020110E+08,2.75760968E+07,3.86076191E-02,2.75801221E-03,-3.87321809E+08,-2.76736969E+07,-4.15195256E+04,-4.25009920E+03,-0.00000000E+00,-0.00000000E+00,1.78985388E-38,1.35646846E-39,-0.00000000E+00,-0.00000000E+00,1.78985388E-38,1.35646846E-39,-3.20033116E+04,-2.39963239E+03,-2.37790259E+03,-1.97936867E+02,1.33347535E+06,9.99849857E+04,1.30000000E+06,1.00000000E+05,7.76996232E+06,1.63119446E+09
1.50000000E+01,1.00000000E+00,5.51679159E-02,1.39978498E+08,1.03020512E+05,8.37462823E+05,-0.00000000E+00,-0.00000000E+00,-1.66163232E-31,-1.27156730E-32,4.13597180E+08,2.75770702E+07,4.13657290E-02,2.75810986E-03,-4.14996479E+08,-2.76746703E+07,-4.57698963E+04,-4.25047523E+03,-0.00000000E+00,-0.00000000E+00,1.92550004E-38,1.35645729E-39,-0.00000000E+00,-0.00000000E+00,1.92550004E-38,1.35645729E-39,-3.44029437E+04,-2.39963218E+03,-2.57583977E+03,-1.97936429E+02,1.43346032E+06,9.99849774E+04,1.40000000E+06,1.00000000E+05,7.76996150E+06,1.63119446E+09
1.60000000E+01,1.00000000E+00,5.51945342E-02,1.39978484E+08,1.03020108E+05,9.01549681E+05,-0.00000000E+00,-0.00000000E+00,-1.78878877E-31,-1.27156230E-32,4.41175223E+08,2.75780430E+07,4.41239364E-02,2.75820744E-03,-4.42672122E+08,-2.76756431E+07,-5.00206430E+04,-4.25085118E+03,-0.00000000E+00,-0.00000000E+00,2.06114508E-38,1.35644619E-39,-0.00000000E+00,-0.00000000E+00,2.06114508E-38,1.35644619E-39,-3.68025757E+04,-2.39963198E+03,-2.77377652E+03,-1.97935991E+02,1.53344529E+06,9.99849691E+04,1.50000000E+06,1.00000000E+05,7.76996068E+06,1.63119446E+09
1.70000000E+01,1.00000000E+00,5.52211455E-02,1.39978469E+08,1.03019703E+05,9.65636286E+05,-0.00000000E+00,-0.00000000E+00,-1.91594472E-31,-1.27155730E-32,4.68754238E+08,2.75790151E+07,4.68822414E-02,2.75830496E-03,-4.70348737E+08,-2.76766151E+07,-5.42717656E+04,-4.25122707E+03,-0.00000000E+00,-0.00000000E+00,2.19678901E-38,1.35643516E-39,-0.00000000E+00,-0.00000000E+00,2.19678901E-38,1.35643516E-39,-3.92022075E+04,-2.39963178E+03,-2.97171283E+03,-1.97935553E+02,1.63343025E+06,9.99849607E+04,1.60000000E+06,1.00000000E+05,7.76995987E+06,1.63119446E+09
1.80000000E+01,1.00000000E+00,5.52477498E-02,1.39978454E+08,1.03019298E+05,1.02972264E+06,-0.00000000E+00,-0.00000000E+00,-2.04310016E-31,-1.27155230E-32,4.96334225E+08,2.75799865E+07,4.96406438E-02,2.75840240E-03,-4.98026324E+08,-2.76775865E+07,-5.85232640E+04,-4.25160290E+03,-0.00000000E+00,-0.00000000E+00,2.33243185E-38,1.35642420E-39,-0.00000000E+00,-0.00000000E+00,2.33243185E-38,1.35642420E-39,-4.16018391E+04,-2.39963158E+03,-3.16964870E+03,-1.97935115E+02,1.73341521E+06,9.99849524E+04,1.70000000E+06,1.00000000E+05,7.76995905E+06,1.63119446E+09
1.90000000E+01,1.00000000E+00,5.52743472E-02,1.39978439E+08,1.03018893E+05,1.09380874E+06,-0.00000000E+00,-0.00000000E+00,-2.17025511E-31,-1.27154731E-32,5.23915182E+08,2.75809573E+07,5.23991435E-02,2.75849978E-03,-5.25704881E+08,-2.76785573E+07,-6.27751382E+04,-4.25197866E+03,-0.00000000E+00,-0.00000000E+00,2.46807360E-38,1.35641331E-39,-0.00000000E+00,-0.00000000E+00,2.46807360E-38,1.35641331E-39,-4.40014705E+04,-2.39963138E+03,-3.36758413E+03,-1.97934678E+02,1.83340015E+06,9.99849441E+04,1.80000000E+06,1.00000000E+05,7.76995824E+06,1.63119446E+09
2.00000000E+01,1.00000000E+00,5.53009376E-02,1.39978425E+08,1.03018488E+05,1.15789459E+06,-0.00000000E+00,-0.00000000E+00,-2.29740956E-31,-1.27154231E-32,5.51497109E+08,2.75819273E+07,5.51577406E-02,2.75859709E-03,-5.53384408E+08,-2.76795273E+07,-6.70273881E+04,-4.25235435E+03,-0.00000000E+00,-0.00000000E+00,2.60371426E-38,1.35640249E-39,-0.00000000E+00,-0.00000000E+00,2.60371426E-38,1.35640249E-39,-4.64011016E+04,-2.39963118E+03,-3.56551913E+03,-1.97934240E+02,1.93338509E+06,9.99849357E+04,1.90000000E+06,1.00000000E+05,7.76995742E+06,1.63119446E+09
2.10000000E+01,1.00000000E+00,5.53275210E-02,1.39978410E+08,1.03018084E+05,1.22198019E+06,-0.00000000E+00,-0.00000000E+00,-2.42456350E-31,-1.27153732E-32,5.79080006E+08,2.75828968E+07,5.79164350E-02,2.75869434E-03,-5.81064905E+08,-2.76804967E+07,-7.12800137E+04,-4.25272998E+03,-0.00000000E+00,-0.00000000E+00,2.73935384E-38,1.35639174E-39,-0.00000000E+00,-0.00000000E+00,2.73935384E-38,1.35639174E-39,-4.88007326E+04,-2.39963097E+03,-3.76345368E+03,-1.97933802E+02,2.03337001E+06,9.99849274E+04,2.00000000E+06,1.00000000E+05,7.76995661E+06,1.63119446E+09
2.20000000E+01,1.00000000E+00,5.53540975E-02,1.39978395E+08,1.03017679E+05,1.28606554E+06,-0.00000000E+00,-0.00000000E+00,-2.55171695E-31,-1.27153233E-32,6.06663872E+08,2.75838655E+07,6.06752265E-02,2.75879152E-03,-6.08746371E+08,-2.76814655E+07,-7.55330148E+04,-4.25310554E+03,-0.00000000E+00,-0.00000000E+00,2.87499236E-38,1.35638105E-39,-0.00000000E+00,-0.00000000E+00,2.87499236E-38,1.35638105E-39,-5.12003634E+04,-2.39963077E+03,-3.96138780E+03,-1.97933364E+02,2.13335493E+06,9.99849191E+04,2.10000000E+06,1.00000000E+05,7.76995579E+06,1.63119446E+09
2.30000000E+01,1.00000000E+00,5.53806670E-02,1.39978381E+08,1.03017275E+05,1.35015063E+06,-0.00000000E+00,-0.00000000E+00,-2.67886990E-31,-1.27152734E-32,6.34248705E+08,2.75848336E+07,6.34341151E-02,2.75888864E-03,-6.36428804E+08,-2.76824336E+07,-7.97863915E+04,-4.25348104E+03,-0.00000000E+00,-0.00000000E+00,3.01062980E-38,1.35637043E-39,-0.00000000E+00,-0.00000000E+00,3.01062980E-38,1.35637043E-39,-5.35999940E+04,-2.39963057E+03,-4.15932148E+03,-1.97932927E+02,2.23333984E+06,9.99849108E+04,2.20000000E+06,1.00000000E+05,7.76995498E+06,1.63119446E+09
2.40000000E+01,1.00000000E+00,5.54072295E-02,1.39978366E+08,1.03016871E+05,1.41423548E+06,-0.00000000E+00,-0.00000000E+00,-2.80602235E-31,-1.27152234E-32,6.61834507E+08,2.75858011E+07,6.61931008E-02,2.75898569E-03,-6.64112205E+08,-2.76834010E+07,-8.40401436E+04,-4.25385646E+03,-0.00000000E+00,-0.00000000E+00,3.14626619E-38,1.35635988E-39,-0.00000000E+00,-0.00000000E+00,3.14626619E-38,1.35635988E-39,-5.59996243E+04,-2.39963037E+03,-4.35725473E+03,-1.97932489E+02,2.33332475E+06,9.99849024E+04,2.30000000E+06,1.00000000E+05,7.76995417E+06,1.63119446E+09
2.50000000E+01,1.00000000E+00,5.54337851E-02,1.39978351E+08,1.03016466E+05,1.47832007E+06,-0.00000000E+00,-0.00000000E+00,-2.93317430E-31,-1.27151735E-32,6.89421274E+08,2.75867679E+07,6.89521835E-02,2.75908267E-03,-6.91796573E+08,-2.76843678E+07,-8.82942711E+04,-4.25423183E+03,-0.00000000E+00,-0.00000000E+00,3.28190153E-38,1.35634939E-39,-0.00000000E+00,-0.00000000E+00,3.28190153E-38,1.35634939E-39,-5.83992545E+04,-2.39963017E+03,-4.55518753E+03,-1.97932051E+02,2.43330964E+06,9.99848941E+04,2.40000000E+06,1.00000000E+05,7.76995335E+06,1.63119446E+09
2.60000000E+01,1.00000000E+00,5.54603338E-02,1.39978337E+08,1.03016062E+05,1.54240441E+06,-0.00000000E+00,-0.00000000E+00,-3.06032575E-31,-1.27151236E-32,7.17009008E+08,2.75877341E+07,7.17113631E-02,2.75917959E-03,-7.19481907E+08,-2.76853340E+07,-9.25487739E+04,-4.25460713E+03,-0.00000000E+00,-0.00000000E+00,3.41753583E-38,1.35633896E-39,-0.00000000E+00,-0.00000000E+00,3.41753583E-38,1.35633896E-39,-6.07988845E+04,-2.39962997E+03,-4.75311990E+03,-1.97931614E+02,2.53329453E+06,9.99848858E+04,2.50000000E+06,1.00000000E+05,7.76995254E+06,1.63119446E+09
2.70000000E+01,1.00000000E+00,5.54868755E-02,1.39978322E+08,1.03015658E+05,1.60648850E+06,-0.00000000E+00,-0.00000000E+00,-3.18747671E-31,-1.27150738E-32,7.44597708E+08,2.75886996E+07,7.44706395E-02,2.75927644E-03,-7.47168207E+08,-2.76862995E+07,-9.68036519E+04,-4.25498236E+03,-0.00000000E+00,-0.00000000E+00,3.55316908E-38,1.35632860E-39,-0.00000000E+00,-0.00000000E+00,3.55316908E-38,1.35632860E-39,-6.31985142E+04,-2.39962976E+03,-4.95105183E+03,-1.97931176E+02,2.63327940E+06,9.99848775E+04,2.60000000E+06,1.00000000E+05,7.76995173E+06,1.63119446E+09
2.80000000E+01,1.00000000E+00,5.55134103E-02,1.39978308E+08,1.03015254E+05,1.67057234E+06,-0.00000000E+00,-0.00000000E+00,-3.31462716E-31,-1.27150239E-32,7.72187372E+08,2.75896644E+07,7.72300128E-02,2.75937323E-03,-7.74855471E+08,-2.76872643E+07,-1.01058905E+05,-4.25535753E+03,-0.00000000E+00,-0.00000000E+00,3.68880130E-38,1.35631830E-39,-0.00000000E+00,-0.00000000E+00,3.68880130E-38,1.35631830E-39,-6.55981438E+04,-2.39962956E+03,-5.14898332E+03,-1.97930738E+02,2.73326427E+06,9.99848691E+04,2.70000000E+06,1.00000000E+05,7.76995092E+06,1.63119446E+09
2.90000000E+01,1.00000000E+00,5.55399381E-02,1.39978293E+08,1.03014850E+05,1.73465592E+06,-0.00000000E+00,-0.00000000E+00,-3.44177712E-31,-1.27149740E-32,7.99778001E+08,2.75906287E+07,7.99894827E-02,2.75946996E-03,-8.02543699E+08,-2.76882285E+07,-1.05314534E+05,-4.25573263E+03,-0.00000000E+00,-0.00000000E+00,3.82443250E-38,1.35630807E-39,-0.00000000E+00,-0.00000000E+00,3.82443250E-38,1.35630807E-39,-6.79977732E+04,-2.39962936E+03,-5.34691438E+03,-1.97930301E+02,2.83324913E+06,9.99848608E+04,2.80000000E+06,1.00000000E+05,7.76995011E+06,1.63119446E+09
3.00000000E+01,1.00000000E+00,5.55664589E-02,1.39978278E+08,1.03014446E+05,1.79873926E+06,-0.00000000E+00,-0.00000000E+00,-3.56892657E-31,-1.27149242E-32,8.27369593E+08,2.75915923E+07,8.27490494E-02,2.75956662E-03,-8.30232891E+08,-2.76891921E+07,-1.09570537E+05,-4.25610766E+03,-0.00000000E+00,-0.00000000E+00,3.96006268E-38,1.35629790E-39,-0.00000000E+00,-0.00000000E+00,3.96006268E-38,1.35629790E-39,-7.03974023E+04,-2.39962916E+03,-5.54484500E+03,-1.97929863E+02,2.93323399E+06,9.99848525E+04,2.90000000E+06,1.00000000E+05,7.76994929E+06,1.63119446E+09
3.10000000E+01,1.00000000E+00,5.55929728E-02,1.39978264E+08,1.03014042E+05,1.86282234E+06,-0.00000000E+00,-0.00000000E+00,-3.69607553E-31,-1.27148743E-32,8.54962149E+08,2.75925552E+07,8.55087126E-02,2.75966322E-03,-8.57923047E+08,-2.76901551E+07,-1.13826915E+05,-4.25648263E+03,-0.00000000E+00,-0.00000000E+00,4.09569184E-38,1.35628779E-39,-0.00000000E+00,-0.00000000E+00,4.09569184E-38,1.35628779E-39,-7.27970313E+04,-2.39962896E+03,-5.74277518E+03,-1.97929426E+02,3.03321883E+06,9.99848442E+04,3.00000000E+06,1.00000000E+05,7.76994848E+06,1.63119446E+09
3.20000000E+01,1.00000000E+00,5.56194798E-02,1.39978249E+08,1.03013638E+05,1.92690517E+06,-0.00000000E+00,-0.00000000E+00,-3.82322399E-31,-1.27148245E-32,8.82555666E+08,2.75935176E+07,8.82684723E-02,2.75975976E-03,-8.85614164E+08,-2.76911174E+07,-1.18083669E+05,-4.25685753E+03,-0.00000000E+00,-0.00000000E+00,4.23132000E-38,1.35627774E-39,-0.00000000E+00,-0.00000000E+00,4.23132000E-38,1.35627774E-39,-7.51966600E+04,-2.39962876E+03,-5.94070492E+03,-1.97928988E+02,3.13320367E+06,9.99848358E+04,3.10000000E+06,1.00000000E+05,7.76994767E+06,1.63119446E+09
3.30000000E+01,1.00000000E+00,5.56459798E-02,1.39978235E+08,1.03013234E+05,1.99098776E+06,-0.00000000E+00,-0.00000000E+00,-3.95037195E-31,-1.27147746E-32,9.10150146E+08,2.75944793E+07,9.10283286E-02,2.75985623E-03,-9.13306243E+08,-2.76920791E+07,-1.22340797E+05,-4.25723237E+03,-0.00000000E+00,-0.00000000E+00,4.36694715E-38,1.35626775E-39,-0.00000000E+00,-0.00000000E+00,4.36694715E-38,1.35626775E-39,-7.75962886E+04,-2.39962856E+03,-6.13863422E+03,-1.97928551E+02,3.23318849E+06,9.99848275E+04,3.20000000E+06,1.00000000E+05,7.76994686E+06,1.63119446E+09
3.40000000E+01,1.00000000E+00,5.56724729E-02,1.39978220E+08,1.03012831E+05,2.05507009E+06,-0.00000000E+00,-0.00000000E+00,-4.07751942E-31,-1.27147248E-32,9.37745586E+08,2.75954404E+07,9.37882812E-02,2.75995264E-03,-9.40999283E+08,-2.76930401E+07,-1.26598300E+05,-4.25760714E+03,-0.00000000E+00,-0.00000000E+00,4.50257331E-38,1.35625782E-39,-0.00000000E+00,-0.00000000E+00,4.50257331E-38,1.35625782E-39,-7.99959169E+04,-2.39962835E+03,-6.33656309E+03,-1.97928113E+02,3.33317331E+06,9.99848192E+04,3.30000000E+06,1.00000000E+05,7.76994605E+06,1.63119446E+09
3.50000000E+01,1.00000000E+00,5.56989591E-02,1.39978205E+08,1.03012427E+05,2.11915217E+06,-0.00000000E+00,-0.00000000E+00,-4.20466638E-31,-1.27146750E-32,9.65341987E+08,2.75964008E+07,9.65483302E-02,2.76004899E-03,-9.68693284E+08,-2.76940006E+07,-1.30856178E+05,-4.25798185E+03,-0.00000000E+00,-0.00000000E+00,4.63819849E-38,1.35624794E-39,-0.00000000E+00,-0.00000000E+00,4.63819849E-38,1.35624794E-39,-8.23955451E+04,-2.39962815E+03,-6.53449152E+03,-1.97927676E+02,3.43315812E+06,9.99848109E+04,3.40000000E+06,1.00000000E+05,7.76994524E+06,1.63119445E+09
3.60000000E+01,1.00000000E+00,5.57254383E-02,1.39978191E+08,1.03012024E+05,2.18323399E+06,-0.00000000E+00,-0.00000000E+00,-4.33181285E-31,-1.27146252E-32,9.92939347E+08,2.75973606E+07,9.93084755E-02,2.76014528E-03,-9.96388244E+08,-2.76949604E+07,-1.35114430E+05,-4.25835649E+03,-0.00000000E+00,-0.00000000E+00,4.77382267E-38,1.35623813E-39,-0.00000000E+00,-0.00000000E+00,4.77382267E-38,1.35623813E-39,-8.47951730E+04,-2.39962795E+03,-6.73241951E+03,-1.97927238E+02,3.53314293E+06,9.99848025E+04,3.50000000E+06,1.00000000E+05,7.76994444E+06,1.63119445E+09
3.70000000E+01,1.00000000E+00,5.57519106E-02,1.39978176E+08,1.03011620E+05,2.24731557E+06,-0.00000000E+00,-0.00000000E+00,-4.45895882E-31,-1.27145754E-32,1.02053767E+09,2.75983199E+07,1.02068717E-01,2.76024150E-03,-1.02408416E+09,-2.76959196E+07,-1.39373057E+05,-4.25873106E+03,-0.00000000E+00,-0.00000000E+00,4.90944588E-38,1.35622838E-39,-0.00000000E+00,-0.00000000E+00,4.90944588E-38,1.35622838E-39,-8.71948008E+04,-2.39962775E+03,-6.93034706E+03,-1.97926801E+02,3.63312772E+06,9.99847942E+04,3.60000000E+06,1.00000000E+05,7.76994363E+06,1.63119445E+09
3.80000000E+01,1.00000000E+00,5.57783760E-02,1.39978162E+08,1.03011217E+05,2.31139690E+06,-0.00000000E+00,-0.00000000E+00,-4.58610429E-31,-1.27145256E-32,1.04813695E+09,2.75992785E+07,1.04829055E-01,2.76033766E-03,-1.05178104E+09,-2.76968782E+07,-1.43632058E+05,-4.25910557E+03,-0.00000000E+00,-0.00000000E+00,5.04506812E-38,1.35621868E-39,-0.00000000E+00,-0.00000000E+00,5.04506812E-38,1.35621868E-39,-8.95944283E+04,-2.39962755E+03,-7.12827418E+03,-1.97926364E+02,3.73311251E+06,9.99847859E+04,3.70000000E+06,1.00000000E+05,7.76994282E+06,1.63119445E+09
3.90000000E+01,1.00000000E+00,5.58048344E-02,1.39978147E+08,1.03010814E+05,2.37547797E+06,-0.00000000E+00,-0.00000000E+00,-4.71324926E-31,-1.27144758E-32,1.07573718E+09,2.76002365E+07,1.07589488E-01,2.76043377E-03,-1.07947888E+09,-2.76978362E+07,-1.47891434E+05,-4.25948001E+03,-0.00000000E+00,-0.00000000E+00,5.18068939E-38,1.35620904E-39,-0.00000000E+00,-0.00000000E+00,5.18068939E-38,1.35620904E-39,-9.19940557E+04,-2.39962735E+03,-7.32620086E+03,-1.97925926E+02,3.83309728E+06,9.99847776E+04,3.80000000E+06,1.00000000E+05,7.76994201E+06,1.63119445E+09
4.00000000E+01,1.00000000E+00,5.58312859E-02,1.39978133E+08,1.03010410E+05,2.43955880E+06,-0.00000000E+00,-0.00000000E+00,-4.84039374E-31,-1.27144261E-32,1.10333838E+09,2.76011938E+07,1.10350018E-01,2.76052981E-03,-1.10717767E+09,-2.76987935E+07,-1.52151185E+05,-4.25985439E+03,-0.00000000E+00,-0.00000000E+00,5.31630970E-38,1.35619946E-39,-0.00000000E+00,-0.00000000E+00,5.31630970E-38,1.35619946E-39,-9.43936828E+04,-2.39962715E+03,-7.52412710E+03,-1.97925489E+02,3.93308205E+06,9.99847692E+04,3.90000000E+06,1.00000000E+05,7.76994120E+06,1.63119445E+09
4.10000000E+01,1.00000000E+00,5.58577305E-02,1.39978118E+08,1.03010007E+05,2.50363937E+06,-0.00000000E+00,-0.00000000E+00,-4.96753772E-31,-1.27143763E-32,1.13094053E+09,2.76021506E+07,1.13110644E-01,2.76062579E-03,-1.13487742E+09,-2.76997503E+07,-1.56411309E+05,-4.26022870E+03,-0.00000000E+00,-0.00000000E+00,5.45192906E-38,1.35618993E-39,-0.00000000E+00,-0.00000000E+00,5.45192906E-38,1.35618993E-39,-9.67933098E+04,-2.39962694E+03,-7.72205290E+03,-1.97925051E+02,4.03306681E+06,9.99847609E+04,4.00000000E+06,1.00000000E+05,7.76994040E+06,1.63119445E+09
4.20000000E+01,1.00000000E+00,5.58841682E-02,1.39978103E+08,1.03009604E+05,2.56771969E+06,-0.00000000E+00,-0.00000000E+00,-5.09468120E-31,-1.27143265E-32,1.15854363E+09,2.76031068E+07,1.15871366E-01,2.76072170E-03,-1.16257813E+09,-2.77007065E+07,-1.60671808E+05,-4.26060294E+03,-0.00000000E+00,-0.00000000E+00,5.58754747E-38,1.35618046E-39,-0.00000000E+00,-0.00000000E+00,5.58754747E-38,1.35618046E-39,-9.91929365E+04,-2.39962674E+03,-7.91997827E+03,-1.97924614E+02,4.13305157E+06,9.99847526E+04,4.10000000E+06,1.00000000E+05,7.76993959E+06,1.63119445E+09
4.30000000E+01,1.00000000E+00,5.59105989E-02,1.39978089E+08,1.03009201E+05,2.63179977E+06,-0.00000000E+00,-0.00000000E+00,-5.22182418E-31,-1.27142768E-32,1.18614770E+09,2.76040624E+07,1.18632183E-01,2.76081756E-03,-1.19027979E+09,-2.77016620E+07,-1.64932681E+05,-4.26097712E+03,-0.00000000E+00,-0.00000000E+00,5.72316493E-38,1.35617104E-39,-0.00000000E+00,-0.00000000E+00,5.72316493E-38,1.35617104E-39,-1.01592563E+05,-2.39962654E+03,-8.11790320E+03,-1.97924177E+02,4.23303631E+06,9.99847443E+04,4.20000000E+06,1.00000000E+05,7.76993878E+06,1.63119445E+09
4.40000000E+01,1.00000000E+00,5.59370228E-02,1.39978074E+08,1.03008798E+05,2.69587959E+06,-0.00000000E+00,-0.00000000E+00,-5.34896667E-31,-1.27142271E-32,1.21375271E+09,2.76050173E+07,1.21393097E-01,2.76091336E-03,-1.21798241E+09,-2.77026170E+07,-1.69193929E+05,-4.26135123E+03,-0.00000000E+00,-0.00000000E+00,5.85878145E-38,1.35616168E-39,-0.00000000E+00,-0.00000000E+00,5.85878145E-38,1.35616168E-39,-1.03992189E+05,-2.39962634E+03,-8.31582769E+03,-1.97923740E+02,4.33302105E+06,9.99847360E+04,4.30000000E+06,1.00000000E+05,7.76993798E+06,1.63119445E+09
4.50000000E+01,1.00000000E+00,5.59634397E-02,1.39978060E+08,1.03008395E+05,2.75995916E+06,-0.00000000E+00,-0.00000000E+00,-5.47610865E-31,-1.27141773E-32,1.24135868E+09,2.76059717E+07,1.24154106E-01,2.76100910E-03,-1.24568598E+09,-2.77035713E+07,-1.73455550E+05,-4.26172528E+03,-0.00000000E+00,-0.00000000E+00,5.99439705E-38,1.35615237E-39,-0.00000000E+00,-0.00000000E+00,5.99439705E-38,1.35615237E-39,-1.06391816E+05,-2.39962614E+03,-8.51375175E+03,-1.97923302E+02,4.43300577E+06,9.99847276E+04,4.40000000E+06,1.00000000E+05,7.76993717E+06,1.63119445E+09
4.60000000E+01,1.00000000E+00,5.59898497E-02,1.39978045E+08,1.03007992E+05,2.82403848E+06,-0.00000000E+00,-0.00000000E+00,-5.60325015E-31,-1.27141276E-32,1.26896561E+09,2.76069255E+07,1.26915211E-01,2.76110478E-03,-1.27339050E+09,-2.77045251E+07,-1.77717545E+05,-4.26209926E+03,-0.00000000E+00,-0.00000000E+00,6.13001171E-38,1.35614311E-39,-0.00000000E+00,-0.00000000E+00,6.13001171E-38,1.35614311E-39,-1.08791441E+05,-2.39962594E+03,-8.71167536E+03,-1.97922865E+02,4.53299049E+06,9.99847193E+04,4.50000000E+06,1.00000000E+05,7.76993637E+06,1.63119445E+09
4.70000000E+01,1.00000000E+00,5.60162528E-02,1.39978031E+08,1.03007590E+05,2.88811755E+06,-0.00000000E+00,-0.00000000E+00,-5.73039114E-31,-1.27140779E-32,1.29657349E+09,2.76078787E+07,1.29676411E-01,2.76120040E-03,-1.30109598E+09,-2.77054783E+07,-1.81979915E+05,-4.26247318E+03,-0.00000000E+00,-0.00000000E+00,6.26562545E-38,1.35613391E-39,-0.00000000E+00,-0.00000000E+00,6.26562545E-38,1.35613391E-39,-1.11191067E+05,-2.39962574E+03,-8.90959854E+03,-1.97922428E+02,4.63297520E+06,9.99847110E+04,4.60000000E+06,1.00000000E+05,7.76993556E+06,1.63119445E+09
4.80000000E+01,1.00000000E+00,5.60426490E-02,1.39978016E+08,1.03007187E+05,2.95219637E+06,-0.00000000E+00,-0.00000000E+00,-5.85753164E-31,-1.27140282E-32,1.32418232E+09,2.76088313E+07,1.32437707E-01,2.76129596E-03,-1.32880241E+09,-2.77064309E+07,-1.86242658E+05,-4.26284703E+03,-0.00000000E+00,-0.00000000E+00,6.40123828E-38,1.35612476E-39,-0.00000000E+00,-0.00000000E+00,6.40123828E-38,1.35612476E-39,-1.13590693E+05,-2.39962553E+03,-9.10752129E+03,-1.97921991E+02,4.73295991E+06,9.99847027E+04,4.70000000E+06,1.00000000E+05,7.76993476E+06,1.63119445E+09
4.90000000E+01,1.00000000E+00,5.60690382E-02,1.39978002E+08,1.03006784E+05,3.01627494E+06,-0.00000000E+00,-0.00000000E+00,-5.98467164E-31,-1.27139785E-32,1.35179210E+09,2.76097833E+07,1.35199098E-01,2.76139146E-03,-1.35650980E+09,-2.77073829E+07,-1.90505775E+05,-4.26322081E+03,-0.00000000E+00,-0.00000000E+00,6.53685019E-38,1.35611566E-39,-0.00000000E+00,-0.00000000E+00,6.53685019E-38,1.35611566E-39,-1.15990318E+05,-2.39962533E+03,-9.30544359E+03,-1.97921554E+02,4.83294460E+06,9.99846944E+04,4.80000000E+06,1.00000000E+05,7.76993395E+06,1.63119445E+09
5.00000000E+01,1.00000000E+00,5.60954206E-02,1.39977987E+08,1.03006382E+05,3.08035326E+06,-0.00000000E+00,-0.00000000E+00,-6.11181114E-31,-1.27139288E-32,1.37940284E+09,2.76107347E+07,1.37960585E-01,2.76148691E-03,-1.38421813E+09,-2.77083343E+07,-1.94769265E+05,-4.26359453E+03,-0.00000000E+00,-0.00000000E+00,6.67246120E-38,1.35610661E-39,-0.00000000E+00,-0.00000000E+00,6.67246120E-38,1.35610661E-39,-1.18389943E+05,-2.39962513E+03,-9.50336546E+03,-1.97921117E+02,4.93292929E+06,9.99846861E+04,4.90000000E+06,1.00000000E+05,7.76993315E+06,1.63119445E+09
