Time [d],dt_flow [d],dt_tran [d],Global Water Mass in Liquid Phas [kg],Global Vaq [mol],Global Vim [mol],Top Water Mass [kg],Top Water Mass [kg/d],Top Vaq [mol],Top Vaq [mol/d],Right Water Mass [kg],Right Water Mass [kg/d],Right Vaq [mol],Right Vaq [mol/d],Left Water Mass [kg],Left Water Mass [kg/d],Left Vaq [mol],Left Vaq [mol/d],North Water Mass [kg],North Water Mass [kg/d],North Vaq [mol],North Vaq [mol/d],South Water Mass [kg],South Water Mass [kg/d],South Vaq [mol],South Vaq [mol/d],ExtractWell Water Mass [kg],ExtractWell Water Mass [kg/d],ExtractWell Vaq [mol],ExtractWell Vaq [mol/d],InjectWell Water Mass [kg],InjectWell Water Mass [kg/d],InjectWell Vaq [mol],InjectWell Vaq [mol/d],Region Region__all Water Mass [kg],Region Region__all Total Mass [kg]
1.00000000E+00,4.89000000E-01,9.00000000E-03,1.39978471E+08,6.19306744E-03,5.77629368E-03,-0.00000000E+00,-0.00000000E+00,5.89846482E-40,9.63598533E-40,2.08203316E+07,2.08036624E+07,2.08234162E-03,2.08067450E-03,-2.08532086E+07,-2.08535431E+07,-1.33994218E-03,-8.42857369E-04,-0.00000000E+00,-0.00000000E+00,5.86187325E-40,9.57626308E-40,-0.00000000E+00,-0.00000000E+00,5.86187325E-40,9.57626308E-40,-8.08073320E+02,-1.22621139E+03,-4.49587982E-08,-4.95609931E-08,3.36699057E+04,5.10924213E+04,3.36749000E-06,5.11000000E-06,7.76995997E+06,1.63109144E+09
2.00000000E+00,4.88000000E-01,8.00000000E-03,1.39978458E+08,6.46984935E+04,2.36768478E+04,-0.00000000E+00,-0.00000000E+00,-4.69778378E-33,-7.98564090E-33,4.15770013E+07,2.07568213E+07,4.15831625E-03,2.07598982E-03,-4.17074767E+07,-2.08544191E+07,-1.88527590E-03,-3.37088245E-04,-0.00000000E+00,-0.00000000E+00,1.74321245E-39,1.28835386E-39,-0.00000000E+00,-0.00000000E+00,1.74321245E-39,1.28835386E-39,-3.20770407E+03,-2.39963071E+03,-5.69629039E-04,-5.76729481E-03,1.33655076E+05,9.99851702E+04,1.00000000E+05,1.00000000E+05,7.76995926E+06,1.63115614E+09
3.00000000E+00,1.00000000E+00,8.00000000E-03,1.39978447E+08,9.05493717E+04,7.34084159E+04,-0.00000000E+00,-0.00000000E+00,-1.45651567E-32,-1.11763779E-32,6.23343394E+07,2.07573381E+07,6.23435787E-03,2.07604162E-03,-6.25624107E+07,-2.08549340E+07,-2.11251490E-03,-2.19641076E-04,-0.00000000E+00,-0.00000000E+00,3.09714222E-39,1.39628036E-39,-0.00000000E+00,-0.00000000E+00,3.09714222E-39,1.39628036E-39,-5.60733470E+03,-2.39963063E+03,-7.37580536E-01,-2.94325992E+00,2.33640246E+05,9.99851704E+04,2.00000000E+05,1.00000000E+05,7.76995868E+06,1.63118199E+09
4.00000000E+00,1.00000000E+00,4.00000000E-02,1.39978438E+08,1.00826810E+05,1.33578008E+05,-0.00000000E+00,-0.00000000E+00,-2.65035660E-32,-1.24449074E-32,8.30921328E+07,2.07577934E+07,8.31044514E-03,2.07608727E-03,-8.34177987E+07,-2.08553880E+07,-3.96785338E-02,-1.88744262E-01,-0.00000000E+00,-0.00000000E+00,4.51417209E-39,1.42958200E-39,-0.00000000E+00,-0.00000000E+00,4.51417209E-39,1.42958200E-39,-8.00696531E+03,-2.39963061E+03,-1.20739935E+01,-2.04103776E+01,3.33625417E+05,9.99851704E+04,3.00000000E+05,1.00000000E+05,7.76995818E+06,1.63119227E+09
5.00000000E+00,1.00000000E+00,4.00000000E-02,1.39978430E+08,1.04969340E+05,1.97849067E+05,-0.00000000E+00,-0.00000000E+00,-3.92557587E-32,-1.29562140E-32,1.03850344E+08,2.07582111E+07,1.03865743E-02,2.07612916E-03,-1.04273604E+08,-2.08558050E+07,-2.99090041E+00,-9.08930889E+00,-0.00000000E+00,-0.00000000E+00,5.94986450E-39,1.43925928E-39,-0.00000000E+00,-0.00000000E+00,5.94986450E-39,1.43925928E-39,-1.04065959E+04,-2.39963060E+03,-4.02293963E+01,-3.29346188E+01,4.33610587E+05,9.99851704E+04,4.00000000E+05,1.00000000E+05,7.76995771E+06,1.63119641E+09
6.00000000E+00,1.00000000E+00,4.00000000E-02,1.39978422E+08,1.06617697E+05,2.63767459E+05,-0.00000000E+00,-0.00000000E+00,-5.23348030E-32,-1.31596683E-32,1.24608951E+08,2.07586073E+07,1.24627432E-02,2.07616890E-03,-1.25129805E+08,-2.08562008E+07,-3.74231370E+01,-6.89133864E+01,-0.00000000E+00,-0.00000000E+00,7.39070427E-39,1.44171025E-39,-0.00000000E+00,-0.00000000E+00,7.39070427E-39,1.44171025E-39,-1.28062265E+04,-2.39963060E+03,-7.49515497E+01,-3.55277730E+01,5.33595757E+05,9.99851704E+04,5.00000000E+05,1.00000000E+05,7.76995727E+06,1.63119806E+09
7.00000000E+00,1.00000000E+00,2.11025704E-02,1.39978414E+08,1.07216071E+05,3.30326204E+05,-0.00000000E+00,-0.00000000E+00,-6.55409013E-32,-1.32335247E-32,1.45367942E+08,2.07589910E+07,1.45389506E-02,2.07620739E-03,-1.45986389E+08,-2.08565843E+07,-1.66107044E+02,-1.81341276E+02,-0.00000000E+00,-0.00000000E+00,8.83275024E-39,1.44220848E-39,-0.00000000E+00,-0.00000000E+00,8.83275024E-39,1.44220848E-39,-1.52058571E+04,-2.39963060E+03,-1.10656716E+02,-3.57686332E+01,6.33580928E+05,9.99851704E+04,6.00000000E+05,1.00000000E+05,7.76995684E+06,1.63119866E+09
8.00000000E+00,1.00000000E+00,8.81492912E-02,1.39978407E+08,1.07395960E+05,3.97096327E+05,-0.00000000E+00,-0.00000000E+00,-7.87889398E-32,-1.32557282E-32,1.66127309E+08,2.07593669E+07,1.66151957E-02,2.07624509E-03,-1.66843349E+08,-2.08569600E+07,-3.98041896E+02,-2.65531218E+02,-0.00000000E+00,-0.00000000E+00,1.02750141E-38,1.44228765E-39,-0.00000000E+00,-0.00000000E+00,1.02750141E-38,1.44228765E-39,-1.76054877E+04,-2.39963060E+03,-1.46436553E+02,-3.57833596E+01,7.33566098E+05,9.99851704E+04,7.00000000E+05,1.00000000E+05,7.76995643E+06,1.63119884E+09
9.00000000E+00,1.00000000E+00,8.81493401E-02,1.39978399E+08,1.07437063E+05,4.63922614E+05,-0.00000000E+00,-0.00000000E+00,-9.20481221E-32,-1.32608015E-32,1.86887046E+08,2.07597373E+07,1.86914779E-02,2.07628224E-03,-1.87700679E+08,-2.08573302E+07,-6.85019069E+02,-2.98502717E+02,-0.00000000E+00,-0.00000000E+00,1.17173066E-38,1.44229373E-39,-0.00000000E+00,-0.00000000E+00,1.17173066E-38,1.44229373E-39,-2.00051183E+04,-2.39963060E+03,-1.82220445E+02,-3.57840473E+01,8.33551269E+05,9.99851704E+04,8.00000000E+05,1.00000000E+05,7.76995602E+06,1.63119888E+09
1.00000000E+01,1.00000000E+00,8.81493774E-02,1.39978392E+08,1.07444250E+05,5.30760203E+05,-0.00000000E+00,-0.00000000E+00,-1.05309547E-31,-1.32616885E-32,2.07647150E+08,2.07601032E+07,2.07677969E-02,2.07631894E-03,-2.08558375E+08,-2.08576960E+07,-9.89061650E+02,-3.06609747E+02,-0.00000000E+00,-0.00000000E+00,1.31595979E-38,1.44228975E-39,-0.00000000E+00,-0.00000000E+00,1.31595979E-38,1.44228975E-39,-2.24047489E+04,-2.39963060E+03,-2.18004519E+02,-3.57840836E+01,9.33536439E+05,9.99851704E+04,9.00000000E+05,1.00000000E+05,7.76995561E+06,1.63119889E+09
1.10000000E+01,1.00000000E+00,8.81494004E-02,1.39978385E+08,1.07445237E+05,5.97599563E+05,-0.00000000E+00,-0.00000000E+00,-1.18571323E-31,-1.32618104E-32,2.28407615E+08,2.07604652E+07,2.28441521E-02,2.07635526E-03,-2.29416433E+08,-2.08580580E+07,-1.29666343E+03,-3.08016248E+02,-0.00000000E+00,-0.00000000E+00,1.46018845E-38,1.44228465E-39,-0.00000000E+00,-0.00000000E+00,1.46018845E-38,1.44228465E-39,-2.48043795E+04,-2.39963060E+03,-2.53788609E+02,-3.57840933E+01,1.03352161E+06,9.99851704E+04,1.00000000E+06,1.00000000E+05,7.76995521E+06,1.63119889E+09
1.20000000E+01,1.00000000E+00,8.81494180E-02,1.39978378E+08,1.07445345E+05,6.64439145E+05,-0.00000000E+00,-0.00000000E+00,-1.31833143E-31,-1.32618237E-32,2.49168439E+08,2.07608238E+07,2.49205433E-02,2.07639122E-03,-2.50274849E+08,-2.08584165E+07,-1.60481244E+03,-3.08200082E+02,-0.00000000E+00,-0.00000000E+00,1.60441659E-38,1.44227947E-39,-0.00000000E+00,-0.00000000E+00,1.60441659E-38,1.44227947E-39,-2.72040101E+04,-2.39963060E+03,-2.89572707E+02,-3.57841014E+01,1.13350678E+06,9.99851704E+04,1.10000000E+06,1.00000000E+05,7.76995481E+06,1.63119889E+09
1.30000000E+01,1.00000000E+00,8.81494322E-02,1.39978371E+08,1.07445355E+05,7.31278750E+05,-0.00000000E+00,-0.00000000E+00,-1.45094968E-31,-1.32618249E-32,2.69929618E+08,2.07611791E+07,2.69969702E-02,2.07642686E-03,-2.71133621E+08,-2.08587717E+07,-1.91302648E+03,-3.08219122E+02,-0.00000000E+00,-0.00000000E+00,1.74864421E-38,1.44227432E-39,-0.00000000E+00,-0.00000000E+00,1.74864421E-38,1.44227432E-39,-2.96036407E+04,-2.39963060E+03,-3.25356813E+02,-3.57841088E+01,1.23349195E+06,9.99851704E+04,1.20000000E+06,1.00000000E+05,7.76995442E+06,1.63119889E+09
1.40000000E+01,1.00000000E+00,8.81494443E-02,1.39978364E+08,1.07445356E+05,7.98118357E+05,-0.00000000E+00,-0.00000000E+00,-1.58356793E-31,-1.32618250E-32,2.90691149E+08,2.07615314E+07,2.90734324E-02,2.07646221E-03,-2.91992745E+08,-2.08591240E+07,-2.22124679E+03,-3.08220772E+02,-0.00000000E+00,-0.00000000E+00,1.89287132E-38,1.44226921E-39,-0.00000000E+00,-0.00000000E+00,1.89287132E-38,1.44226921E-39,-3.20032713E+04,-2.39963060E+03,-3.61140925E+02,-3.57841158E+01,1.33347712E+06,9.99851704E+04,1.30000000E+06,1.00000000E+05,7.76995402E+06,1.63119889E+09
1.50000000E+01,1.00000000E+00,8.81494548E-02,1.39978357E+08,1.07445356E+05,8.64957964E+05,-0.00000000E+00,-0.00000000E+00,-1.71618618E-31,-1.32618250E-32,3.11453030E+08,2.07618809E+07,3.11499297E-02,2.07649727E-03,-3.12852219E+08,-2.08594735E+07,-2.52946762E+03,-3.08220915E+02,-0.00000000E+00,-0.00000000E+00,2.03709792E-38,1.44226413E-39,-0.00000000E+00,-0.00000000E+00,2.03709792E-38,1.44226413E-39,-3.44029019E+04,-2.39963060E+03,-3.96925045E+02,-3.57841223E+01,1.43346229E+06,9.99851704E+04,1.40000000E+06,1.00000000E+05,7.76995364E+06,1.63119889E+09
1.60000000E+01,1.00000000E+00,8.81494638E-02,1.39978350E+08,1.07445356E+05,9.31797570E+05,-0.00000000E+00,-0.00000000E+00,-1.84880443E-31,-1.32618250E-32,3.32215258E+08,2.07622278E+07,3.32264617E-02,2.07653206E-03,-3.33712039E+08,-2.08598203E+07,-2.83768851E+03,-3.08220942E+02,-0.00000000E+00,-0.00000000E+00,2.18132402E-38,1.44225909E-39,-0.00000000E+00,-0.00000000E+00,2.18132402E-38,1.44225909E-39,-3.68025325E+04,-2.39963060E+03,-4.32709171E+02,-3.57841284E+01,1.53344746E+06,9.99851704E+04,1.50000000E+06,1.00000000E+05,7.76995325E+06,1.63119889E+09
1.70000000E+01,1.00000000E+00,8.81494721E-02,1.39978343E+08,1.07445356E+05,9.98637177E+05,-0.00000000E+00,-0.00000000E+00,-1.98142268E-31,-1.32618250E-32,3.52977830E+08,2.07625721E+07,3.53030283E-02,2.07656660E-03,-3.54572204E+08,-2.08601646E+07,-3.14590943E+03,-3.08220958E+02,-0.00000000E+00,-0.00000000E+00,2.32554961E-38,1.44225408E-39,-0.00000000E+00,-0.00000000E+00,2.32554961E-38,1.44225408E-39,-3.92021631E+04,-2.39963060E+03,-4.68493303E+02,-3.57841343E+01,1.63343263E+06,9.99851704E+04,1.60000000E+06,1.00000000E+05,7.76995287E+06,1.63119889E+09
1.80000000E+01,1.00000000E+00,8.81494794E-02,1.39978336E+08,1.07445356E+05,1.06547678E+06,-0.00000000E+00,-0.00000000E+00,-2.11404093E-31,-1.32618250E-32,3.73740744E+08,2.07629141E+07,3.73796292E-02,2.07660090E-03,-3.75432710E+08,-2.08605064E+07,-3.45413036E+03,-3.08220970E+02,-0.00000000E+00,-0.00000000E+00,2.46977471E-38,1.44224910E-39,-0.00000000E+00,-0.00000000E+00,2.46977471E-38,1.44224910E-39,-4.16017937E+04,-2.39963060E+03,-5.04277440E+02,-3.57841398E+01,1.73341780E+06,9.99851704E+04,1.70000000E+06,1.00000000E+05,7.76995249E+06,1.63119889E+09
1.90000000E+01,1.00000000E+00,8.81494861E-02,1.39978329E+08,1.07445355E+05,1.13231639E+06,-0.00000000E+00,-0.00000000E+00,-2.24665918E-31,-1.32618250E-32,3.94503998E+08,2.07632537E+07,3.94562642E-02,2.07663497E-03,-3.96293556E+08,-2.08608460E+07,-3.76235130E+03,-3.08220980E+02,-0.00000000E+00,-0.00000000E+00,2.61399931E-38,1.44224416E-39,-0.00000000E+00,-0.00000000E+00,2.61399931E-38,1.44224416E-39,-4.40014242E+04,-2.39963060E+03,-5.40061583E+02,-3.57841450E+01,1.83340297E+06,9.99851704E+04,1.80000000E+06,1.00000000E+05,7.76995211E+06,1.63119889E+09
2.00000000E+01,1.00000000E+00,8.81494922E-02,1.39978322E+08,1.07445355E+05,1.19915600E+06,-0.00000000E+00,-0.00000000E+00,-2.37927743E-31,-1.32618250E-32,4.15267589E+08,2.07635911E+07,4.15329330E-02,2.07666882E-03,-4.17154740E+08,-2.08611834E+07,-4.07057225E+03,-3.08220988E+02,-0.00000000E+00,-0.00000000E+00,2.75822341E-38,1.44223925E-39,-0.00000000E+00,-0.00000000E+00,2.75822341E-38,1.44223925E-39,-4.64010548E+04,-2.39963060E+03,-5.75845731E+02,-3.57841501E+01,1.93338814E+06,9.99851704E+04,1.90000000E+06,1.00000000E+05,7.76995174E+06,1.63119889E+09
2.10000000E+01,1.00000000E+00,8.81494979E-02,1.39978316E+08,1.07445355E+05,1.26599560E+06,-0.00000000E+00,-0.00000000E+00,-2.51189568E-31,-1.32618250E-32,4.36031515E+08,2.07639265E+07,4.36096355E-02,2.07670245E-03,-4.38016258E+08,-2.08615187E+07,-4.37879321E+03,-3.08220994E+02,-0.00000000E+00,-0.00000000E+00,2.90244703E-38,1.44223437E-39,-0.00000000E+00,-0.00000000E+00,2.90244703E-38,1.44223437E-39,-4.88006854E+04,-2.39963060E+03,-6.11629884E+02,-3.57841549E+01,2.03337331E+06,9.99851704E+04,2.00000000E+06,1.00000000E+05,7.76995136E+06,1.63119889E+09
2.20000000E+01,1.00000000E+00,8.81495032E-02,1.39978309E+08,1.07445355E+05,1.33283521E+06,-0.00000000E+00,-0.00000000E+00,-2.64451393E-31,-1.32618250E-32,4.56795775E+08,2.07642598E+07,4.56863714E-02,2.07673589E-03,-4.58878110E+08,-2.08618520E+07,-4.68701418E+03,-3.08220999E+02,-0.00000000E+00,-0.00000000E+00,3.04667016E-38,1.44222953E-39,-0.00000000E+00,-0.00000000E+00,3.04667016E-38,1.44222953E-39,-5.12003160E+04,-2.39963060E+03,-6.47414042E+02,-3.57841595E+01,2.13335848E+06,9.99851704E+04,2.10000000E+06,1.00000000E+05,7.76995099E+06,1.63119889E+09
2.30000000E+01,1.00000000E+00,8.81495081E-02,1.39978302E+08,1.07445355E+05,1.39967482E+06,-0.00000000E+00,-0.00000000E+00,-2.77713218E-31,-1.32618250E-32,4.77560366E+08,2.07645911E+07,4.77631405E-02,2.07676913E-03,-4.79740294E+08,-2.08621833E+07,-4.99523516E+03,-3.08221003E+02,-0.00000000E+00,-0.00000000E+00,3.19089281E-38,1.44222471E-39,-0.00000000E+00,-0.00000000E+00,3.19089281E-38,1.44222471E-39,-5.35999466E+04,-2.39963060E+03,-6.83198204E+02,-3.57841639E+01,2.23334365E+06,9.99851704E+04,2.20000000E+06,1.00000000E+05,7.76995062E+06,1.63119889E+09
2.40000000E+01,1.00000000E+00,8.81495127E-02,1.39978296E+08,1.07445355E+05,1.46651442E+06,-0.00000000E+00,-0.00000000E+00,-2.90975043E-31,-1.32618250E-32,4.98325287E+08,2.07649206E+07,4.98399427E-02,2.07680218E-03,-5.00602806E+08,-2.08625128E+07,-5.30345613E+03,-3.08221006E+02,-0.00000000E+00,-0.00000000E+00,3.33511498E-38,1.44221993E-39,-0.00000000E+00,-0.00000000E+00,3.33511498E-38,1.44221993E-39,-5.59995772E+04,-2.39963060E+03,-7.18982370E+02,-3.57841681E+01,2.33332882E+06,9.99851704E+04,2.30000000E+06,1.00000000E+05,7.76995026E+06,1.63119889E+09
2.50000000E+01,1.00000000E+00,8.81495169E-02,1.39978289E+08,1.07445355E+05,1.53335403E+06,-0.00000000E+00,-0.00000000E+00,-3.04236868E-31,-1.32618250E-32,5.19090535E+08,2.07652483E+07,5.19167777E-02,2.07683504E-03,-5.21465647E+08,-2.08628404E+07,-5.61167712E+03,-3.08221009E+02,-0.00000000E+00,-0.00000000E+00,3.47933668E-38,1.44221518E-39,-0.00000000E+00,-0.00000000E+00,3.47933668E-38,1.44221518E-39,-5.83992078E+04,-2.39963060E+03,-7.54766541E+02,-3.57841722E+01,2.43331399E+06,9.99851704E+04,2.40000000E+06,1.00000000E+05,7.76994989E+06,1.63119889E+09
2.60000000E+01,1.00000000E+00,8.81495210E-02,1.39978283E+08,1.07445355E+05,1.60019364E+06,-0.00000000E+00,-0.00000000E+00,-3.17498693E-31,-1.32618250E-32,5.39856109E+08,2.07655742E+07,5.39936454E-02,2.07686774E-03,-5.42328813E+08,-2.08631662E+07,-5.91989810E+03,-3.08221011E+02,-0.00000000E+00,-0.00000000E+00,3.62355790E-38,1.44221045E-39,-0.00000000E+00,-0.00000000E+00,3.62355790E-38,1.44221045E-39,-6.07988384E+04,-2.39963060E+03,-7.90550715E+02,-3.57841762E+01,2.53329917E+06,9.99851704E+04,2.50000000E+06,1.00000000E+05,7.76994953E+06,1.63119889E+09
2.70000000E+01,1.00000000E+00,8.81495248E-02,1.39978276E+08,1.07445355E+05,1.66703324E+06,-0.00000000E+00,-0.00000000E+00,-3.30760518E-31,-1.32618250E-32,5.60622008E+08,2.07658984E+07,5.60705457E-02,2.07690025E-03,-5.63192303E+08,-2.08634904E+07,-6.22811909E+03,-3.08221012E+02,-0.00000000E+00,-0.00000000E+00,3.76777865E-38,1.44220576E-39,-0.00000000E+00,-0.00000000E+00,3.76777865E-38,1.44220576E-39,-6.31984690E+04,-2.39963060E+03,-8.26334894E+02,-3.57841800E+01,2.63328434E+06,9.99851704E+04,2.60000000E+06,1.00000000E+05,7.76994917E+06,1.63119889E+09
2.80000000E+01,1.00000000E+00,8.81495284E-02,1.39978270E+08,1.07445355E+05,1.73387285E+06,-0.00000000E+00,-0.00000000E+00,-3.44022343E-31,-1.32618250E-32,5.81388229E+08,2.07662209E+07,5.81474783E-02,2.07693261E-03,-5.84056116E+08,-2.08638129E+07,-6.53634008E+03,-3.08221013E+02,-0.00000000E+00,-0.00000000E+00,3.91199893E-38,1.44220110E-39,-0.00000000E+00,-0.00000000E+00,3.91199893E-38,1.44220110E-39,-6.55980996E+04,-2.39963060E+03,-8.62119076E+02,-3.57841837E+01,2.73326951E+06,9.99851704E+04,2.70000000E+06,1.00000000E+05,7.76994881E+06,1.63119889E+09
2.90000000E+01,1.00000000E+00,8.81495319E-02,1.39978263E+08,1.07445355E+05,1.80071246E+06,-0.00000000E+00,-0.00000000E+00,-3.57284168E-31,-1.32618250E-32,6.02154770E+08,2.07665418E+07,6.02244431E-02,2.07696480E-03,-6.04920250E+08,-2.08641338E+07,-6.84456108E+03,-3.08221013E+02,-0.00000000E+00,-0.00000000E+00,4.05621875E-38,1.44219649E-39,-0.00000000E+00,-0.00000000E+00,4.05621875E-38,1.44219649E-39,-6.79977302E+04,-2.39963060E+03,-8.97903262E+02,-3.57841873E+01,2.83325468E+06,9.99851704E+04,2.80000000E+06,1.00000000E+05,7.76994845E+06,1.63119889E+09
3.00000000E+01,1.00000000E+00,8.81495351E-02,1.39978257E+08,1.07445355E+05,1.86755207E+06,-0.00000000E+00,-0.00000000E+00,-3.70545993E-31,-1.32618250E-32,6.22921632E+08,2.07668612E+07,6.23014399E-02,2.07699683E-03,-6.25784703E+08,-2.08644531E+07,-7.15278207E+03,-3.08221013E+02,-0.00000000E+00,-0.00000000E+00,4.20043811E-38,1.44219190E-39,-0.00000000E+00,-0.00000000E+00,4.20043811E-38,1.44219190E-39,-7.03973608E+04,-2.39963060E+03,-9.33687451E+02,-3.57841908E+01,2.93323985E+06,9.99851704E+04,2.90000000E+06,1.00000000E+05,7.76994810E+06,1.63119889E+09
3.10000000E+01,1.00000000E+00,8.81495382E-02,1.39978250E+08,1.07445355E+05,1.93439167E+06,-0.00000000E+00,-0.00000000E+00,-3.83807818E-31,-1.32618250E-32,6.43688810E+08,2.07671790E+07,6.43784687E-02,2.07702872E-03,-6.46649474E+08,-2.08647709E+07,-7.46100306E+03,-3.08221013E+02,-0.00000000E+00,-0.00000000E+00,4.34465702E-38,1.44218732E-39,-0.00000000E+00,-0.00000000E+00,4.34465702E-38,1.44218732E-39,-7.27969914E+04,-2.39963060E+03,-9.69471644E+02,-3.57841941E+01,3.03322502E+06,9.99851704E+04,3.00000000E+06,1.00000000E+05,7.76994775E+06,1.63119889E+09
3.20000000E+01,1.00000000E+00,8.81495412E-02,1.39978244E+08,1.07445355E+05,2.00123128E+06,-0.00000000E+00,-0.00000000E+00,-3.97069643E-31,-1.32618250E-32,6.64456306E+08,2.07674953E+07,6.64555291E-02,2.07706045E-03,-6.67514561E+08,-2.08650872E+07,-7.76922406E+03,-3.08221013E+02,-0.00000000E+00,-0.00000000E+00,4.48887546E-38,1.44218278E-39,-0.00000000E+00,-0.00000000E+00,4.48887546E-38,1.44218278E-39,-7.51966220E+04,-2.39963060E+03,-1.00525584E+03,-3.57841974E+01,3.13321019E+06,9.99851704E+04,3.10000000E+06,1.00000000E+05,7.76994739E+06,1.63119889E+09
3.30000000E+01,1.00000000E+00,8.81495440E-02,1.39978238E+08,1.07445355E+05,2.06807089E+06,-0.00000000E+00,-0.00000000E+00,-4.10331468E-31,-1.32618250E-32,6.85224116E+08,2.07678102E+07,6.85326211E-02,2.07709204E-03,-6.88379963E+08,-2.08654021E+07,-8.07744505E+03,-3.08221013E+02,-0.00000000E+00,-0.00000000E+00,4.63309346E-38,1.44217825E-39,-0.00000000E+00,-0.00000000E+00,4.63309346E-38,1.44217825E-39,-7.75962526E+04,-2.39963060E+03,-1.04104004E+03,-3.57842006E+01,3.23319536E+06,9.99851704E+04,3.20000000E+06,1.00000000E+05,7.76994704E+06,1.63119889E+09
3.40000000E+01,1.00000000E+00,8.81495467E-02,1.39978231E+08,1.07445355E+05,2.13491049E+06,-0.00000000E+00,-0.00000000E+00,-4.23593293E-31,-1.32618250E-32,7.05992240E+08,2.07681237E+07,7.06097446E-02,2.07712348E-03,-7.09245679E+08,-2.08657155E+07,-8.38566604E+03,-3.08221012E+02,-0.00000000E+00,-0.00000000E+00,4.77731100E-38,1.44217376E-39,-0.00000000E+00,-0.00000000E+00,4.77731100E-38,1.44217376E-39,-7.99958832E+04,-2.39963060E+03,-1.07682424E+03,-3.57842037E+01,3.33318053E+06,9.99851704E+04,3.30000000E+06,1.00000000E+05,7.76994669E+06,1.63119889E+09
3.50000000E+01,1.00000000E+00,8.81495494E-02,1.39978225E+08,1.07445355E+05,2.20175010E+06,-0.00000000E+00,-0.00000000E+00,-4.36855118E-31,-1.32618250E-32,7.26760675E+08,2.07684358E+07,7.26868994E-02,2.07715479E-03,-7.30111706E+08,-2.08660276E+07,-8.69388704E+03,-3.08221012E+02,-0.00000000E+00,-0.00000000E+00,4.92152809E-38,1.44216929E-39,-0.00000000E+00,-0.00000000E+00,4.92152809E-38,1.44216929E-39,-8.23955138E+04,-2.39963060E+03,-1.11260845E+03,-3.57842068E+01,3.43316570E+06,9.99851704E+04,3.40000000E+06,1.00000000E+05,7.76994635E+06,1.63119889E+09
3.60000000E+01,1.00000000E+00,8.81495519E-02,1.39978219E+08,1.07445355E+05,2.26858971E+06,-0.00000000E+00,-0.00000000E+00,-4.50116943E-31,-1.32618250E-32,7.47529422E+08,2.07687465E+07,7.47640854E-02,2.07718596E-03,-7.50978044E+08,-2.08663383E+07,-9.00210803E+03,-3.08221012E+02,-0.00000000E+00,-0.00000000E+00,5.06574474E-38,1.44216485E-39,-0.00000000E+00,-0.00000000E+00,5.06574474E-38,1.44216485E-39,-8.47951444E+04,-2.39963060E+03,-1.14839266E+03,-3.57842097E+01,3.53315087E+06,9.99851704E+04,3.50000000E+06,1.00000000E+05,7.76994600E+06,1.63119889E+09
3.70000000E+01,1.00000000E+00,8.81495543E-02,1.39978213E+08,1.07445355E+05,2.33542932E+06,-0.00000000E+00,-0.00000000E+00,-4.63378768E-31,-1.32618250E-32,7.68298478E+08,2.07690559E+07,7.68413024E-02,2.07721699E-03,-7.71844692E+08,-2.08666476E+07,-9.31032903E+03,-3.08221011E+02,-0.00000000E+00,-0.00000000E+00,5.20996095E-38,1.44216043E-39,-0.00000000E+00,-0.00000000E+00,5.20996095E-38,1.44216043E-39,-8.71947750E+04,-2.39963060E+03,-1.18417687E+03,-3.57842126E+01,3.63313604E+06,9.99851704E+04,3.60000000E+06,1.00000000E+05,7.76994566E+06,1.63119889E+09
3.80000000E+01,1.00000000E+00,8.81495566E-02,1.39978207E+08,1.07445355E+05,2.40226892E+06,-0.00000000E+00,-0.00000000E+00,-4.76640593E-31,-1.32618250E-32,7.89067842E+08,2.07693640E+07,7.89185503E-02,2.07724790E-03,-7.92711648E+08,-2.08669557E+07,-9.61855002E+03,-3.08221011E+02,-0.00000000E+00,-0.00000000E+00,5.35417672E-38,1.44215604E-39,-0.00000000E+00,-0.00000000E+00,5.35417672E-38,1.44215604E-39,-8.95944056E+04,-2.39963060E+03,-1.21996108E+03,-3.57842154E+01,3.73312121E+06,9.99851704E+04,3.70000000E+06,1.00000000E+05,7.76994531E+06,1.63119889E+09
3.90000000E+01,1.00000000E+00,8.81495589E-02,1.39978200E+08,1.07445355E+05,2.46910853E+06,-0.00000000E+00,-0.00000000E+00,-4.89902418E-31,-1.32618250E-32,8.09837513E+08,2.07696708E+07,8.09958289E-02,2.07727868E-03,-8.13578910E+08,-2.08672625E+07,-9.92677102E+03,-3.08221010E+02,-0.00000000E+00,-0.00000000E+00,5.49839205E-38,1.44215168E-39,-0.00000000E+00,-0.00000000E+00,5.49839205E-38,1.44215168E-39,-9.19940362E+04,-2.39963060E+03,-1.25574530E+03,-3.57842182E+01,3.83310638E+06,9.99851704E+04,3.80000000E+06,1.00000000E+05,7.76994497E+06,1.63119889E+09
4.00000000E+01,1.00000000E+00,8.81495611E-02,1.39978194E+08,1.07445355E+05,2.53594814E+06,-0.00000000E+00,-0.00000000E+00,-5.03164243E-31,-1.32618250E-32,8.30607489E+08,2.07699764E+07,8.30731383E-02,2.07730933E-03,-8.34446478E+08,-2.08675681E+07,-1.02349920E+04,-3.08221009E+02,-0.00000000E+00,-0.00000000E+00,5.64260695E-38,1.44214735E-39,-0.00000000E+00,-0.00000000E+00,5.64260695E-38,1.44214735E-39,-9.43936668E+04,-2.39963060E+03,-1.29152952E+03,-3.57842209E+01,3.93309155E+06,9.99851704E+04,3.90000000E+06,1.00000000E+05,7.76994463E+06,1.63119889E+09
4.10000000E+01,1.00000000E+00,8.81495632E-02,1.39978188E+08,1.07445355E+05,2.60278774E+06,-0.00000000E+00,-0.00000000E+00,-5.16426068E-31,-1.32618250E-32,8.51377770E+08,2.07702808E+07,8.51504781E-02,2.07733987E-03,-8.55314351E+08,-2.08678725E+07,-1.05432130E+04,-3.08221008E+02,-0.00000000E+00,-0.00000000E+00,5.78682141E-38,1.44214303E-39,-0.00000000E+00,-0.00000000E+00,5.78682141E-38,1.44214303E-39,-9.67932974E+04,-2.39963060E+03,-1.32731374E+03,-3.57842235E+01,4.03307672E+06,9.99851704E+04,4.00000000E+06,1.00000000E+05,7.76994429E+06,1.63119889E+09
4.20000000E+01,1.00000000E+00,8.81495652E-02,1.39978182E+08,1.07445355E+05,2.66962735E+06,-0.00000000E+00,-0.00000000E+00,-5.29687893E-31,-1.32618250E-32,8.72148354E+08,2.07705840E+07,8.72278484E-02,2.07737028E-03,-8.76182527E+08,-2.08681756E+07,-1.08514340E+04,-3.08221007E+02,-0.00000000E+00,-0.00000000E+00,5.93103544E-38,1.44213875E-39,-0.00000000E+00,-0.00000000E+00,5.93103544E-38,1.44213875E-39,-9.91929280E+04,-2.39963060E+03,-1.36309797E+03,-3.57842261E+01,4.13306189E+06,9.99851704E+04,4.10000000E+06,1.00000000E+05,7.76994396E+06,1.63119889E+09
4.30000000E+01,1.00000000E+00,8.81495672E-02,1.39978176E+08,1.07445355E+05,2.73646696E+06,-0.00000000E+00,-0.00000000E+00,-5.42949718E-31,-1.32618250E-32,8.92919240E+08,2.07708860E+07,8.93052490E-02,2.07740057E-03,-8.97051004E+08,-2.08684776E+07,-1.11596550E+04,-3.08221006E+02,-0.00000000E+00,-0.00000000E+00,6.07524905E-38,1.44213449E-39,-0.00000000E+00,-0.00000000E+00,6.07524905E-38,1.44213449E-39,-1.01592559E+05,-2.39963060E+03,-1.39888219E+03,-3.57842286E+01,4.23304706E+06,9.99851704E+04,4.20000000E+06,1.00000000E+05,7.76994362E+06,1.63119889E+09
4.40000000E+01,1.00000000E+00,8.81495691E-02,1.39978170E+08,1.07445355E+05,2.80330656E+06,-0.00000000E+00,-0.00000000E+00,-5.56211543E-31,-1.32618250E-32,9.13690427E+08,2.07711868E+07,9.13826797E-02,2.07743075E-03,-9.17919782E+08,-2.08687784E+07,-1.14678760E+04,-3.08221005E+02,-0.00000000E+00,-0.00000000E+00,6.21946223E-38,1.44213025E-39,-0.00000000E+00,-0.00000000E+00,6.21946223E-38,1.44213025E-39,-1.03992189E+05,-2.39963060E+03,-1.43466642E+03,-3.57842310E+01,4.33303223E+06,9.99851704E+04,4.30000000E+06,1.00000000E+05,7.76994328E+06,1.63119889E+09
4.50000000E+01,1.00000000E+00,8.81495710E-02,1.39978164E+08,1.07445355E+05,2.87014617E+06,-0.00000000E+00,-0.00000000E+00,-5.69473368E-31,-1.32618250E-32,9.34461913E+08,2.07714865E+07,9.34601406E-02,2.07746081E-03,-9.38788861E+08,-2.08690781E+07,-1.17760970E+04,-3.08221004E+02,-0.00000000E+00,-0.00000000E+00,6.36367500E-38,1.44212604E-39,-0.00000000E+00,-0.00000000E+00,6.36367500E-38,1.44212604E-39,-1.06391820E+05,-2.39963060E+03,-1.47045066E+03,-3.57842335E+01,4.43301740E+06,9.99851704E+04,4.40000000E+06,1.00000000E+05,7.76994295E+06,1.63119889E+09
4.60000000E+01,1.00000000E+00,8.81495728E-02,1.39978158E+08,1.07445355E+05,2.93698578E+06,-0.00000000E+00,-0.00000000E+00,-5.82735192E-31,-1.32618250E-32,9.55233698E+08,2.07717851E+07,9.55376313E-02,2.07749077E-03,-9.59658237E+08,-2.08693766E+07,-1.20843180E+04,-3.08221003E+02,-0.00000000E+00,-0.00000000E+00,6.50788734E-38,1.44212185E-39,-0.00000000E+00,-0.00000000E+00,6.50788734E-38,1.44212185E-39,-1.08791450E+05,-2.39963060E+03,-1.50623489E+03,-3.57842358E+01,4.53300257E+06,9.99851704E+04,4.50000000E+06,1.00000000E+05,7.76994262E+06,1.63119889E+09
4.70000000E+01,1.00000000E+00,8.81495745E-02,1.39978152E+08,1.07445355E+05,3.00382538E+06,-0.00000000E+00,-0.00000000E+00,-5.95997017E-31,-1.32618250E-32,9.76005781E+08,2.07720826E+07,9.76151519E-02,2.07752061E-03,-9.80527911E+08,-2.08696741E+07,-1.23925390E+04,-3.08221002E+02,-0.00000000E+00,-0.00000000E+00,6.65209926E-38,1.44211769E-39,-0.00000000E+00,-0.00000000E+00,6.65209926E-38,1.44211769E-39,-1.11191081E+05,-2.39963060E+03,-1.54201913E+03,-3.57842382E+01,4.63298774E+06,9.99851704E+04,4.60000000E+06,1.00000000E+05,7.76994229E+06,1.63119889E+09
4.80000000E+01,1.00000000E+00,8.81495763E-02,1.39978146E+08,1.07445355E+05,3.07066499E+06,-0.00000000E+00,-0.00000000E+00,-6.09258842E-31,-1.32618250E-32,9.96778160E+08,2.07723790E+07,9.96927023E-02,2.07755034E-03,-1.00139788E+09,-2.08699705E+07,-1.27007599E+04,-3.08221001E+02,-0.00000000E+00,-0.00000000E+00,6.79631077E-38,1.44211355E-39,-0.00000000E+00,-0.00000000E+00,6.79631077E-38,1.44211355E-39,-1.13590712E+05,-2.39963060E+03,-1.57780337E+03,-3.57842405E+01,4.73297291E+06,9.99851704E+04,4.70000000E+06,1.00000000E+05,7.76994195E+06,1.63119889E+09
4.90000000E+01,1.00000000E+00,8.81495779E-02,1.39978140E+08,1.07445355E+05,3.13750460E+06,-0.00000000E+00,-0.00000000E+00,-6.22520667E-31,-1.32618250E-32,1.01755083E+09,2.07726743E+07,1.01770282E-01,2.07757997E-03,-1.02226815E+09,-2.08702658E+07,-1.30089809E+04,-3.08221000E+02,-0.00000000E+00,-0.00000000E+00,6.94052187E-38,1.44210944E-39,-0.00000000E+00,-0.00000000E+00,6.94052187E-38,1.44210944E-39,-1.15990342E+05,-2.39963060E+03,-1.61358761E+03,-3.57842427E+01,4.83295808E+06,9.99851704E+04,4.80000000E+06,1.00000000E+05,7.76994163E+06,1.63119889E+09
5.00000000E+01,1.00000000E+00,8.81495796E-02,1.39978134E+08,1.07445355E+05,3.20434420E+06,-0.00000000E+00,-0.00000000E+00,-6.35782492E-31,-1.32618250E-32,1.03832380E+09,2.07729686E+07,1.03847892E-01,2.07760949E-03,-1.04313871E+09,-2.08705600E+07,-1.33172019E+04,-3.08220999E+02,-0.00000000E+00,-0.00000000E+00,7.08473255E-38,1.44210535E-39,-0.00000000E+00,-0.00000000E+00,7.08473255E-38,1.44210535E-39,-1.18389973E+05,-2.39963060E+03,-1.64937185E+03,-3.57842449E+01,4.93294325E+06,9.99851704E+04,4.90000000E+06,1.00000000E+05,7.76994130E+06,1.63119889E+09
