Time [d],dt_flow [d],dt_tran [d],Global Water Mass in Liquid Phas [kg],Global Vaq [mol],Global Vim [mol],Top Water Mass [kg],Top Water Mass [kg/d],Top Vaq [mol],Top Vaq [mol/d],Right Water Mass [kg],Right Water Mass [kg/d],Right Vaq [mol],Right Vaq [mol/d],Left Water Mass [kg],Left Water Mass [kg/d],Left Vaq [mol],Left Vaq [mol/d],North Water Mass [kg],North Water Mass [kg/d],North Vaq [mol],North Vaq [mol/d],South Water Mass [kg],South Water Mass [kg/d],South Vaq [mol],South Vaq [mol/d],ExtractWell Water Mass [kg],ExtractWell Water Mass [kg/d],ExtractWell Vaq [mol],ExtractWell Vaq [mol/d],InjectWell Water Mass [kg],InjectWell Water Mass [kg/d],InjectWell Vaq [mol],InjectWell Vaq [mol/d],Region Region__all Water Mass [kg],Region Region__all Total Mass [kg]
1.00000000E+00,4.89000000E-01,9.00000000E-03,1.39978219E+08,6.01459208E-03,5.72928499E-03,-0.00000000E+00,-0.00000000E+00,5.99173603E-40,9.85627491E-40,1.38691011E+07,1.38522603E+07,1.38712072E-03,1.38543639E-03,-1.39019698E+07,-1.39021330E+07,-8.93285284E-04,-5.61896150E-04,-0.00000000E+00,-0.00000000E+00,5.95456767E-40,9.79519359E-40,-0.00000000E+00,-0.00000000E+00,5.95456767E-40,9.79519359E-40,-8.08071862E+02,-1.22620919E+03,-4.49587841E-08,-4.95607169E-08,3.36697831E+04,5.10922354E+04,3.36749000E-06,5.11000000E-06,7.76994598E+06,1.63109144E+09
2.00000000E+00,4.88000000E-01,8.00000000E-03,1.39978212E+08,6.46984936E+04,2.36768475E+04,-0.00000000E+00,-0.00000000E+00,-4.69778374E-33,-7.98564091E-33,2.76740424E+07,1.38049915E+07,2.76782452E-03,1.38070883E-03,-2.78045025E+07,-1.39025828E+07,-1.25683366E-03,-2.24720005E-04,-0.00000000E+00,-0.00000000E+00,1.78957869E-39,1.33883443E-39,-0.00000000E+00,-0.00000000E+00,1.78957869E-39,1.33883443E-39,-3.20769837E+03,-2.39962648E+03,-2.36274043E-06,-2.52725358E-05,1.33654589E+05,9.99848059E+04,1.00000000E+05,1.00000000E+05,7.76994563E+06,1.63115614E+09
3.00000000E+00,1.00000000E+00,8.00000000E-03,1.39978207E+08,9.05319194E+04,7.34206064E+04,-0.00000000E+00,-0.00000000E+00,-1.45675755E-32,-1.11742238E-32,4.14792123E+07,1.38051699E+07,4.14855123E-03,1.38072671E-03,-4.17072630E+07,-1.39027605E+07,-1.40199732E-03,-9.00846302E-05,-0.00000000E+00,-0.00000000E+00,3.20493523E-39,1.46616709E-39,-0.00000000E+00,-0.00000000E+00,3.20493523E-39,1.46616709E-39,-5.60732478E+03,-2.39962641E+03,-1.26279002E-02,-6.38493040E-02,2.33639395E+05,9.99848060E+04,2.00000000E+05,1.00000000E+05,7.76994533E+06,1.63118197E+09
4.00000000E+00,1.00000000E+00,4.00000000E-02,1.39978202E+08,1.00827449E+05,1.33585259E+05,-0.00000000E+00,-0.00000000E+00,-2.65050047E-32,-1.24449863E-32,5.52845404E+07,1.38053281E+07,5.52929379E-03,1.38074256E-03,-5.56101810E+07,-1.39029180E+07,-1.46314818E-03,-5.64973404E-05,-0.00000000E+00,-0.00000000E+00,4.69822880E-39,1.51050141E-39,-0.00000000E+00,-0.00000000E+00,4.69822880E-39,1.51050141E-39,-8.00695115E+03,-2.39962637E+03,-6.58828533E-01,-1.67647649E+00,3.33624201E+05,9.99848060E+04,3.00000000E+05,1.00000000E+05,7.76994507E+06,1.63119227E+09
5.00000000E+00,1.00000000E+00,4.00000000E-02,1.39978198E+08,1.04987722E+05,1.97862552E+05,-0.00000000E+00,-0.00000000E+00,-3.92584342E-32,-1.29584828E-32,6.90900104E+07,1.38054700E+07,6.91005058E-03,1.38075679E-03,-6.95132404E+07,-1.39030594E+07,-2.57619334E-03,-4.52717867E-03,-0.00000000E+00,-0.00000000E+00,6.21817307E-39,1.52588756E-39,-0.00000000E+00,-0.00000000E+00,6.21817307E-39,1.52588756E-39,-1.04065775E+04,-2.39962635E+03,-4.72763268E+00,-6.54626742E+00,4.33609007E+05,9.99848060E+04,4.00000000E+05,1.00000000E+05,7.76994483E+06,1.63119643E+09
6.00000000E+00,1.00000000E+00,4.00000000E-02,1.39978194E+08,1.06666565E+05,2.63800762E+05,-0.00000000E+00,-0.00000000E+00,-5.23414107E-32,-1.31657000E-32,8.28956102E+07,1.38055998E+07,8.29082039E-03,1.38076981E-03,-8.34164293E+07,-1.39031889E+07,-4.96462147E-02,-1.38149904E-01,-0.00000000E+00,-0.00000000E+00,7.74726172E-39,1.53108148E-39,-0.00000000E+00,-0.00000000E+00,7.74726172E-39,1.53108148E-39,-1.28062038E+04,-2.39962635E+03,-1.37993894E+01,-1.09489299E+01,5.33593813E+05,9.99848060E+04,5.00000000E+05,1.00000000E+05,7.76994461E+06,1.63119811E+09
7.00000000E+00,1.00000000E+00,4.00000000E-02,1.39978190E+08,1.07333881E+05,3.30414979E+05,-0.00000000E+00,-0.00000000E+00,-6.55585156E-32,-1.32480659E-32,9.67013315E+07,1.38057214E+07,9.67160238E-03,1.38078200E-03,-9.73197395E+07,-1.39033102E+07,-6.81693366E-01,-1.30769524E+00,-0.00000000E+00,-0.00000000E+00,9.27940907E-39,1.53274105E-39,-0.00000000E+00,-0.00000000E+00,9.27940907E-39,1.53274105E-39,-1.52058302E+04,-2.39962634E+03,-2.59050134E+01,-1.27344919E+01,6.33578619E+05,9.99848060E+04,6.00000000E+05,1.00000000E+05,7.76994441E+06,1.63119878E+09
8.00000000E+00,1.00000000E+00,4.00000000E-02,1.39978187E+08,1.07606881E+05,3.97291380E+05,-0.00000000E+00,-0.00000000E+00,-7.88276408E-32,-1.32817619E-32,1.10507169E+08,1.38058374E+07,1.10523960E-02,1.38079364E-03,-1.11223166E+08,-1.39034261E+07,-3.78712420E+00,-4.99544345E+00,-0.00000000E+00,-0.00000000E+00,1.08124899E-38,1.53326621E-39,-0.00000000E+00,-0.00000000E+00,1.08124899E-38,1.53326621E-39,-1.76054565E+04,-2.39962634E+03,-3.89454779E+01,-1.31863348E+01,7.33563425E+05,9.99848060E+04,7.00000000E+05,1.00000000E+05,7.76994422E+06,1.63119905E+09
9.00000000E+00,1.00000000E+00,4.00000000E-02,1.39978183E+08,1.07716070E+05,4.64274130E+05,-0.00000000E+00,-0.00000000E+00,-9.21178673E-32,-1.32952390E-32,1.24313119E+08,1.38059499E+07,1.24332009E-02,1.38080492E-03,-1.25126704E+08,-1.39035385E+07,-1.19364075E+01,-1.08798109E+01,-0.00000000E+00,-0.00000000E+00,1.23458569E-38,1.53342031E-39,-0.00000000E+00,-0.00000000E+00,1.23458569E-38,1.53342031E-39,-2.00050829E+04,-2.39962634E+03,-5.21885828E+01,-1.32677193E+01,8.33548231E+05,9.99848060E+04,8.00000000E+05,1.00000000E+05,7.76994403E+06,1.63119916E+09
1.00000000E+01,1.00000000E+00,4.00000000E-02,1.39978180E+08,1.07757315E+05,5.31298418E+05,-0.00000000E+00,-0.00000000E+00,-1.05416335E-31,-1.33003297E-32,1.38119179E+08,1.38060600E+07,1.38140169E-02,1.38081596E-03,-1.39030353E+08,-1.39036485E+07,-2.60660324E+01,-1.65529240E+01,-0.00000000E+00,-0.00000000E+00,1.38793040E-38,1.53346086E-39,-0.00000000E+00,-0.00000000E+00,1.38793040E-38,1.53346086E-39,-2.24047092E+04,-2.39962634E+03,-6.54643983E+01,-1.32790840E+01,9.33533037E+05,9.99848060E+04,9.00000000E+05,1.00000000E+05,7.76994385E+06,1.63119920E+09
1.10000000E+01,1.00000000E+00,6.01490190E-02,1.39978177E+08,1.07771311E+05,5.98337831E+05,-0.00000000E+00,-0.00000000E+00,-1.18717805E-31,-1.33020572E-32,1.51925347E+08,1.38061684E+07,1.51948437E-02,1.38082683E-03,-1.52934109E+08,-1.39037568E+07,-4.48880258E+01,-2.02122348E+01,-0.00000000E+00,-0.00000000E+00,1.54127708E-38,1.53346947E-39,-0.00000000E+00,-0.00000000E+00,1.54127708E-38,1.53346947E-39,-2.48043356E+04,-2.39962634E+03,-7.87444326E+01,-1.32803776E+01,1.03351784E+06,9.99848060E+04,1.00000000E+06,1.00000000E+05,7.76994367E+06,1.63119921E+09
1.20000000E+01,1.00000000E+00,6.01490599E-02,1.39978174E+08,1.07775649E+05,6.65382030E+05,-0.00000000E+00,-0.00000000E+00,-1.32020223E-31,-1.33025927E-32,1.65731623E+08,1.38062754E+07,1.65756813E-02,1.38083756E-03,-1.66837973E+08,-1.39038638E+07,-6.62327311E+01,-2.19597880E+01,-0.00000000E+00,-0.00000000E+00,1.69462409E-38,1.53347023E-39,-0.00000000E+00,-0.00000000E+00,1.69462409E-38,1.53347023E-39,-2.72039619E+04,-2.39962634E+03,-9.20249163E+01,-1.32805207E+01,1.13350265E+06,9.99848060E+04,1.10000000E+06,1.00000000E+05,7.76994349E+06,1.63119922E+09
1.30000000E+01,1.00000000E+00,1.45590071E-01,1.39978171E+08,1.07776853E+05,7.32427622E+05,-0.00000000E+00,-0.00000000E+00,-1.45322918E-31,-1.33027413E-32,1.79538004E+08,1.38063813E+07,1.79565295E-02,1.38084819E-03,-1.80741943E+08,-1.39039696E+07,-8.86345794E+01,-2.26203327E+01,-0.00000000E+00,-0.00000000E+00,1.84797104E-38,1.53346916E-39,-0.00000000E+00,-0.00000000E+00,1.84797104E-38,1.53346916E-39,-2.96035882E+04,-2.39962634E+03,-1.05305450E+02,-1.32805391E+01,1.23348746E+06,9.99848060E+04,1.20000000E+06,1.00000000E+05,7.76994331E+06,1.63119922E+09
1.40000000E+01,1.00000000E+00,1.45590085E-01,1.39978167E+08,1.07777155E+05,7.99473577E+05,-0.00000000E+00,-0.00000000E+00,-1.58625686E-31,-1.33027785E-32,1.93344490E+08,1.38064862E+07,1.93373882E-02,1.38085871E-03,-1.94646017E+08,-1.39040745E+07,-1.11396755E+02,-2.28282993E+01,-0.00000000E+00,-0.00000000E+00,2.00131787E-38,1.53346770E-39,-0.00000000E+00,-0.00000000E+00,2.00131787E-38,1.53346770E-39,-3.20032146E+04,-2.39962634E+03,-1.18585993E+02,-1.32805443E+01,1.33347226E+06,9.99848060E+04,1.30000000E+06,1.00000000E+05,7.76994314E+06,1.63119922E+09
1.50000000E+01,1.00000000E+00,1.45590096E-01,1.39978164E+08,1.07777222E+05,8.66519619E+05,-0.00000000E+00,-0.00000000E+00,-1.71928470E-31,-1.33027869E-32,2.07151080E+08,1.38065902E+07,2.07182573E-02,1.38086914E-03,-2.08550196E+08,-1.39041785E+07,-1.34263828E+02,-2.28842162E+01,-0.00000000E+00,-0.00000000E+00,2.15466454E-38,1.53346618E-39,-0.00000000E+00,-0.00000000E+00,2.15466454E-38,1.53346618E-39,-3.44028409E+04,-2.39962634E+03,-1.31866539E+02,-1.32805479E+01,1.43345707E+06,9.99848060E+04,1.40000000E+06,1.00000000E+05,7.76994296E+06,1.63119922E+09
1.60000000E+01,1.00000000E+00,1.45590105E-01,1.39978161E+08,1.07777236E+05,9.33565680E+05,-0.00000000E+00,-0.00000000E+00,-1.85231258E-31,-1.33027885E-32,2.20957774E+08,1.38066933E+07,2.20991368E-02,1.38087949E-03,-2.22454477E+08,-1.39042816E+07,-1.57157205E+02,-2.28972579E+01,-0.00000000E+00,-0.00000000E+00,2.30801105E-38,1.53346465E-39,-0.00000000E+00,-0.00000000E+00,2.30801105E-38,1.53346465E-39,-3.68024673E+04,-2.39962634E+03,-1.45147089E+02,-1.32805511E+01,1.53344187E+06,9.99848060E+04,1.50000000E+06,1.00000000E+05,7.76994279E+06,1.63119922E+09
1.70000000E+01,1.00000000E+00,1.45590112E-01,1.39978158E+08,1.07777238E+05,1.00061174E+06,-0.00000000E+00,-0.00000000E+00,-1.98534047E-31,-1.33027889E-32,2.34764569E+08,1.38067957E+07,2.34800266E-02,1.38088976E-03,-2.36358861E+08,-1.39043840E+07,-1.80056382E+02,-2.28999628E+01,-0.00000000E+00,-0.00000000E+00,2.46135742E-38,1.53346313E-39,-0.00000000E+00,-0.00000000E+00,2.46135742E-38,1.53346313E-39,-3.92020936E+04,-2.39962634E+03,-1.58427642E+02,-1.32805540E+01,1.63342668E+06,9.99848060E+04,1.60000000E+06,1.00000000E+05,7.76994262E+06,1.63119922E+09
1.80000000E+01,1.00000000E+00,1.45590119E-01,1.39978155E+08,1.07777239E+05,1.06765781E+06,-0.00000000E+00,-0.00000000E+00,-2.11836836E-31,-1.33027889E-32,2.48571467E+08,1.38068973E+07,2.48609265E-02,1.38089995E-03,-2.50263347E+08,-1.39044856E+07,-2.02956707E+02,-2.29004703E+01,-0.00000000E+00,-0.00000000E+00,2.61470364E-38,1.53346162E-39,-0.00000000E+00,-0.00000000E+00,2.61470364E-38,1.53346162E-39,-4.16017200E+04,-2.39962634E+03,-1.71708197E+02,-1.32805567E+01,1.73341149E+06,9.99848060E+04,1.70000000E+06,1.00000000E+05,7.76994245E+06,1.63119922E+09
1.90000000E+01,1.00000000E+00,1.45590125E-01,1.39978152E+08,1.07777239E+05,1.13470387E+06,-0.00000000E+00,-0.00000000E+00,-2.25139625E-31,-1.33027889E-32,2.62378465E+08,1.38069983E+07,2.62418366E-02,1.38091007E-03,-2.64167933E+08,-1.39045865E+07,-2.25857239E+02,-2.29005586E+01,-0.00000000E+00,-0.00000000E+00,2.76804970E-38,1.53346013E-39,-0.00000000E+00,-0.00000000E+00,2.76804970E-38,1.53346013E-39,-4.40013463E+04,-2.39962634E+03,-1.84988756E+02,-1.32805592E+01,1.83339629E+06,9.99848060E+04,1.80000000E+06,1.00000000E+05,7.76994228E+06,1.63119922E+09
2.00000000E+01,1.00000000E+00,1.45590130E-01,1.39978149E+08,1.07777239E+05,1.20174994E+06,-0.00000000E+00,-0.00000000E+00,-2.38442413E-31,-1.33027889E-32,2.76185564E+08,1.38070985E+07,2.76227567E-02,1.38092013E-03,-2.78072620E+08,-1.39046867E+07,-2.48757807E+02,-2.29005739E+01,-0.00000000E+00,-0.00000000E+00,2.92139562E-38,1.53345864E-39,-0.00000000E+00,-0.00000000E+00,2.92139562E-38,1.53345864E-39,-4.64009726E+04,-2.39962634E+03,-1.98269316E+02,-1.32805616E+01,1.93338110E+06,9.99848060E+04,1.90000000E+06,1.00000000E+05,7.76994212E+06,1.63119922E+09
2.10000000E+01,1.00000000E+00,1.45590135E-01,1.39978146E+08,1.07777239E+05,1.26879600E+06,-0.00000000E+00,-0.00000000E+00,-2.51745202E-31,-1.33027889E-32,2.89992762E+08,1.38071981E+07,2.90036869E-02,1.38093012E-03,-2.91977406E+08,-1.39047863E+07,-2.71658381E+02,-2.29005773E+01,-0.00000000E+00,-0.00000000E+00,3.07474138E-38,1.53345716E-39,-0.00000000E+00,-0.00000000E+00,3.07474138E-38,1.53345716E-39,-4.88005990E+04,-2.39962634E+03,-2.11549879E+02,-1.32805639E+01,2.03336590E+06,9.99848060E+04,2.00000000E+06,1.00000000E+05,7.76994195E+06,1.63119922E+09
2.20000000E+01,1.00000000E+00,1.45590139E-01,1.39978143E+08,1.07777239E+05,1.33584207E+06,-0.00000000E+00,-0.00000000E+00,-2.65047991E-31,-1.33027889E-32,3.03800059E+08,1.38072971E+07,3.03846269E-02,1.38094005E-03,-3.05882292E+08,-1.39048852E+07,-2.94558958E+02,-2.29005788E+01,-0.00000000E+00,-0.00000000E+00,3.22808700E-38,1.53345569E-39,-0.00000000E+00,-0.00000000E+00,3.22808700E-38,1.53345569E-39,-5.12002253E+04,-2.39962634E+03,-2.24830444E+02,-1.32805660E+01,2.13335071E+06,9.99848060E+04,2.10000000E+06,1.00000000E+05,7.76994179E+06,1.63119922E+09
2.30000000E+01,1.00000000E+00,1.45590144E-01,1.39978140E+08,1.07777239E+05,1.40288813E+06,-0.00000000E+00,-0.00000000E+00,-2.78350780E-31,-1.33027889E-32,3.17607454E+08,1.38073955E+07,3.17655768E-02,1.38094992E-03,-3.19787275E+08,-1.39049836E+07,-3.17459536E+02,-2.29005798E+01,-0.00000000E+00,-0.00000000E+00,3.38143248E-38,1.53345424E-39,-0.00000000E+00,-0.00000000E+00,3.38143248E-38,1.53345424E-39,-5.35998517E+04,-2.39962634E+03,-2.38111012E+02,-1.32805681E+01,2.23333552E+06,9.99848060E+04,2.20000000E+06,1.00000000E+05,7.76994162E+06,1.63119922E+09
2.40000000E+01,1.00000000E+00,1.45590147E-01,1.39978137E+08,1.07777239E+05,1.46993420E+06,-0.00000000E+00,-0.00000000E+00,-2.91653569E-31,-1.33027889E-32,3.31414947E+08,1.38074933E+07,3.31465365E-02,1.38095973E-03,-3.33692357E+08,-1.39050814E+07,-3.40360115E+02,-2.29005807E+01,-0.00000000E+00,-0.00000000E+00,3.53477781E-38,1.53345279E-39,-0.00000000E+00,-0.00000000E+00,3.53477781E-38,1.53345279E-39,-5.59994780E+04,-2.39962634E+03,-2.51391581E+02,-1.32805700E+01,2.33332032E+06,9.99848060E+04,2.30000000E+06,1.00000000E+05,7.76994146E+06,1.63119922E+09
2.50000000E+01,1.00000000E+00,1.45590151E-01,1.39978134E+08,1.07777239E+05,1.53698026E+06,-0.00000000E+00,-0.00000000E+00,-3.04956358E-31,-1.33027889E-32,3.45222538E+08,1.38075905E+07,3.45275060E-02,1.38096948E-03,-3.47597535E+08,-1.39051786E+07,-3.63260695E+02,-2.29005814E+01,-0.00000000E+00,-0.00000000E+00,3.68812299E-38,1.53345135E-39,-0.00000000E+00,-0.00000000E+00,3.68812299E-38,1.53345135E-39,-5.83991044E+04,-2.39962634E+03,-2.64672152E+02,-1.32805719E+01,2.43330513E+06,9.99848060E+04,2.40000000E+06,1.00000000E+05,7.76994130E+06,1.63119922E+09
2.60000000E+01,1.00000000E+00,1.45590154E-01,1.39978131E+08,1.07777239E+05,1.60402633E+06,-0.00000000E+00,-0.00000000E+00,-3.18259147E-31,-1.33027889E-32,3.59030225E+08,1.38076873E+07,3.59084852E-02,1.38097919E-03,-3.61502811E+08,-1.39052753E+07,-3.86161276E+02,-2.29005820E+01,-0.00000000E+00,-0.00000000E+00,3.84146803E-38,1.53344992E-39,-0.00000000E+00,-0.00000000E+00,3.84146803E-38,1.53344992E-39,-6.07987307E+04,-2.39962634E+03,-2.77952725E+02,-1.32805737E+01,2.53328993E+06,9.99848060E+04,2.50000000E+06,1.00000000E+05,7.76994114E+06,1.63119922E+09
2.70000000E+01,1.00000000E+00,1.45590157E-01,1.39978128E+08,1.07777239E+05,1.67107239E+06,-0.00000000E+00,-0.00000000E+00,-3.31561936E-31,-1.33027889E-32,3.72838009E+08,1.38077835E+07,3.72894741E-02,1.38098884E-03,-3.75408182E+08,-1.39053715E+07,-4.09061857E+02,-2.29005826E+01,-0.00000000E+00,-0.00000000E+00,3.99481293E-38,1.53344850E-39,-0.00000000E+00,-0.00000000E+00,3.99481293E-38,1.53344850E-39,-6.31983570E+04,-2.39962634E+03,-2.91233300E+02,-1.32805755E+01,2.63327474E+06,9.99848060E+04,2.60000000E+06,1.00000000E+05,7.76994098E+06,1.63119922E+09
2.80000000E+01,1.00000000E+00,1.45590160E-01,1.39978126E+08,1.07777239E+05,1.73811846E+06,-0.00000000E+00,-0.00000000E+00,-3.44864725E-31,-1.33027889E-32,3.86645888E+08,1.38078791E+07,3.86704725E-02,1.38099843E-03,-3.89313649E+08,-1.39054672E+07,-4.31962439E+02,-2.29005830E+01,-0.00000000E+00,-0.00000000E+00,4.14815769E-38,1.53344709E-39,-0.00000000E+00,-0.00000000E+00,4.14815769E-38,1.53344709E-39,-6.55979834E+04,-2.39962634E+03,-3.04513876E+02,-1.32805771E+01,2.73325955E+06,9.99848060E+04,2.70000000E+06,1.00000000E+05,7.76994082E+06,1.63119922E+09
2.90000000E+01,1.00000000E+00,1.45590163E-01,1.39978123E+08,1.07777239E+05,1.80516452E+06,-0.00000000E+00,-0.00000000E+00,-3.58167514E-31,-1.33027889E-32,4.00453862E+08,1.38079744E+07,4.00514805E-02,1.38100799E-03,-4.03219212E+08,-1.39055624E+07,-4.54863021E+02,-2.29005835E+01,-0.00000000E+00,-0.00000000E+00,4.30150231E-38,1.53344569E-39,-0.00000000E+00,-0.00000000E+00,4.30150231E-38,1.53344569E-39,-6.79976097E+04,-2.39962634E+03,-3.17794454E+02,-1.32805787E+01,2.83324435E+06,9.99848060E+04,2.80000000E+06,1.00000000E+05,7.76994066E+06,1.63119922E+09
3.00000000E+01,1.00000000E+00,1.45590166E-01,1.39978120E+08,1.07777239E+05,1.87221059E+06,-0.00000000E+00,-0.00000000E+00,-3.71470302E-31,-1.33027889E-32,4.14261931E+08,1.38080691E+07,4.14324980E-02,1.38101749E-03,-4.17124869E+08,-1.39056571E+07,-4.77763604E+02,-2.29005838E+01,-0.00000000E+00,-0.00000000E+00,4.45484679E-38,1.53344429E-39,-0.00000000E+00,-0.00000000E+00,4.45484679E-38,1.53344429E-39,-7.03972361E+04,-2.39962634E+03,-3.31075034E+02,-1.32805803E+01,2.93322916E+06,9.99848060E+04,2.90000000E+06,1.00000000E+05,7.76994050E+06,1.63119922E+09
3.10000000E+01,1.00000000E+00,1.45590168E-01,1.39978117E+08,1.07777239E+05,1.93925665E+06,-0.00000000E+00,-0.00000000E+00,-3.84773091E-31,-1.33027889E-32,4.28070095E+08,1.38081634E+07,4.28135249E-02,1.38102694E-03,-4.31030620E+08,-1.39057514E+07,-5.00664187E+02,-2.29005841E+01,-0.00000000E+00,-0.00000000E+00,4.60819112E-38,1.53344291E-39,-0.00000000E+00,-0.00000000E+00,4.60819112E-38,1.53344291E-39,-7.27968624E+04,-2.39962634E+03,-3.44355615E+02,-1.32805818E+01,3.03321396E+06,9.99848060E+04,3.00000000E+06,1.00000000E+05,7.76994034E+06,1.63119922E+09
3.20000000E+01,1.00000000E+00,1.45590170E-01,1.39978114E+08,1.07777239E+05,2.00630272E+06,-0.00000000E+00,-0.00000000E+00,-3.98075880E-31,-1.33027889E-32,4.41878352E+08,1.38082572E+07,4.41945613E-02,1.38103636E-03,-4.44936465E+08,-1.39058452E+07,-5.23564770E+02,-2.29005844E+01,-0.00000000E+00,-0.00000000E+00,4.76153533E-38,1.53344153E-39,-0.00000000E+00,-0.00000000E+00,4.76153533E-38,1.53344153E-39,-7.51964887E+04,-2.39962634E+03,-3.57636198E+02,-1.32805833E+01,3.13319877E+06,9.99848060E+04,3.10000000E+06,1.00000000E+05,7.76994019E+06,1.63119922E+09
3.30000000E+01,1.00000000E+00,1.45590173E-01,1.39978111E+08,1.07777239E+05,2.07334878E+06,-0.00000000E+00,-0.00000000E+00,-4.11378669E-31,-1.33027889E-32,4.55686702E+08,1.38083506E+07,4.55756070E-02,1.38104572E-03,-4.58842404E+08,-1.39059386E+07,-5.46465354E+02,-2.29005846E+01,-0.00000000E+00,-0.00000000E+00,4.91487939E-38,1.53344017E-39,-0.00000000E+00,-0.00000000E+00,4.91487939E-38,1.53344017E-39,-7.75961151E+04,-2.39962634E+03,-3.70916782E+02,-1.32805847E+01,3.23318358E+06,9.99848060E+04,3.20000000E+06,1.00000000E+05,7.76994003E+06,1.63119922E+09
3.40000000E+01,1.00000000E+00,1.45590175E-01,1.39978109E+08,1.07777239E+05,2.14039485E+06,-0.00000000E+00,-0.00000000E+00,-4.24681458E-31,-1.33027889E-32,4.69495146E+08,1.38084435E+07,4.69566620E-02,1.38105505E-03,-4.72748435E+08,-1.39060315E+07,-5.69365938E+02,-2.29005848E+01,-0.00000000E+00,-0.00000000E+00,5.06822332E-38,1.53343881E-39,-0.00000000E+00,-0.00000000E+00,5.06822332E-38,1.53343881E-39,-7.99957414E+04,-2.39962634E+03,-3.84197368E+02,-1.32805860E+01,3.33316838E+06,9.99848060E+04,3.30000000E+06,1.00000000E+05,7.76993988E+06,1.63119922E+09
3.50000000E+01,1.00000000E+00,1.45590177E-01,1.39978106E+08,1.07777239E+05,2.20744091E+06,-0.00000000E+00,-0.00000000E+00,-4.37984247E-31,-1.33027889E-32,4.83303682E+08,1.38085361E+07,4.83377264E-02,1.38106433E-03,-4.86654559E+08,-1.39061240E+07,-5.92266522E+02,-2.29005850E+01,-0.00000000E+00,-0.00000000E+00,5.22156711E-38,1.53343746E-39,-0.00000000E+00,-0.00000000E+00,5.22156711E-38,1.53343746E-39,-8.23953678E+04,-2.39962634E+03,-3.97477954E+02,-1.32805874E+01,3.43315319E+06,9.99848060E+04,3.40000000E+06,1.00000000E+05,7.76993972E+06,1.63119922E+09
3.60000000E+01,1.00000000E+00,1.45590179E-01,1.39978103E+08,1.07777239E+05,2.27448697E+06,-0.00000000E+00,-0.00000000E+00,-4.51287036E-31,-1.33027889E-32,4.97112310E+08,1.38086282E+07,4.97187999E-02,1.38107357E-03,-5.00560776E+08,-1.39062161E+07,-6.15167106E+02,-2.29005851E+01,-0.00000000E+00,-0.00000000E+00,5.37491077E-38,1.53343612E-39,-0.00000000E+00,-0.00000000E+00,5.37491077E-38,1.53343612E-39,-8.47949941E+04,-2.39962634E+03,-4.10758543E+02,-1.32805887E+01,3.53313799E+06,9.99848060E+04,3.50000000E+06,1.00000000E+05,7.76993957E+06,1.63119922E+09
3.70000000E+01,1.00000000E+00,1.45590181E-01,1.39978100E+08,1.07777239E+05,2.34153304E+06,-0.00000000E+00,-0.00000000E+00,-4.64589825E-31,-1.33027889E-32,5.10921030E+08,1.38087199E+07,5.10998827E-02,1.38108277E-03,-5.14467084E+08,-1.39063079E+07,-6.38067690E+02,-2.29005853E+01,-0.00000000E+00,-0.00000000E+00,5.52825429E-38,1.53343478E-39,-0.00000000E+00,-0.00000000E+00,5.52825429E-38,1.53343478E-39,-8.71946205E+04,-2.39962634E+03,-4.24039132E+02,-1.32805899E+01,3.63312280E+06,9.99848060E+04,3.60000000E+06,1.00000000E+05,7.76993942E+06,1.63119922E+09
3.80000000E+01,1.00000000E+00,1.45590182E-01,1.39978098E+08,1.07777239E+05,2.40857910E+06,-0.00000000E+00,-0.00000000E+00,-4.77892614E-31,-1.33027889E-32,5.24729841E+08,1.38088113E+07,5.24809746E-02,1.38109194E-03,-5.28373483E+08,-1.39063992E+07,-6.60968275E+02,-2.29005854E+01,-0.00000000E+00,-0.00000000E+00,5.68159768E-38,1.53343346E-39,-0.00000000E+00,-0.00000000E+00,5.68159768E-38,1.53343346E-39,-8.95942468E+04,-2.39962634E+03,-4.37319723E+02,-1.32805911E+01,3.73310761E+06,9.99848060E+04,3.70000000E+06,1.00000000E+05,7.76993926E+06,1.63119922E+09
3.90000000E+01,1.00000000E+00,1.45590184E-01,1.39978095E+08,1.07777239E+05,2.47562517E+06,-0.00000000E+00,-0.00000000E+00,-4.91195403E-31,-1.33027889E-32,5.38538744E+08,1.38089022E+07,5.38620757E-02,1.38110106E-03,-5.42279973E+08,-1.39064901E+07,-6.83868859E+02,-2.29005855E+01,-0.00000000E+00,-0.00000000E+00,5.83494094E-38,1.53343214E-39,-0.00000000E+00,-0.00000000E+00,5.83494094E-38,1.53343214E-39,-9.19938731E+04,-2.39962634E+03,-4.50600314E+02,-1.32805923E+01,3.83309241E+06,9.99848060E+04,3.80000000E+06,1.00000000E+05,7.76993911E+06,1.63119922E+09
4.00000000E+01,1.00000000E+00,1.45590186E-01,1.39978092E+08,1.07777239E+05,2.54267123E+06,-0.00000000E+00,-0.00000000E+00,-5.04498192E-31,-1.33027889E-32,5.52347737E+08,1.38089928E+07,5.52431859E-02,1.38111015E-03,-5.56186554E+08,-1.39065807E+07,-7.06769444E+02,-2.29005855E+01,-0.00000000E+00,-0.00000000E+00,5.98828407E-38,1.53343083E-39,-0.00000000E+00,-0.00000000E+00,5.98828407E-38,1.53343083E-39,-9.43934995E+04,-2.39962634E+03,-4.63880908E+02,-1.32805935E+01,3.93307722E+06,9.99848060E+04,3.90000000E+06,1.00000000E+05,7.76993896E+06,1.63119922E+09
4.10000000E+01,1.00000000E+00,1.45590187E-01,1.39978089E+08,1.07777239E+05,2.60971730E+06,-0.00000000E+00,-0.00000000E+00,-5.17800980E-31,-1.33027889E-32,5.66156820E+08,1.38090830E+07,5.66243051E-02,1.38111920E-03,-5.70093225E+08,-1.39066709E+07,-7.29670029E+02,-2.29005856E+01,-0.00000000E+00,-0.00000000E+00,6.14162707E-38,1.53342952E-39,-0.00000000E+00,-0.00000000E+00,6.14162707E-38,1.53342952E-39,-9.67931258E+04,-2.39962634E+03,-4.77161502E+02,-1.32805946E+01,4.03306202E+06,9.99848060E+04,4.00000000E+06,1.00000000E+05,7.76993881E+06,1.63119922E+09
4.20000000E+01,1.00000000E+00,1.45590189E-01,1.39978087E+08,1.07777239E+05,2.67676336E+06,-0.00000000E+00,-0.00000000E+00,-5.31103769E-31,-1.33027889E-32,5.79965992E+08,1.38091729E+07,5.80054333E-02,1.38112821E-03,-5.83999985E+08,-1.39067608E+07,-7.52570614E+02,-2.29005856E+01,-0.00000000E+00,-0.00000000E+00,6.29496994E-38,1.53342825E-39,-0.00000000E+00,-0.00000000E+00,6.29496994E-38,1.53342825E-39,-9.91927522E+04,-2.39962634E+03,-4.90442097E+02,-1.32805957E+01,4.13304683E+06,9.99848060E+04,4.10000000E+06,1.00000000E+05,7.76993866E+06,1.63119922E+09
4.30000000E+01,1.00000000E+00,1.45590190E-01,1.39978084E+08,1.07777239E+05,2.74380943E+06,-0.00000000E+00,-0.00000000E+00,-5.44406558E-31,-1.33027889E-32,5.93775255E+08,1.38092624E+07,5.93865705E-02,1.38113719E-03,-5.97906836E+08,-1.39068503E+07,-7.75471199E+02,-2.29005855E+01,-0.00000000E+00,-0.00000000E+00,6.44831268E-38,1.53342697E-39,-0.00000000E+00,-0.00000000E+00,6.44831268E-38,1.53342697E-39,-1.01592379E+05,-2.39962634E+03,-5.03722693E+02,-1.32805968E+01,4.23303164E+06,9.99848060E+04,4.20000000E+06,1.00000000E+05,7.76993851E+06,1.63119922E+09
4.40000000E+01,1.00000000E+00,1.45590192E-01,1.39978081E+08,1.07777239E+05,2.81085550E+06,-0.00000000E+00,-0.00000000E+00,-5.57709347E-31,-1.33027889E-32,6.07584606E+08,1.38093516E+07,6.07677166E-02,1.38114613E-03,-6.11813775E+08,-1.39069394E+07,-7.98371784E+02,-2.29005855E+01,-0.00000000E+00,-0.00000000E+00,6.60165529E-38,1.53342570E-39,-0.00000000E+00,-0.00000000E+00,6.60165529E-38,1.53342570E-39,-1.03992005E+05,-2.39962634E+03,-5.17003291E+02,-1.32805978E+01,4.33301644E+06,9.99848060E+04,4.30000000E+06,1.00000000E+05,7.76993836E+06,1.63119922E+09
4.50000000E+01,1.00000000E+00,1.45590193E-01,1.39978079E+08,1.07777239E+05,2.87790156E+06,-0.00000000E+00,-0.00000000E+00,-5.71012136E-31,-1.33027889E-32,6.21394047E+08,1.38094404E+07,6.21488716E-02,1.38115504E-03,-6.25720803E+08,-1.39070282E+07,-8.21272369E+02,-2.29005854E+01,-0.00000000E+00,-0.00000000E+00,6.75499778E-38,1.53342443E-39,-0.00000000E+00,-0.00000000E+00,6.75499778E-38,1.53342443E-39,-1.06391631E+05,-2.39962634E+03,-5.30283889E+02,-1.32805989E+01,4.43300125E+06,9.99848060E+04,4.40000000E+06,1.00000000E+05,7.76993822E+06,1.63119922E+09
4.60000000E+01,1.00000000E+00,1.45590194E-01,1.39978076E+08,1.07777239E+05,2.94494763E+06,-0.00000000E+00,-0.00000000E+00,-5.84314925E-31,-1.33027889E-32,6.35203576E+08,1.38095288E+07,6.35300355E-02,1.38116392E-03,-6.39627920E+08,-1.39071167E+07,-8.44172953E+02,-2.29005854E+01,-0.00000000E+00,-0.00000000E+00,6.90834014E-38,1.53342316E-39,-0.00000000E+00,-0.00000000E+00,6.90834014E-38,1.53342316E-39,-1.08791258E+05,-2.39962634E+03,-5.43564489E+02,-1.32805999E+01,4.53298605E+06,9.99848060E+04,4.50000000E+06,1.00000000E+05,7.76993807E+06,1.63119922E+09
4.70000000E+01,1.00000000E+00,1.45590196E-01,1.39978073E+08,1.07777239E+05,3.01199369E+06,-0.00000000E+00,-0.00000000E+00,-5.97617714E-31,-1.33027889E-32,6.49013193E+08,1.38096170E+07,6.49112083E-02,1.38117276E-03,-6.53535125E+08,-1.39072048E+07,-8.67073538E+02,-2.29005854E+01,-0.00000000E+00,-0.00000000E+00,7.06168238E-38,1.53342191E-39,-0.00000000E+00,-0.00000000E+00,7.06168238E-38,1.53342191E-39,-1.11190884E+05,-2.39962634E+03,-5.56845089E+02,-1.32806009E+01,4.63297086E+06,9.99848060E+04,4.60000000E+06,1.00000000E+05,7.76993792E+06,1.63119922E+09
4.80000000E+01,1.00000000E+00,1.45590197E-01,1.39978071E+08,1.07777239E+05,3.07903976E+06,-0.00000000E+00,-0.00000000E+00,-6.10920503E-31,-1.33027889E-32,6.62822897E+08,1.38097048E+07,6.62923899E-02,1.38118157E-03,-6.67442417E+08,-1.39072926E+07,-8.89974123E+02,-2.29005854E+01,-0.00000000E+00,-0.00000000E+00,7.21502449E-38,1.53342065E-39,-0.00000000E+00,-0.00000000E+00,7.21502449E-38,1.53342065E-39,-1.13590510E+05,-2.39962634E+03,-5.70125691E+02,-1.32806019E+01,4.73295567E+06,9.99848060E+04,4.70000000E+06,1.00000000E+05,7.76993778E+06,1.63119922E+09
4.90000000E+01,1.00000000E+00,1.45590198E-01,1.39978068E+08,1.07777239E+05,3.14608582E+06,-0.00000000E+00,-0.00000000E+00,-6.24223292E-31,-1.33027889E-32,6.76632690E+08,1.38097923E+07,6.76735802E-02,1.38119035E-03,-6.81349797E+08,-1.39073801E+07,-9.12874708E+02,-2.29005854E+01,-0.00000000E+00,-0.00000000E+00,7.36836647E-38,1.53341941E-39,-0.00000000E+00,-0.00000000E+00,7.36836647E-38,1.53341941E-39,-1.15990137E+05,-2.39962634E+03,-5.83406293E+02,-1.32806028E+01,4.83294047E+06,9.99848060E+04,4.80000000E+06,1.00000000E+05,7.76993763E+06,1.63119922E+09
5.00000000E+01,1.00000000E+00,1.45590199E-01,1.39978066E+08,1.07777239E+05,3.21313189E+06,-0.00000000E+00,-0.00000000E+00,-6.37526081E-31,-1.33027889E-32,6.90442569E+08,1.38098795E+07,6.90547793E-02,1.38119909E-03,-6.95257265E+08,-1.39074673E+07,-9.35775292E+02,-2.29005854E+01,-0.00000000E+00,-0.00000000E+00,7.52170833E-38,1.53341818E-39,-0.00000000E+00,-0.00000000E+00,7.52170833E-38,1.53341818E-39,-1.18389763E+05,-2.39962634E+03,-5.96686897E+02,-1.32806038E+01,4.93292528E+06,9.99848060E+04,4.90000000E+06,1.00000000E+05,7.76993748E+06,1.63119922E+09
