Time [d],dt_flow [d],dt_tran [d],Global Water Mass in Liquid Phas [kg],Global Vaq [mol],Global Vim [mol],Top Water Mass [kg],Top Water Mass [kg/d],Top Vaq [mol],Top Vaq [mol/d],Right Water Mass [kg],Right Water Mass [kg/d],Right Vaq [mol],Right Vaq [mol/d],Left Water Mass [kg],Left Water Mass [kg/d],Left Vaq [mol],Left Vaq [mol/d],North Water Mass [kg],North Water Mass [kg/d],North Vaq [mol],North Vaq [mol/d],South Water Mass [kg],South Water Mass [kg/d],South Vaq [mol],South Vaq [mol/d],ExtractWell Water Mass [kg],ExtractWell Water Mass [kg/d],ExtractWell Vaq [mol],ExtractWell Vaq [mol/d],InjectWell Water Mass [kg],InjectWell Water Mass [kg/d],InjectWell Vaq [mol],InjectWell Vaq [mol/d],Region Region__all Water Mass [kg],Region Region__all Vaq Total Mas [mol],Region Region__all Vim Total Mas [mol]
1.00000000E-01,3.70000000E-02,4.43561045E-03,1.04980953E+06,7.21498035E-05,3.17201735E-05,-0.00000000E+00,-0.00000000E+00,9.08404190E-43,1.62186113E-41,8.56746626E+04,8.56763821E+05,8.75413827E-06,8.78541419E-05,-8.56668298E+04,-8.56627893E+05,-7.01864138E-06,-5.76510825E-05,-0.00000000E+00,-0.00000000E+00,1.04570919E-08,1.86553509E-07,-0.00000000E+00,-0.00000000E+00,1.04570918E-08,1.86553505E-07,-8.71761508E+00,-1.51172515E+02,-6.66392564E-10,-1.01708895E-08,8.71762476E-01,1.51172683E+01,8.71920000E-11,1.51200000E-09,1.04980953E+06,7.21498035E-05,3.17201735E-05
2.00000000E-01,3.60000000E-02,3.61855708E-03,1.04980951E+06,5.19555256E-05,5.28450447E-05,-0.00000000E+00,-0.00000000E+00,3.08922193E-42,2.61888148E-41,1.71354880E+05,8.56827350E+05,1.75415881E-05,8.78820379E-05,-1.71320488E+05,-8.56473289E+05,-1.17418172E-05,-3.88127633E-05,-0.00000000E+00,-0.00000000E+00,3.55124545E-08,3.00621652E-07,-0.00000000E+00,-0.00000000E+00,3.55124528E-08,3.00621625E-07,-3.82418470E+01,-3.93528448E+02,-2.25543815E-09,-1.78101628E-08,3.82418896E+00,3.93528887E+01,3.82488000E-10,3.93600000E-09,1.04980951E+06,5.19555256E-05,5.28450447E-05
3.00000000E-01,1.00000000E-01,3.09455119E-03,1.04980950E+06,3.96319357E-05,6.76057951E-05,-0.00000000E+00,-0.00000000E+00,6.04966284E-42,3.22731472E-41,2.57040055E+05,8.56851754E+05,2.63300915E-05,8.78852028E-05,-2.56962482E+05,-8.56419941E+05,-1.49232200E-05,-2.61594093E-05,-0.00000000E+00,-0.00000000E+00,6.94646102E-08,3.69861188E-07,-0.00000000E+00,-0.00000000E+00,6.94646045E-08,3.69861140E-07,-8.62331205E+01,-4.79912735E+02,-4.03429035E-09,-1.46103181E-08,8.62332170E+00,4.79913274E+01,8.62488000E-10,4.80000000E-09,1.04980950E+06,3.96319357E-05,6.76057951E-05
4.00000000E-01,1.00000000E-01,3.63637478E-03,1.04980949E+06,3.21883332E-05,7.84433734E-05,-0.00000000E+00,-0.00000000E+00,9.48361600E-42,3.59481601E-41,3.42731463E+05,8.56914076E+05,3.51192439E-05,8.78915153E-05,-3.42589111E+05,-8.56266289E+05,-1.70686682E-05,-1.76550418E-05,-0.00000000E+00,-0.00000000E+00,1.08791325E-07,4.11457331E-07,-0.00000000E+00,-0.00000000E+00,1.08791312E-07,4.11457264E-07,-1.58220030E+02,-7.19869095E+02,-5.82917049E-09,-1.47416094E-08,1.58220208E+01,7.19869906E+01,1.58248800E-09,7.20000000E-09,1.04980949E+06,3.21883332E-05,7.84433734E-05
5.00000000E-01,1.00000000E-01,4.18684868E-03,1.04980948E+06,2.77495217E-05,8.68659055E-05,-0.00000000E+00,-0.00000000E+00,1.32019129E-41,3.81396647E-41,4.28429079E+05,8.56976165E+05,4.39090231E-05,8.78977763E-05,-4.28200351E+05,-8.56112409E+05,-1.85180621E-05,-1.19411397E-05,-0.00000000E+00,-0.00000000E+00,1.51328037E-07,4.36127577E-07,-0.00000000E+00,-0.00000000E+00,1.51328017E-07,4.36127514E-07,-2.54202575E+02,-9.59825450E+02,-7.43908956E-09,-1.32261327E-08,2.54202861E+01,9.59826535E+01,2.54248800E-09,9.60000000E-09,1.04980948E+06,2.77495217E-05,8.68659055E-05
6.00000000E-01,1.00000000E-01,7.62452540E-04,1.04980948E+06,2.51450476E-05,9.37989686E-05,-0.00000000E+00,-0.00000000E+00,1.70884927E-41,3.94255308E-41,5.14132886E+05,8.57038064E+05,5.26994263E-05,8.79040171E-05,-5.13796186E+05,-8.55958346E+05,-1.94998678E-05,-8.10163971E-06,-0.00000000E+00,-0.00000000E+00,1.95754128E-07,4.50522933E-07,-0.00000000E+00,-0.00000000E+00,1.95754104E-07,4.50522903E-07,-3.74180755E+02,-1.19978180E+03,-8.79607140E-09,-1.11978081E-08,3.74181177E+01,1.19978316E+02,3.74248800E-09,1.20000000E-08,1.04980948E+06,2.51450476E-05,9.37989686E-05
7.00000000E-01,1.00000000E-01,1.32289670E-03,1.04980947E+06,2.36495269E-05,9.98052067E-05,-0.00000000E+00,-0.00000000E+00,2.10728801E-41,4.01638907E-41,5.99842868E+05,8.57099820E+05,6.14904522E-05,8.79102434E-05,-5.99376600E+05,-8.55804142E+05,-2.01674211E-05,-5.52187509E-06,-0.00000000E+00,-0.00000000E+00,2.41272203E-07,4.58741926E-07,-0.00000000E+00,-0.00000000E+00,2.41272178E-07,4.58741957E-07,-5.18154570E+02,-1.43973815E+03,-9.91577913E-09,-9.47326126E-09,5.18155156E+01,1.43973978E+02,5.18248800E-09,1.44000000E-08,1.04980947E+06,2.36495269E-05,9.98052067E-05
8.00000000E-01,1.00000000E-01,1.87703672E-03,1.04980946E+06,2.28158441E-05,1.05223841E-04,-0.00000000E+00,-0.00000000E+00,2.51127027E-41,4.05754918E-41,6.85559016E+05,8.57161482E+05,7.02820998E-05,8.79164602E-05,-6.84941583E+05,-8.55649832E+05,-2.06238392E-05,-3.78941559E-06,-0.00000000E+00,-0.00000000E+00,2.87405596E-07,4.63296242E-07,-0.00000000E+00,-0.00000000E+00,2.87405579E-07,4.63296345E-07,-6.86124020E+02,-1.67969450E+03,-1.08801888E-08,-8.63800698E-09,6.86124796E+01,1.67969640E+02,6.86248800E-09,1.68000000E-08,1.04980946E+06,2.28158441E-05,1.05223841E-04
9.00000000E-01,1.00000000E-01,2.42498050E-03,1.04980945E+06,2.23705835E-05,1.10256973E-04,-0.00000000E+00,-0.00000000E+00,2.91828583E-41,4.07953233E-41,7.71281324E+05,8.57223079E+05,7.90743683E-05,8.79226704E-05,-7.70491129E+05,-8.55495460E+05,-2.09386985E-05,-2.63199047E-06,-0.00000000E+00,-0.00000000E+00,3.33873589E-07,4.65712678E-07,-0.00000000E+00,-0.00000000E+00,3.33873586E-07,4.65712847E-07,-8.78089104E+02,-1.91965084E+03,-1.17994712E-08,-8.74902054E-09,8.78090098E+01,1.91965302E+02,8.78248800E-09,1.92000000E-08,1.04980945E+06,2.23705835E-05,1.10256973E-04
1.00000000E+00,1.00000000E-01,2.96683353E-03,1.04980945E+06,2.21474992E-05,1.15023239E-04,-0.00000000E+00,-0.00000000E+00,3.32687752E-41,4.09054632E-41,8.57009787E+05,8.57284632E+05,8.78672575E-05,8.79288763E-05,-8.56025235E+05,-8.55341053E+05,-2.11599062E-05,-1.87868350E-06,-0.00000000E+00,-0.00000000E+00,3.80514211E-07,4.66913760E-07,-0.00000000E+00,-0.00000000E+00,3.80514228E-07,4.66913979E-07,-1.09404982E+03,-2.15960718E+03,-1.27593472E-08,-9.45317574E-09,1.09405106E+02,2.15960963E+02,1.09424880E-08,2.16000000E-08,1.04980945E+06,2.21474992E-05,1.15023239E-04
1.10000000E+00,1.00000000E-01,1.56246931E-03,1.04980944E+06,1.96692772E+01,3.95540089E+00,-0.00000000E+00,-0.00000000E+00,-5.34804873E-37,-9.71095130E-36,9.42744403E+05,8.57346162E+05,9.66607661E-05,8.79350219E-05,-9.41543897E+05,-8.55186621E+05,-2.13220151E-05,-1.42239855E-06,-0.00000000E+00,-0.00000000E+00,4.27237113E-07,4.67455882E-07,-0.00000000E+00,-0.00000000E+00,4.27237155E-07,4.67456140E-07,-1.33400617E+03,-2.39956352E+03,-1.38033956E-08,-1.04083342E-08,1.33400769E+02,2.39956624E+02,2.40000000E+01,2.40000000E+02,1.04980944E+06,1.96692772E+01,3.95540089E+00
1.20000000E+00,1.00000000E-01,3.52431796E-03,1.04980943E+06,3.28886823E+01,1.36492971E+01,-0.00000000E+00,-0.00000000E+00,-1.86627136E-36,-1.62375604E-35,1.02847921E+06,8.57348024E+05,1.05454250E-04,8.79344083E-05,-1.02706275E+06,-8.55188485E+05,-2.14502370E-05,-1.18002519E-06,-0.00000000E+00,-0.00000000E+00,4.73996090E-07,4.67678547E-07,-0.00000000E+00,-0.00000000E+00,4.73996158E-07,4.67678815E-07,-1.57396252E+03,-2.39956350E+03,-4.11681451E-08,-2.18978234E-06,1.57396431E+02,2.39956623E+02,4.80000000E+01,2.40000000E+02,1.04980943E+06,3.28886823E+01,1.36492971E+01
1.30000000E+00,1.00000000E-01,3.52451972E-03,1.04980943E+06,4.17793909E+01,2.69830010E+01,-0.00000000E+00,-0.00000000E+00,-3.73239570E-36,-2.06270303E-35,1.11421419E+06,8.57349878E+05,1.14247679E-04,8.79341107E-05,-1.11258178E+06,-8.55190339E+05,-2.15617825E-05,-1.07126828E-06,-0.00000000E+00,-0.00000000E+00,5.20768768E-07,4.67756760E-07,-0.00000000E+00,-0.00000000E+00,5.20768863E-07,4.67757034E-07,-1.81391887E+03,-2.39956349E+03,-3.95939432E-05,-1.93055247E-03,1.81392093E+02,2.39956621E+02,7.20000000E+01,2.40000000E+02,1.04980943E+06,4.17793909E+01,2.69830010E+01
1.40000000E+00,1.00000000E-01,3.52472123E-03,1.04980942E+06,4.77568044E+01,4.25596235E+01,-0.00000000E+00,-0.00000000E+00,-5.95807446E-36,-2.35781647E-35,1.19994937E+06,8.57351726E+05,1.23041104E-04,8.79342271E-05,-1.19810100E+06,-8.55192186E+05,-2.16762625E-05,-1.65447552E-06,-0.00000000E+00,-0.00000000E+00,5.67545951E-07,4.67780259E-07,-0.00000000E+00,-0.00000000E+00,5.67546074E-07,4.67780536E-07,-2.05387522E+03,-2.39956347E+03,-2.33616450E-03,-6.78049160E-02,2.05387755E+02,2.39956620E+02,9.60000000E+01,2.40000000E+02,1.04980942E+06,4.77568044E+01,4.25596235E+01
1.50000000E+00,1.00000000E-01,3.52492281E-03,1.04980941E+06,5.17598623E+01,5.94431252E+01,-0.00000000E+00,-0.00000000E+00,-8.42516526E-36,-2.55545316E-35,1.28568472E+06,8.57353568E+05,1.31834545E-04,8.79344081E-05,-1.28362040E+06,-8.55194028E+05,-2.58184076E-05,-1.85620897E-04,-0.00000000E+00,-0.00000000E+00,6.14324401E-07,4.67786310E-07,-0.00000000E+00,-0.00000000E+00,6.14324552E-07,4.67786589E-07,-2.29383157E+03,-2.39956346E+03,-2.43550844E-02,-4.19468919E-01,2.29383417E+02,2.39956618E+02,1.20000000E+02,2.40000000E+02,1.04980941E+06,5.17598623E+01,5.94431252E+01
1.60000000E+00,1.00000000E-01,3.52512449E-03,1.04980941E+06,5.44111095E+01,7.70019105E+01,-0.00000000E+00,-0.00000000E+00,-1.10531276E-35,-2.68634902E-35,1.37142026E+06,8.57355407E+05,1.40628004E-04,8.79345939E-05,-1.36913999E+06,-8.55195867E+05,-2.84676373E-04,-8.57503141E-03,-0.00000000E+00,-0.00000000E+00,6.61103164E-07,4.67787779E-07,-0.00000000E+00,-0.00000000E+00,6.61103343E-07,4.67788058E-07,-2.53378791E+03,-2.39956344E+03,-9.54469322E-02,-9.80324058E-01,2.53379078E+02,2.39956617E+02,1.44000000E+02,2.40000000E+02,1.04980941E+06,5.44111095E+01,7.70019105E+01
1.70000000E+00,1.00000000E-01,3.52532628E-03,1.04980940E+06,5.61506375E+01,9.48119966E+01,-0.00000000E+00,-0.00000000E+00,-1.37870932E-35,-2.77223201E-35,1.45715599E+06,8.57357240E+05,1.49421482E-04,8.79347797E-05,-1.45465976E+06,-8.55197700E+05,-4.80754370E-03,-1.10604726E-01,-0.00000000E+00,-0.00000000E+00,7.07882012E-07,4.67788334E-07,-0.00000000E+00,-0.00000000E+00,7.07882219E-07,4.67788612E-07,-2.77374425E+03,-2.39956342E+03,-2.15978342E-01,-1.36930042E+00,2.77374740E+02,2.39956615E+02,1.68000000E+02,2.40000000E+02,1.04980940E+06,5.61506375E+01,9.48119966E+01
1.80000000E+00,1.00000000E-01,3.52552812E-03,1.04980939E+06,5.72778779E+01,1.12595447E+02,-0.00000000E+00,-0.00000000E+00,-1.65903043E-35,-2.82788547E-35,1.54289189E+06,8.57359070E+05,1.58214979E-04,8.79349650E-05,-1.54017971E+06,-8.55199530E+05,-3.56478943E-02,-5.75177589E-01,-0.00000000E+00,-0.00000000E+00,7.54660910E-07,4.67788819E-07,-0.00000000E+00,-0.00000000E+00,7.54661144E-07,4.67789097E-07,-3.01370059E+03,-2.39956341E+03,-3.62172649E-01,-1.51926614E+00,3.01370401E+02,2.39956614E+02,1.92000000E+02,2.40000000E+02,1.04980939E+06,5.72778779E+01,1.12595447E+02
1.90000000E+00,1.00000000E-01,3.52573000E-03,1.04980939E+06,5.79672580E+01,1.30166680E+02,-0.00000000E+00,-0.00000000E+00,-1.94374080E-35,-2.86192115E-35,1.62862798E+06,8.57360897E+05,1.67008494E-04,8.79351500E-05,-1.62569985E+06,-8.55201356E+05,-1.41059879E-01,-1.56952345E+00,-0.00000000E+00,-0.00000000E+00,8.01439858E-07,4.67789365E-07,-0.00000000E+00,-0.00000000E+00,8.01440120E-07,4.67789643E-07,-3.25365693E+03,-2.39956339E+03,-5.16545711E-01,-1.55722325E+00,3.25366063E+02,2.39956612E+02,2.16000000E+02,2.40000000E+02,1.04980939E+06,5.79672580E+01,1.30166680E+02
2.00000000E+00,1.00000000E-01,3.52593188E-03,1.04980938E+06,5.83361470E+01,1.47395861E+02,-0.00000000E+00,-0.00000000E+00,-2.23098688E-35,-2.88013373E-35,1.71436426E+06,8.57362719E+05,1.75802027E-04,8.79353346E-05,-1.71122016E+06,-8.55203178E+05,-3.59994845E-01,-2.74656098E+00,-0.00000000E+00,-0.00000000E+00,8.48218863E-07,4.67789964E-07,-0.00000000E+00,-0.00000000E+00,8.48219153E-07,4.67790241E-07,-3.49361327E+03,-2.39956338E+03,-6.72737118E-01,-1.56429653E+00,3.49361724E+02,2.39956610E+02,2.40000000E+02,2.40000000E+02,1.04980938E+06,5.83361470E+01,1.47395861E+02
2.10000000E+00,1.00000000E-01,3.52613375E-03,1.04980937E+06,5.84992361E+01,1.64198601E+02,-0.00000000E+00,-0.00000000E+00,-2.51947982E-35,-2.88818567E-35,1.80010071E+06,8.57364537E+05,1.84595579E-04,8.79355188E-05,-1.79674066E+06,-8.55204997E+05,-6.83533040E-01,-3.61626383E+00,-0.00000000E+00,-0.00000000E+00,8.94997929E-07,4.67790590E-07,-0.00000000E+00,-0.00000000E+00,8.94998247E-07,4.67790868E-07,-3.73356961E+03,-2.39956336E+03,-8.29237971E-01,-1.56534923E+00,3.73357384E+02,2.39956609E+02,2.64000000E+02,2.40000000E+02,1.04980937E+06,5.84992361E+01,1.64198601E+02
2.20000000E+00,1.00000000E-01,3.52633560E-03,1.04980937E+06,5.85576050E+01,1.80533043E+02,-0.00000000E+00,-0.00000000E+00,-2.80847488E-35,-2.89106743E-35,1.88583735E+06,8.57366352E+05,1.93389150E-04,8.79357026E-05,-1.88226134E+06,-8.55206811E+05,-1.07111040E+00,-4.05615835E+00,-0.00000000E+00,-0.00000000E+00,9.41777059E-07,4.67791227E-07,-0.00000000E+00,-0.00000000E+00,9.41777404E-07,4.67791505E-07,-3.97352594E+03,-2.39956335E+03,-9.85782057E-01,-1.56548303E+00,3.97353045E+02,2.39956607E+02,2.88000000E+02,2.40000000E+02,1.04980937E+06,5.85576050E+01,1.80533043E+02
2.30000000E+00,1.00000000E-01,3.52653743E-03,1.04980936E+06,5.85746035E+01,1.96388487E+02,-0.00000000E+00,-0.00000000E+00,-3.09763431E-35,-2.89190667E-35,1.97157416E+06,8.57368163E+05,2.02182738E-04,8.79358860E-05,-1.96778221E+06,-8.55208622E+05,-1.48673720E+00,-4.21974785E+00,-0.00000000E+00,-0.00000000E+00,9.88556251E-07,4.67791865E-07,-0.00000000E+00,-0.00000000E+00,9.88556624E-07,4.67792142E-07,-4.21348227E+03,-2.39956333E+03,-1.14233148E+00,-1.56549953E+00,4.21348706E+02,2.39956606E+02,3.12000000E+02,2.40000000E+02,1.04980936E+06,5.85746035E+01,1.96388487E+02
2.40000000E+00,1.00000000E-01,3.52673923E-03,1.04980935E+06,5.85786842E+01,2.11770519E+02,-0.00000000E+00,-0.00000000E+00,-3.38683790E-35,-2.89210814E-35,2.05731116E+06,8.57369971E+05,2.10976345E-04,8.79360691E-05,-2.05330325E+06,-8.55210430E+05,-1.91169023E+00,-4.26705917E+00,-0.00000000E+00,-0.00000000E+00,1.03533551E-06,4.67792498E-07,-0.00000000E+00,-0.00000000E+00,1.03533591E-06,4.67792775E-07,-4.45343860E+03,-2.39956331E+03,-1.29888166E+00,-1.56550293E+00,4.45344366E+02,2.39956604E+02,3.36000000E+02,2.40000000E+02,1.04980935E+06,5.85786842E+01,2.11770519E+02
2.50000000E+00,1.00000000E-01,3.52694102E-03,1.04980935E+06,5.85794836E+01,2.26690852E+02,-0.00000000E+00,-0.00000000E+00,-3.67605132E-35,-2.89214760E-35,2.14304834E+06,8.57371774E+05,2.19769970E-04,8.79362518E-05,-2.13882447E+06,-8.55212233E+05,-2.33911280E+00,-4.27819310E+00,-0.00000000E+00,-0.00000000E+00,1.08211482E-06,4.67793124E-07,-0.00000000E+00,-0.00000000E+00,1.08211525E-06,4.67793401E-07,-4.69339493E+03,-2.39956330E+03,-1.45543207E+00,-1.56550500E+00,4.69340027E+02,2.39956603E+02,3.60000000E+02,2.40000000E+02,1.04980935E+06,5.85794836E+01,2.26690852E+02
2.60000000E+00,1.00000000E-01,3.52714278E-03,1.04980934E+06,5.85795847E+01,2.41162772E+02,-0.00000000E+00,-0.00000000E+00,-3.96526644E-35,-2.89215260E-35,2.22878569E+06,8.57373575E+05,2.28563614E-04,8.79364342E-05,-2.22434588E+06,-8.55214034E+05,-2.76707777E+00,-4.28041491E+00,-0.00000000E+00,-0.00000000E+00,1.12889420E-06,4.67793743E-07,-0.00000000E+00,-0.00000000E+00,1.12889466E-06,4.67794021E-07,-4.93335126E+03,-2.39956328E+03,-1.61198269E+00,-1.56550694E+00,4.93335687E+02,2.39956601E+02,3.84000000E+02,2.40000000E+02,1.04980934E+06,5.85795847E+01,2.41162772E+02
2.70000000E+00,1.00000000E-01,3.52734453E-03,1.04980933E+06,5.85795580E+01,2.55199642E+02,-0.00000000E+00,-0.00000000E+00,-4.25448164E-35,-2.89215128E-35,2.31452323E+06,8.57375372E+05,2.37357275E-04,8.79366162E-05,-2.30986746E+06,-8.55215830E+05,-3.19514601E+00,-4.28081584E+00,-0.00000000E+00,-0.00000000E+00,1.17567365E-06,4.67794356E-07,-0.00000000E+00,-0.00000000E+00,1.17567413E-06,4.67794633E-07,-5.17330759E+03,-2.39956327E+03,-1.76853350E+00,-1.56550887E+00,5.17331347E+02,2.39956600E+02,4.08000000E+02,2.40000000E+02,1.04980933E+06,5.85795580E+01,2.55199642E+02
2.80000000E+00,1.00000000E-01,3.52754625E-03,1.04980933E+06,5.85795108E+01,2.68814521E+02,-0.00000000E+00,-0.00000000E+00,-4.54369664E-35,-2.89214895E-35,2.40026095E+06,8.57377165E+05,2.46150955E-04,8.79367978E-05,-2.39538922E+06,-8.55217624E+05,-3.62323318E+00,-4.28089748E+00,-0.00000000E+00,-0.00000000E+00,1.22245315E-06,4.67794961E-07,-0.00000000E+00,-0.00000000E+00,1.22245366E-06,4.67795239E-07,-5.41326391E+03,-2.39956325E+03,-1.92508450E+00,-1.56551081E+00,5.41327006E+02,2.39956598E+02,4.32000000E+02,2.40000000E+02,1.04980933E+06,5.85795108E+01,2.68814521E+02
2.90000000E+00,1.00000000E-01,3.52774795E-03,1.04980932E+06,5.85794606E+01,2.82020090E+02,-0.00000000E+00,-0.00000000E+00,-4.83291140E-35,-2.89214647E-35,2.48599884E+06,8.57378955E+05,2.54944653E-04,8.79369791E-05,-2.48091116E+06,-8.55219413E+05,-4.05132521E+00,-4.28092978E+00,-0.00000000E+00,-0.00000000E+00,1.26923271E-06,4.67795560E-07,-0.00000000E+00,-0.00000000E+00,1.26923325E-06,4.67795837E-07,-5.65322024E+03,-2.39956323E+03,-2.08163569E+00,-1.56551274E+00,5.65322666E+02,2.39956596E+02,4.56000000E+02,2.40000000E+02,1.04980932E+06,5.85794606E+01,2.82020090E+02
3.00000000E+00,1.00000000E-01,3.52794963E-03,1.04980931E+06,5.85794100E+01,2.94828656E+02,-0.00000000E+00,-0.00000000E+00,-5.12212591E-35,-2.89214397E-35,2.57173692E+06,8.57380741E+05,2.63738369E-04,8.79371601E-05,-2.56643328E+06,-8.55221200E+05,-4.47942001E+00,-4.28095522E+00,-0.00000000E+00,-0.00000000E+00,1.31601233E-06,4.67796152E-07,-0.00000000E+00,-0.00000000E+00,1.31601290E-06,4.67796429E-07,-5.89317656E+03,-2.39956322E+03,-2.23818708E+00,-1.56551467E+00,5.89318326E+02,2.39956595E+02,4.80000000E+02,2.40000000E+02,1.04980931E+06,5.85794100E+01,2.94828656E+02
3.10000000E+00,1.00000000E-01,3.52815129E-03,1.04980931E+06,5.85793594E+01,3.07252152E+02,-0.00000000E+00,-0.00000000E+00,-5.41134017E-35,-2.89214148E-35,2.65747517E+06,8.57382524E+05,2.72532103E-04,8.79373407E-05,-2.65195558E+06,-8.55222983E+05,-4.90751729E+00,-4.28097979E+00,-0.00000000E+00,-0.00000000E+00,1.36279201E-06,4.67796737E-07,-0.00000000E+00,-0.00000000E+00,1.36279260E-06,4.67797014E-07,-6.13313288E+03,-2.39956320E+03,-2.39473867E+00,-1.56551660E+00,6.13313985E+02,2.39956593E+02,5.04000000E+02,2.40000000E+02,1.04980931E+06,5.85793594E+01,3.07252152E+02
3.20000000E+00,1.00000000E-01,3.52835292E-03,1.04980930E+06,5.85793088E+01,3.19302156E+02,-0.00000000E+00,-0.00000000E+00,-5.70055418E-35,-2.89213898E-35,2.74321360E+06,8.57384304E+05,2.81325856E-04,8.79375210E-05,-2.73747806E+06,-8.55224763E+05,-5.33561701E+00,-4.28100425E+00,-0.00000000E+00,-0.00000000E+00,1.40957175E-06,4.67797316E-07,-0.00000000E+00,-0.00000000E+00,1.40957237E-06,4.67797593E-07,-6.37308920E+03,-2.39956319E+03,-2.55129044E+00,-1.56551854E+00,6.37309644E+02,2.39956592E+02,5.28000000E+02,2.40000000E+02,1.04980930E+06,5.85793088E+01,3.19302156E+02
3.30000000E+00,1.00000000E-01,3.52855454E-03,1.04980930E+06,5.85792582E+01,3.30989896E+02,-0.00000000E+00,-0.00000000E+00,-5.98976794E-35,-2.89213648E-35,2.82895221E+06,8.57386081E+05,2.90119626E-04,8.79377009E-05,-2.82300071E+06,-8.55226539E+05,-5.76371919E+00,-4.28102870E+00,-0.00000000E+00,-0.00000000E+00,1.45635154E-06,4.67797888E-07,-0.00000000E+00,-0.00000000E+00,1.45635219E-06,4.67798166E-07,-6.61304552E+03,-2.39956317E+03,-2.70784241E+00,-1.56552047E+00,6.61305303E+02,2.39956590E+02,5.52000000E+02,2.40000000E+02,1.04980930E+06,5.85792582E+01,3.30989896E+02
3.40000000E+00,1.00000000E-01,3.52875613E-03,1.04980929E+06,5.85792076E+01,3.42326263E+02,-0.00000000E+00,-0.00000000E+00,-6.27898145E-35,-2.89213398E-35,2.91469099E+06,8.57387854E+05,2.98913414E-04,8.79378806E-05,-2.90852354E+06,-8.55228312E+05,-6.19182380E+00,-4.28105315E+00,-0.00000000E+00,-0.00000000E+00,1.50313139E-06,4.67798455E-07,-0.00000000E+00,-0.00000000E+00,1.50313207E-06,4.67798732E-07,-6.85300183E+03,-2.39956316E+03,-2.86439457E+00,-1.56552240E+00,6.85300962E+02,2.39956589E+02,5.76000000E+02,2.40000000E+02,1.04980929E+06,5.85792076E+01,3.42326263E+02
3.50000000E+00,1.00000000E-01,3.52895770E-03,1.04980928E+06,5.85791570E+01,3.53321821E+02,-0.00000000E+00,-0.00000000E+00,-6.56819471E-35,-2.89213148E-35,3.00042996E+06,8.57389624E+05,3.07707220E-04,8.79380598E-05,-2.99404655E+06,-8.55230082E+05,-6.61993087E+00,-4.28107759E+00,-0.00000000E+00,-0.00000000E+00,1.54991130E-06,4.67799015E-07,-0.00000000E+00,-0.00000000E+00,1.54991200E-06,4.67799292E-07,-7.09295815E+03,-2.39956314E+03,-3.02094692E+00,-1.56552433E+00,7.09296621E+02,2.39956587E+02,6.00000000E+02,2.40000000E+02,1.04980928E+06,5.85791570E+01,3.53321821E+02
3.60000000E+00,1.00000000E-01,3.52915925E-03,1.04980928E+06,5.85791064E+01,3.63986814E+02,-0.00000000E+00,-0.00000000E+00,-6.85740772E-35,-2.89212898E-35,3.08616909E+06,8.57391391E+05,3.16501044E-04,8.79382388E-05,-3.07956974E+06,-8.55231849E+05,-7.04804037E+00,-4.28110203E+00,-0.00000000E+00,-0.00000000E+00,1.59669126E-06,4.67799569E-07,-0.00000000E+00,-0.00000000E+00,1.59669199E-06,4.67799847E-07,-7.33291446E+03,-2.39956312E+03,-3.17749947E+00,-1.56552626E+00,7.33292279E+02,2.39956586E+02,6.24000000E+02,2.40000000E+02,1.04980928E+06,5.85791064E+01,3.63986814E+02
3.70000000E+00,1.00000000E-01,3.52936078E-03,1.04980927E+06,5.85790558E+01,3.74331181E+02,-0.00000000E+00,-0.00000000E+00,-7.14662048E-35,-2.89212648E-35,3.17190841E+06,8.57393155E+05,3.25294886E-04,8.79384175E-05,-3.16509310E+06,-8.55233612E+05,-7.47615232E+00,-4.28112647E+00,-0.00000000E+00,-0.00000000E+00,1.64347128E-06,4.67800118E-07,-0.00000000E+00,-0.00000000E+00,1.64347204E-06,4.67800395E-07,-7.57287077E+03,-2.39956311E+03,-3.33405221E+00,-1.56552819E+00,7.57287938E+02,2.39956584E+02,6.48000000E+02,2.40000000E+02,1.04980927E+06,5.85790558E+01,3.74331181E+02
3.80000000E+00,1.00000000E-01,3.52956229E-03,1.04980926E+06,5.85790052E+01,3.84364562E+02,-0.00000000E+00,-0.00000000E+00,-7.43583299E-35,-2.89212399E-35,3.25764790E+06,8.57394915E+05,3.34088745E-04,8.79385958E-05,-3.25061663E+06,-8.55235373E+05,-7.90426672E+00,-4.28115091E+00,-0.00000000E+00,-0.00000000E+00,1.69025135E-06,4.67800660E-07,-0.00000000E+00,-0.00000000E+00,1.69025214E-06,4.67800938E-07,-7.81282708E+03,-2.39956309E+03,-3.49060515E+00,-1.56553012E+00,7.81283596E+02,2.39956582E+02,6.72000000E+02,2.40000000E+02,1.04980926E+06,5.85790052E+01,3.84364562E+02
3.90000000E+00,1.00000000E-01,3.52976377E-03,1.04980926E+06,5.85789546E+01,3.94096305E+02,-0.00000000E+00,-0.00000000E+00,-7.72504525E-35,-2.89212149E-35,3.34338757E+06,8.57396672E+05,3.42882623E-04,8.79387738E-05,-3.33614035E+06,-8.55237130E+05,-8.33238356E+00,-4.28117534E+00,-0.00000000E+00,-0.00000000E+00,1.73703147E-06,4.67801198E-07,-0.00000000E+00,-0.00000000E+00,1.73703229E-06,4.67801475E-07,-8.05278339E+03,-2.39956308E+03,-3.64715827E+00,-1.56553205E+00,8.05279254E+02,2.39956581E+02,6.96000000E+02,2.40000000E+02,1.04980926E+06,5.85789546E+01,3.94096305E+02
4.00000000E+00,1.00000000E-01,3.52996523E-03,1.04980925E+06,5.85789040E+01,4.03535478E+02,-0.00000000E+00,-0.00000000E+00,-8.01425727E-35,-2.89211899E-35,3.42912741E+06,8.57398427E+05,3.51676518E-04,8.79389515E-05,-3.42166424E+06,-8.55238884E+05,-8.76050284E+00,-4.28119977E+00,-0.00000000E+00,-0.00000000E+00,1.78381165E-06,4.67801729E-07,-0.00000000E+00,-0.00000000E+00,1.78381249E-06,4.67802007E-07,-8.29273969E+03,-2.39956306E+03,-3.80371159E+00,-1.56553398E+00,8.29274912E+02,2.39956579E+02,7.20000000E+02,2.40000000E+02,1.04980925E+06,5.85789040E+01,4.03535478E+02
4.10000000E+00,1.00000000E-01,3.53016667E-03,1.04980924E+06,5.85788535E+01,4.12690878E+02,-0.00000000E+00,-0.00000000E+00,-8.30346903E-35,-2.89211650E-35,3.51486743E+06,8.57400178E+05,3.60470431E-04,8.79391289E-05,-3.50718830E+06,-8.55240635E+05,-9.18862456E+00,-4.28122420E+00,-0.00000000E+00,-0.00000000E+00,1.83059188E-06,4.67802255E-07,-0.00000000E+00,-0.00000000E+00,1.83059275E-06,4.67802533E-07,-8.53269600E+03,-2.39956305E+03,-3.96026511E+00,-1.56553591E+00,8.53270570E+02,2.39956578E+02,7.44000000E+02,2.40000000E+02,1.04980924E+06,5.85788535E+01,4.12690878E+02
4.20000000E+00,1.00000000E-01,3.53036809E-03,1.04980924E+06,5.85788029E+01,4.21571035E+02,-0.00000000E+00,-0.00000000E+00,-8.59268054E-35,-2.89211400E-35,3.60060762E+06,8.57401926E+05,3.69264361E-04,8.79393060E-05,-3.59271254E+06,-8.55242384E+05,-9.61674873E+00,-4.28124862E+00,-0.00000000E+00,-0.00000000E+00,1.87737216E-06,4.67802776E-07,-0.00000000E+00,-0.00000000E+00,1.87737306E-06,4.67803054E-07,-8.77265230E+03,-2.39956303E+03,-4.11681881E+00,-1.56553784E+00,8.77266227E+02,2.39956576E+02,7.68000000E+02,2.40000000E+02,1.04980924E+06,5.85788029E+01,4.21571035E+02
4.30000000E+00,1.00000000E-01,3.53056949E-03,1.04980923E+06,5.85787523E+01,4.30184224E+02,-0.00000000E+00,-0.00000000E+00,-8.88189180E-35,-2.89211150E-35,3.68634799E+06,8.57403672E+05,3.78058310E-04,8.79394827E-05,-3.67823695E+06,-8.55244129E+05,-1.00448753E+01,-4.28127305E+00,-0.00000000E+00,-0.00000000E+00,1.92415250E-06,4.67803292E-07,-0.00000000E+00,-0.00000000E+00,1.92415342E-06,4.67803570E-07,-9.01260860E+03,-2.39956301E+03,-4.27337271E+00,-1.56553977E+00,9.01261885E+02,2.39956575E+02,7.92000000E+02,2.40000000E+02,1.04980923E+06,5.85787523E+01,4.30184224E+02
4.40000000E+00,1.00000000E-01,3.53077087E-03,1.04980922E+06,5.85787018E+01,4.38538471E+02,-0.00000000E+00,-0.00000000E+00,-9.17110282E-35,-2.89210901E-35,3.77208853E+06,8.57405414E+05,3.86852276E-04,8.79396592E-05,-3.76376154E+06,-8.55245871E+05,-1.04730044E+01,-4.28129747E+00,-0.00000000E+00,-0.00000000E+00,1.97093288E-06,4.67803803E-07,-0.00000000E+00,-0.00000000E+00,1.97093384E-06,4.67804080E-07,-9.25256490E+03,-2.39956300E+03,-4.42992680E+00,-1.56554170E+00,9.25257542E+02,2.39956573E+02,8.16000000E+02,2.40000000E+02,1.04980922E+06,5.85787018E+01,4.38538471E+02
4.50000000E+00,1.00000000E-01,3.53097223E-03,1.04980922E+06,5.85786512E+01,4.46641561E+02,-0.00000000E+00,-0.00000000E+00,-9.46031358E-35,-2.89210651E-35,3.85782925E+06,8.57407154E+05,3.95646259E-04,8.79398354E-05,-3.84928630E+06,-8.55247610E+05,-1.09011359E+01,-4.28132189E+00,-0.00000000E+00,-0.00000000E+00,2.01771332E-06,4.67804308E-07,-0.00000000E+00,-0.00000000E+00,2.01771430E-06,4.67804586E-07,-9.49252120E+03,-2.39956298E+03,-4.58648109E+00,-1.56554363E+00,9.49253199E+02,2.39956572E+02,8.40000000E+02,2.40000000E+02,1.04980922E+06,5.85786512E+01,4.46641561E+02
4.60000000E+00,1.00000000E-01,3.53117356E-03,1.04980921E+06,5.85786007E+01,4.54501044E+02,-0.00000000E+00,-0.00000000E+00,-9.74952409E-35,-2.89210402E-35,3.94357013E+06,8.57408890E+05,4.04440260E-04,8.79400113E-05,-3.93481123E+06,-8.55249347E+05,-1.13292698E+01,-4.28134630E+00,-0.00000000E+00,-0.00000000E+00,2.06449380E-06,4.67804809E-07,-0.00000000E+00,-0.00000000E+00,2.06449481E-06,4.67805086E-07,-9.73247750E+03,-2.39956297E+03,-4.74303556E+00,-1.56554556E+00,9.73248856E+02,2.39956570E+02,8.64000000E+02,2.40000000E+02,1.04980921E+06,5.85786007E+01,4.54501044E+02
4.70000000E+00,1.00000000E-01,3.53137487E-03,1.04980921E+06,5.85785501E+01,4.62124244E+02,-0.00000000E+00,-0.00000000E+00,-1.00387344E-34,-2.89210152E-35,4.02931120E+06,8.57410624E+05,4.13234279E-04,8.79401869E-05,-4.02033634E+06,-8.55251080E+05,-1.17574062E+01,-4.28137072E+00,-0.00000000E+00,-0.00000000E+00,2.11127434E-06,4.67805305E-07,-0.00000000E+00,-0.00000000E+00,2.11127538E-06,4.67805582E-07,-9.97243379E+03,-2.39956295E+03,-4.89959024E+00,-1.56554749E+00,9.97244513E+02,2.39956569E+02,8.88000000E+02,2.40000000E+02,1.04980921E+06,5.85785501E+01,4.62124244E+02
4.80000000E+00,1.00000000E-01,3.53157616E-03,1.04980920E+06,5.85784996E+01,4.69518264E+02,-0.00000000E+00,-0.00000000E+00,-1.03279444E-34,-2.89209903E-35,4.11505243E+06,8.57412355E+05,4.22028315E-04,8.79403622E-05,-4.10586162E+06,-8.55252811E+05,-1.21855450E+01,-4.28139513E+00,-0.00000000E+00,-0.00000000E+00,2.15805492E-06,4.67805796E-07,-0.00000000E+00,-0.00000000E+00,2.15805599E-06,4.67806073E-07,-1.02123901E+04,-2.39956294E+03,-5.05614510E+00,-1.56554941E+00,1.02124017E+03,2.39956567E+02,9.12000000E+02,2.40000000E+02,1.04980920E+06,5.85784996E+01,4.69518264E+02
4.90000000E+00,1.00000000E-01,3.53177743E-03,1.04980919E+06,5.85784491E+01,4.76689995E+02,-0.00000000E+00,-0.00000000E+00,-1.06171541E-34,-2.89209653E-35,4.20079384E+06,8.57414083E+05,4.30822369E-04,8.79405373E-05,-4.19138708E+06,-8.55254539E+05,-1.26136863E+01,-4.28141954E+00,-0.00000000E+00,-0.00000000E+00,2.20483555E-06,4.67806282E-07,-0.00000000E+00,-0.00000000E+00,2.20483665E-06,4.67806560E-07,-1.04523464E+04,-2.39956292E+03,-5.21270015E+00,-1.56555134E+00,1.04523583E+03,2.39956565E+02,9.36000000E+02,2.40000000E+02,1.04980919E+06,5.85784491E+01,4.76689995E+02
5.00000000E+00,1.00000000E-01,3.53197868E-03,1.04980919E+06,5.85783986E+01,4.83646118E+02,-0.00000000E+00,-0.00000000E+00,-1.09063637E-34,-2.89209404E-35,4.28653542E+06,8.57415808E+05,4.39616440E-04,8.79407120E-05,-4.27691270E+06,-8.55256264E+05,-1.30418300E+01,-4.28144394E+00,-0.00000000E+00,-0.00000000E+00,2.25161623E-06,4.67806764E-07,-0.00000000E+00,-0.00000000E+00,2.25161736E-06,4.67807041E-07,-1.06923027E+04,-2.39956290E+03,-5.36925540E+00,-1.56555327E+00,1.06923148E+03,2.39956564E+02,9.60000000E+02,2.40000000E+02,1.04980919E+06,5.85783986E+01,4.83646118E+02
5.10000000E+00,1.00000000E-01,3.53217991E-03,1.04980918E+06,5.85783480E+01,4.90393117E+02,-0.00000000E+00,-0.00000000E+00,-1.11955729E-34,-2.89209154E-35,4.37227717E+06,8.57417530E+05,4.48410529E-04,8.79408865E-05,-4.36243850E+06,-8.55257986E+05,-1.34699761E+01,-4.28146835E+00,-0.00000000E+00,-0.00000000E+00,2.29839696E-06,4.67807241E-07,-0.00000000E+00,-0.00000000E+00,2.29839811E-06,4.67807519E-07,-1.09322590E+04,-2.39956289E+03,-5.52581084E+00,-1.56555520E+00,1.09322714E+03,2.39956562E+02,9.84000000E+02,2.40000000E+02,1.04980918E+06,5.85783480E+01,4.90393117E+02
5.20000000E+00,1.00000000E-01,3.53238111E-03,1.04980917E+06,5.85782975E+01,4.96937277E+02,-0.00000000E+00,-0.00000000E+00,-1.14847819E-34,-2.89208905E-35,4.45801910E+06,8.57419250E+05,4.57204635E-04,8.79410607E-05,-4.44796447E+06,-8.55259706E+05,-1.38981247E+01,-4.28149275E+00,-0.00000000E+00,-0.00000000E+00,2.34517774E-06,4.67807714E-07,-0.00000000E+00,-0.00000000E+00,2.34517892E-06,4.67807992E-07,-1.11722152E+04,-2.39956287E+03,-5.68236648E+00,-1.56555713E+00,1.11722280E+03,2.39956561E+02,1.00800000E+03,2.40000000E+02,1.04980917E+06,5.85782975E+01,4.96937277E+02
5.30000000E+00,1.00000000E-01,3.53258229E-03,1.04980917E+06,5.85782470E+01,5.03284697E+02,-0.00000000E+00,-0.00000000E+00,-1.17739907E-34,-2.89208655E-35,4.54376120E+06,8.57420967E+05,4.65998759E-04,8.79412346E-05,-4.53349061E+06,-8.55261423E+05,-1.43262757E+01,-4.28151715E+00,-0.00000000E+00,-0.00000000E+00,2.39195856E-06,4.67808183E-07,-0.00000000E+00,-0.00000000E+00,2.39195977E-06,4.67808460E-07,-1.14121715E+04,-2.39956286E+03,-5.83892231E+00,-1.56555905E+00,1.14121845E+03,2.39956559E+02,1.03200000E+03,2.40000000E+02,1.04980917E+06,5.85782470E+01,5.03284697E+02
5.40000000E+00,1.00000000E-01,3.53278346E-03,1.04980916E+06,5.85781965E+01,5.09441292E+02,-0.00000000E+00,-0.00000000E+00,-1.20631992E-34,-2.89208406E-35,4.62950346E+06,8.57422681E+05,4.74792899E-04,8.79414082E-05,-4.61901693E+06,-8.55263137E+05,-1.47544292E+01,-4.28154154E+00,-0.00000000E+00,-0.00000000E+00,2.43873943E-06,4.67808647E-07,-0.00000000E+00,-0.00000000E+00,2.43874066E-06,4.67808924E-07,-1.16521278E+04,-2.39956284E+03,-5.99547833E+00,-1.56556098E+00,1.16521411E+03,2.39956558E+02,1.05600000E+03,2.40000000E+02,1.04980916E+06,5.85781965E+01,5.09441292E+02
5.50000000E+00,1.00000000E-01,3.53298460E-03,1.04980916E+06,5.85781460E+01,5.15412798E+02,-0.00000000E+00,-0.00000000E+00,-1.23524075E-34,-2.89208157E-35,4.71524590E+06,8.57424392E+05,4.83587058E-04,8.79415816E-05,-4.70454341E+06,-8.55264849E+05,-1.51825851E+01,-4.28156594E+00,-0.00000000E+00,-0.00000000E+00,2.48552035E-06,4.67809107E-07,-0.00000000E+00,-0.00000000E+00,2.48552161E-06,4.67809385E-07,-1.18920841E+04,-2.39956283E+03,-6.15203454E+00,-1.56556291E+00,1.18920976E+03,2.39956556E+02,1.08000000E+03,2.40000000E+02,1.04980916E+06,5.85781460E+01,5.15412798E+02
