Time [d],dt_flow [d],dt_tran [d],Global Water Mass in Liquid Phas [kg],Global Vaq [mol],Global Vim [mol],Top Water Mass [kg],Top Water Mass [kg/d],Top Vaq [mol],Top Vaq [mol/d],Right Water Mass [kg],Right Water Mass [kg/d],Right Vaq [mol],Right Vaq [mol/d],Left Water Mass [kg],Left Water Mass [kg/d],Left Vaq [mol],Left Vaq [mol/d],North Water Mass [kg],North Water Mass [kg/d],North Vaq [mol],North Vaq [mol/d],South Water Mass [kg],South Water Mass [kg/d],South Vaq [mol],South Vaq [mol/d],ExtractWell Water Mass [kg],ExtractWell Water Mass [kg/d],ExtractWell Vaq [mol],ExtractWell Vaq [mol/d],InjectWell Water Mass [kg],InjectWell Water Mass [kg/d],InjectWell Vaq [mol],InjectWell Vaq [mol/d],Region Region__all Water Mass [kg],Region Region__all Vaq Total Mas [mol],Region Region__all Vim Total Mas [mol]
1.00000000E-01,3.70000000E-02,1.27466949E-03,1.04981122E+06,6.73740765E-05,3.97480430E-05,-0.00000000E+00,-0.00000000E+00,1.05712361E-42,1.85764559E-41,2.15186738E+05,2.15190167E+06,2.17917173E-05,2.18107180E-04,-2.15178969E+05,-2.15176632E+06,-1.68076350E-05,-1.29551325E-04,-0.00000000E+00,-0.00000000E+00,3.04937332E-08,5.34827071E-07,-0.00000000E+00,-0.00000000E+00,3.04937329E-08,5.34827061E-07,-8.71762425E+00,-1.51172673E+02,-6.22563146E-10,-9.09360938E-09,8.71764870E-01,1.51173098E+01,8.71920000E-11,1.51200000E-09,1.04981122E+06,6.73740765E-05,3.97480430E-05
2.00000000E-01,3.60000000E-02,3.57756810E-04,1.04981116E+06,4.99180817E-05,6.56324989E-05,-0.00000000E+00,-0.00000000E+00,3.40985776E-42,2.71947300E-41,4.30383707E+05,2.15200315E+06,4.36031457E-05,2.18117679E-04,-4.30349426E+05,-2.15164955E+06,-2.69345733E-05,-7.81727590E-05,-0.00000000E+00,-0.00000000E+00,9.80675111E-08,7.79654509E-07,-0.00000000E+00,-0.00000000E+00,9.80675091E-08,7.79654496E-07,-3.82418856E+01,-3.93528837E+02,-1.96809178E-09,-1.42407132E-08,3.82419936E+00,3.93529952E+01,3.82488000E-10,3.93600000E-09,1.04981116E+06,4.99180817E-05,6.56324989E-05
3.00000000E-01,1.00000000E-01,1.26302218E-03,1.04981111E+06,4.25049719E-05,8.51930866E-05,-0.00000000E+00,-0.00000000E+00,6.34320965E-42,3.08546882E-41,6.45589562E+05,2.15205855E+06,6.54154713E-05,2.18123252E-04,-6.45512138E+05,-2.15162712E+06,-3.30556604E-05,-4.73611825E-05,-0.00000000E+00,-0.00000000E+00,1.82040696E-07,8.82269140E-07,-0.00000000E+00,-0.00000000E+00,1.82040696E-07,8.82269213E-07,-8.62332048E+01,-4.79913192E+02,-3.34095038E-09,-1.10616866E-08,8.62334492E+00,4.79914556E+01,8.62488000E-10,4.80000000E-09,1.04981111E+06,4.25049719E-05,8.51930866E-05
4.00000000E-01,1.00000000E-01,1.49011490E-03,1.04981106E+06,3.98842280E-05,1.01963570E-04,-0.00000000E+00,-0.00000000E+00,9.50721408E-42,3.21485868E-41,8.60804518E+05,2.15214956E+06,8.72287121E-05,2.18132403E-04,-8.60662352E+05,-2.15150214E+06,-3.67829167E-05,-2.92343029E-05,-0.00000000E+00,-0.00000000E+00,2.72445172E-07,9.18085192E-07,-0.00000000E+00,-0.00000000E+00,2.72445190E-07,9.18085416E-07,-1.58220180E+02,-7.19869756E+02,-4.84068203E-09,-1.42524698E-08,1.58220630E+01,7.19871804E+01,1.58248800E-09,7.20000000E-09,1.04981106E+06,3.98842280E-05,1.01963570E-04
5.00000000E-01,1.00000000E-01,1.71850166E-03,1.04981102E+06,3.92806569E-05,1.17558593E-04,-0.00000000E+00,-0.00000000E+00,1.27416052E-41,3.24465785E-41,1.07602847E+06,2.15223950E+06,1.09042857E-04,2.18141446E-04,-1.07579996E+06,-2.15137610E+06,-3.92251786E-05,-2.13349700E-05,-0.00000000E+00,-0.00000000E+00,3.64788759E-07,9.26237415E-07,-0.00000000E+00,-0.00000000E+00,3.64788807E-07,9.26237743E-07,-2.54202811E+02,-9.59826301E+02,-6.72706739E-09,-1.88208568E-08,2.54203533E+01,9.59829032E+01,2.54248800E-09,9.60000000E-09,1.04981102E+06,3.92806569E-05,1.17558593E-04
6.00000000E-01,1.00000000E-01,3.38429371E-04,1.04981098E+06,3.92160558E-05,1.32565347E-04,-0.00000000E+00,-0.00000000E+00,1.59885465E-41,3.24784730E-41,1.29126137E+06,2.15232901E+06,1.30857902E-04,2.18150445E-04,-1.29092493E+06,-2.15124964E+06,-4.12593749E-05,-1.98926820E-05,-0.00000000E+00,-0.00000000E+00,4.57474463E-07,9.27102164E-07,-0.00000000E+00,-0.00000000E+00,4.57474551E-07,9.27102579E-07,-3.74181093E+02,-1.19978283E+03,-9.07967847E-09,-2.35276227E-08,3.74182157E+01,1.19978624E+02,3.74248800E-09,1.20000000E-08,1.04981098E+06,3.92160558E-05,1.32565347E-04
7.00000000E-01,1.00000000E-01,5.68394835E-04,1.04981093E+06,3.92140806E-05,1.47111604E-04,-0.00000000E+00,-0.00000000E+00,1.92364779E-41,3.24794482E-41,1.50650320E+06,2.15241835E+06,1.52673846E-04,2.18159428E-04,-1.50603723E+06,-2.15112301E+06,-4.32416929E-05,-1.98000795E-05,-0.00000000E+00,-0.00000000E+00,5.50187061E-07,9.27130222E-07,-0.00000000E+00,-0.00000000E+00,5.50187198E-07,9.27130724E-07,-5.18155026E+02,-1.43973933E+03,-1.19034056E-08,-2.82401164E-08,5.18156500E+01,1.43974343E+02,5.18248800E-09,1.44000000E-08,1.04981093E+06,3.92140806E-05,1.47111604E-04
8.00000000E-01,1.00000000E-01,7.97298806E-04,1.04981089E+06,3.92150304E-05,1.61220738E-04,-0.00000000E+00,-0.00000000E+00,2.24843974E-41,3.24789793E-41,1.72175396E+06,2.15250758E+06,1.74490686E-04,2.18168399E-04,-1.72113686E+06,-2.15099629E+06,-4.52214186E-05,-1.97970290E-05,-0.00000000E+00,-0.00000000E+00,6.42899523E-07,9.27119524E-07,-0.00000000E+00,-0.00000000E+00,6.42899717E-07,9.27120115E-07,-6.86124608E+02,-1.67969582E+03,-1.51985685E-08,-3.29549466E-08,6.86126560E+01,1.67970060E+02,6.86248800E-09,1.68000000E-08,1.04981089E+06,3.92150304E-05,1.61220738E-04
9.00000000E-01,1.00000000E-01,1.02514944E-03,1.04981085E+06,3.92160420E-05,1.74906245E-04,-0.00000000E+00,-0.00000000E+00,2.57322676E-41,3.24784799E-41,1.93701364E+06,2.15259674E+06,1.96308423E-04,2.18177363E-04,-1.93622380E+06,-2.15086948E+06,-4.72010253E-05,-1.97963634E-05,-0.00000000E+00,-0.00000000E+00,7.35610837E-07,9.27107898E-07,-0.00000000E+00,-0.00000000E+00,7.35611097E-07,9.27108576E-07,-8.78089836E+02,-1.91965228E+03,-1.89653966E-08,-3.76720624E-08,8.78092334E+01,1.91965775E+02,8.78248800E-09,1.92000000E-08,1.04981085E+06,3.92160420E-05,1.74906245E-04
1.00000000E+00,1.00000000E-01,1.25195468E-03,1.04981080E+06,3.92170532E-05,1.88180870E-04,-0.00000000E+00,-0.00000000E+00,2.89800879E-41,3.24779806E-41,2.15228222E+06,2.15268584E+06,2.18127055E-04,2.18186321E-04,-2.15129807E+06,-2.15074261E+06,-4.91805678E-05,-1.97957266E-05,-0.00000000E+00,-0.00000000E+00,8.28320975E-07,9.27096159E-07,-0.00000000E+00,-0.00000000E+00,8.28321310E-07,9.27096924E-07,-1.09405071E+03,-2.15960873E+03,-2.32041173E-08,-4.23914493E-08,1.09405382E+02,2.15961488E+02,1.09424880E-08,2.16000000E-08,1.04981080E+06,3.92170532E-05,1.88180870E-04
1.10000000E+00,1.00000000E-01,6.81395952E-04,1.04981076E+06,1.87384453E+01,4.89347569E+00,-0.00000000E+00,-0.00000000E+00,-5.08744389E-37,-9.25138627E-36,2.36755971E+06,2.15277486E+06,2.39946530E-04,2.18193583E-04,-2.36635963E+06,-2.15061568E+06,-5.11600464E-05,-1.97950884E-05,-0.00000000E+00,-0.00000000E+00,9.21029928E-07,9.27084317E-07,-0.00000000E+00,-0.00000000E+00,9.21030346E-07,9.27085170E-07,-1.33400722E+03,-2.39956515E+03,-6.42776918E-07,-9.73740344E-05,1.33401102E+02,2.39957199E+02,2.40000000E+01,2.40000000E+02,1.04981076E+06,1.87384453E+01,4.89347569E+00
1.20000000E+00,1.00000000E-01,1.48268288E-03,1.04981072E+06,2.99970152E+01,1.65458289E+01,-0.00000000E+00,-0.00000000E+00,-1.73983356E-36,-1.48099031E-35,2.58284012E+06,2.15280417E+06,2.61766152E-04,2.18196149E-04,-2.58142413E+06,-2.15064499E+06,-5.94485197E-05,-7.44400613E-04,-0.00000000E+00,-0.00000000E+00,1.01373901E-06,9.27087386E-07,-0.00000000E+00,-0.00000000E+00,1.01373952E-06,9.27088259E-07,-1.57396373E+03,-2.39956505E+03,-1.00048376E-02,-4.48260424E-01,1.57396821E+02,2.39957189E+02,4.80000000E+01,2.40000000E+02,1.04981072E+06,2.99970152E+01,1.65458289E+01
1.30000000E+00,1.00000000E-01,1.48402649E-03,1.04981068E+06,3.66491060E+01,3.19743670E+01,-0.00000000E+00,-0.00000000E+00,-3.40254493E-36,-1.80941354E-35,2.79812347E+06,2.15283341E+06,2.83586062E-04,2.18199096E-04,-2.79649155E+06,-2.15067423E+06,-2.71280979E-02,-1.36083902E+00,-0.00000000E+00,-0.00000000E+00,1.10644854E-06,9.27092903E-07,-0.00000000E+00,-0.00000000E+00,1.10644913E-06,9.27093779E-07,-1.81392022E+03,-2.39956495E+03,-1.35885005E-01,-1.84902811E+00,1.81392539E+02,2.39957179E+02,7.20000000E+01,2.40000000E+02,1.04981068E+06,3.66491060E+01,3.19743670E+01
1.40000000E+00,1.00000000E-01,1.48537118E-03,1.04981063E+06,3.99492118E+01,4.92613479E+01,-0.00000000E+00,-0.00000000E+00,-5.30831687E-36,-1.97234447E-35,3.01340972E+06,2.15286259E+06,3.05406266E-04,2.18202038E-04,-3.01156190E+06,-2.15070341E+06,-8.20560425E-01,-1.68718957E+01,-0.00000000E+00,-0.00000000E+00,1.19915868E-06,9.27099719E-07,-0.00000000E+00,-0.00000000E+00,1.19915936E-06,9.27100595E-07,-2.05387671E+03,-2.39956485E+03,-3.34317876E-01,-2.02872821E+00,2.05388256E+02,2.39957169E+02,9.60000000E+01,2.40000000E+02,1.04981063E+06,3.99492118E+01,4.92613479E+01
1.50000000E+00,1.00000000E-01,1.48671636E-03,1.04981059E+06,4.06731024E+01,6.68953933E+01,-0.00000000E+00,-0.00000000E+00,-7.30499126E-36,-2.00808399E-35,3.22869890E+06,2.15289171E+06,3.27226763E-04,2.18204973E-04,-3.22663515E+06,-2.15073253E+06,-3.24563964E+00,-2.86444890E+01,-0.00000000E+00,-0.00000000E+00,1.29186952E-06,9.27107002E-07,-0.00000000E+00,-0.00000000E+00,1.29187029E-06,9.27107878E-07,-2.29383319E+03,-2.39956475E+03,-5.37448844E-01,-2.03192382E+00,2.29383972E+02,2.39957159E+02,1.20000000E+02,2.40000000E+02,1.04981059E+06,4.06731024E+01,6.68953933E+01
1.60000000E+00,1.00000000E-01,1.48806164E-03,1.04981055E+06,4.07212418E+01,8.41246957E+01,-0.00000000E+00,-0.00000000E+00,-9.31485536E-36,-2.01046070E-35,3.44399097E+06,2.15292077E+06,3.49047554E-04,2.18207902E-04,-3.44171131E+06,-2.15076158E+06,-6.20994631E+00,-3.00143717E+01,-0.00000000E+00,-0.00000000E+00,1.38458109E-06,9.27114332E-07,-0.00000000E+00,-0.00000000E+00,1.38458195E-06,9.27115207E-07,-2.53378965E+03,-2.39956465E+03,-7.40642741E-01,-2.03193897E+00,2.53379687E+02,2.39957149E+02,1.44000000E+02,2.40000000E+02,1.04981055E+06,4.07212418E+01,8.41246957E+01
1.70000000E+00,1.00000000E-01,1.48940684E-03,1.04981051E+06,4.07221131E+01,1.00841972E+02,-0.00000000E+00,-0.00000000E+00,-1.13253535E-35,-2.01050371E-35,3.65928595E+06,2.15294976E+06,3.70868636E-04,2.18210825E-04,-3.65679036E+06,-2.15079057E+06,-9.21486560E+00,-3.00590599E+01,-0.00000000E+00,-0.00000000E+00,1.47729339E-06,9.27121585E-07,-0.00000000E+00,-0.00000000E+00,1.47729433E-06,9.27122460E-07,-2.77374611E+03,-2.39956456E+03,-9.43836454E-01,-2.03193362E+00,2.77375401E+02,2.39957139E+02,1.68000000E+02,2.40000000E+02,1.04981051E+06,4.07221131E+01,1.00841972E+02
1.80000000E+00,1.00000000E-01,1.49075191E-03,1.04981047E+06,4.07218200E+01,1.17056579E+02,-0.00000000E+00,-0.00000000E+00,-1.33358495E-35,-2.01048924E-35,3.87458382E+06,2.15297869E+06,3.92690010E-04,2.18213741E-04,-3.87187231E+06,-2.15081950E+06,-1.22208710E+01,-3.00602320E+01,-0.00000000E+00,-0.00000000E+00,1.57000640E-06,9.27128749E-07,-0.00000000E+00,-0.00000000E+00,1.57000743E-06,9.27129624E-07,-3.01370255E+03,-2.39956446E+03,-1.14702963E+00,-2.03192818E+00,3.01371113E+02,2.39957129E+02,1.92000000E+02,2.40000000E+02,1.04981047E+06,4.07218200E+01,1.17056579E+02
1.90000000E+00,1.00000000E-01,1.49209683E-03,1.04981042E+06,4.07215132E+01,1.32783512E+02,-0.00000000E+00,-0.00000000E+00,-1.53463304E-35,-2.01047410E-35,4.08988457E+06,2.15300756E+06,4.14511676E-04,2.18216652E-04,-4.08695715E+06,-2.15084837E+06,-1.52269452E+01,-3.00608001E+01,-0.00000000E+00,-0.00000000E+00,1.66272011E-06,9.27135825E-07,-0.00000000E+00,-0.00000000E+00,1.66272123E-06,9.27136700E-07,-3.25365899E+03,-2.39956436E+03,-1.35022225E+00,-2.03192275E+00,3.25366825E+02,2.39957119E+02,2.16000000E+02,2.40000000E+02,1.04981042E+06,4.07215132E+01,1.32783512E+02
2.00000000E+00,1.00000000E-01,1.49344159E-03,1.04981038E+06,4.07212063E+01,1.48037434E+02,-0.00000000E+00,-0.00000000E+00,-1.73567962E-35,-2.01045894E-35,4.30518821E+06,2.15303637E+06,4.36333632E-04,2.18219556E-04,-4.30204487E+06,-2.15087718E+06,-1.82330757E+01,-3.00613634E+01,-0.00000000E+00,-0.00000000E+00,1.75543453E-06,9.27142815E-07,-0.00000000E+00,-0.00000000E+00,1.75543573E-06,9.27143690E-07,-3.49361541E+03,-2.39956426E+03,-1.55341434E+00,-2.03191732E+00,3.49362536E+02,2.39957110E+02,2.40000000E+02,2.40000000E+02,1.04981038E+06,4.07212063E+01,1.48037434E+02
2.10000000E+00,1.00000000E-01,1.49478621E-03,1.04981034E+06,4.07208994E+01,1.62832572E+02,-0.00000000E+00,-0.00000000E+00,-1.93672469E-35,-2.01044379E-35,4.52049472E+06,2.15306512E+06,4.58155877E-04,2.18222455E-04,-4.51713546E+06,-2.15090593E+06,-2.12392626E+01,-3.00619266E+01,-0.00000000E+00,-0.00000000E+00,1.84814963E-06,9.27149720E-07,-0.00000000E+00,-0.00000000E+00,1.84815092E-06,9.27150595E-07,-3.73357183E+03,-2.39956416E+03,-1.75660588E+00,-2.03191188E+00,3.73358246E+02,2.39957100E+02,2.64000000E+02,2.40000000E+02,1.04981034E+06,4.07208994E+01,1.62832572E+02
2.20000000E+00,1.00000000E-01,1.49613067E-03,1.04981030E+06,4.07205926E+01,1.77182722E+02,-0.00000000E+00,-0.00000000E+00,-2.13776824E-35,-2.01042865E-35,4.73580410E+06,2.15309382E+06,4.79978412E-04,2.18225347E-04,-4.73222892E+06,-2.15093463E+06,-2.42455058E+01,-3.00624898E+01,-0.00000000E+00,-0.00000000E+00,1.94086541E-06,9.27156543E-07,-0.00000000E+00,-0.00000000E+00,1.94086679E-06,9.27157418E-07,-3.97352823E+03,-2.39956406E+03,-1.95979688E+00,-2.03190645E+00,3.97353955E+02,2.39957090E+02,2.88000000E+02,2.40000000E+02,1.04981030E+06,4.07205926E+01,1.77182722E+02
