Time [d],dt_flow [d],dt_tran [d],Global Water Mass in Liquid Phas [kg],Global Vaq [mol],Global Vim [mol],Top Water Mass [kg],Top Water Mass [kg/d],Top Vaq [mol],Top Vaq [mol/d],Right Water Mass [kg],Right Water Mass [kg/d],Right Vaq [mol],Right Vaq [mol/d],Left Water Mass [kg],Left Water Mass [kg/d],Left Vaq [mol],Left Vaq [mol/d],North Water Mass [kg],North Water Mass [kg/d],North Vaq [mol],North Vaq [mol/d],South Water Mass [kg],South Water Mass [kg/d],South Vaq [mol],South Vaq [mol/d],ExtractWell Water Mass [kg],ExtractWell Water Mass [kg/d],ExtractWell Vaq [mol],ExtractWell Vaq [mol/d],InjectWell Water Mass [kg],InjectWell Water Mass [kg/d],InjectWell Vaq [mol],InjectWell Vaq [mol/d],Region Region__all Water Mass [kg],Region Region__all Vaq Total Mas [mol],Region Region__all Vim Total Mas [mol]
1.00000000E-01,3.70000000E-02,8.86519581E-05,1.92466312E+06,1.60564965E-04,4.50819617E-05,-0.00000000E+00,-0.00000000E+00,9.71447738E-43,1.57667828E-41,1.36479103E+06,1.36487633E+07,1.36670116E-04,1.36680500E-03,-1.36478429E+06,-1.36486362E+07,-1.18419871E-04,-1.02201953E-03,-0.00000000E+00,-0.00000000E+00,1.74409708E-07,2.80305896E-06,-0.00000000E+00,-0.00000000E+00,1.74409708E-07,2.80305896E-06,-8.71762924E+00,-1.51172748E+02,-7.18694382E-10,-1.13095583E-08,8.71773341E-01,1.51174557E+01,8.71920000E-11,1.51200000E-09,1.92466312E+06,1.60564965E-04,4.50819617E-05
2.00000000E-01,3.60000000E-02,1.32290290E-04,1.92466230E+06,1.57981410E-04,8.45760900E-05,-0.00000000E+00,-0.00000000E+00,2.65515973E-42,1.70423212E-41,2.72981924E+06,1.36507346E+07,2.73365857E-04,1.36700282E-03,-2.72978674E+06,-1.36503885E+07,-2.11975936E-04,-9.11025646E-04,-0.00000000E+00,-0.00000000E+00,4.72615051E-07,3.01607816E-06,-0.00000000E+00,-0.00000000E+00,4.72615054E-07,3.01607821E-06,-3.82418962E+01,-3.93528885E+02,-2.83703091E-09,-2.81018071E-08,3.82423544E+00,3.93533604E+01,3.82488000E-10,3.93600000E-09,1.92466230E+06,1.57981410E-04,8.45760900E-05
3.00000000E-01,1.00000000E-01,1.10125386E-04,1.92466150E+06,1.57984741E-04,1.22779405E-04,-0.00000000E+00,-0.00000000E+00,4.35928890E-42,1.70406766E-41,4.09508427E+06,1.36526503E+07,4.10085364E-04,1.36719507E-03,-4.09500938E+06,-1.36522264E+07,-3.03092888E-04,-9.11187644E-04,-0.00000000E+00,-0.00000000E+00,7.74245677E-07,3.01620250E-06,-0.00000000E+00,-0.00000000E+00,7.74245686E-07,3.01620256E-06,-8.62332035E+01,-4.79913073E+02,-6.26415645E-09,-3.42718707E-08,8.62342372E+00,4.79918828E+01,8.62488000E-10,4.80000000E-09,1.92466150E+06,1.57984741E-04,1.22779405E-04
4.00000000E-01,1.00000000E-01,1.60471753E-04,1.92466070E+06,1.57987622E-04,1.59836477E-04,-0.00000000E+00,-0.00000000E+00,6.06326768E-42,1.70392541E-41,5.46054167E+06,1.36545740E+07,5.46824175E-04,1.36738812E-03,-5.46040280E+06,-1.36539341E+07,-3.94225116E-04,-9.11337033E-04,-0.00000000E+00,-0.00000000E+00,1.07589037E-06,3.01635774E-06,-0.00000000E+00,-0.00000000E+00,1.07589038E-06,3.01635782E-06,-1.58220134E+02,-7.19869308E+02,-1.14050351E-08,-5.14095523E-08,1.58222031E+01,7.19877941E+01,1.58248800E-09,7.20000000E-09,1.92466070E+06,1.57987622E-04,1.59836477E-04
5.00000000E-01,1.00000000E-01,2.10823934E-04,1.92465991E+06,1.57990493E-04,1.95781735E-04,-0.00000000E+00,-0.00000000E+00,7.76710461E-42,1.70378368E-41,6.82619100E+06,1.36564933E+07,6.83582248E-04,1.36758073E-03,-6.82596655E+06,-1.36556375E+07,-4.85372195E-04,-9.11485474E-04,-0.00000000E+00,-0.00000000E+00,1.37755026E-06,3.01651099E-06,-0.00000000E+00,-0.00000000E+00,1.37755029E-06,3.01651111E-06,-2.54202668E+02,-9.59825341E+02,-1.82597743E-08,-6.85484150E-08,2.54205716E+01,9.59836852E+01,2.54248800E-09,9.60000000E-09,1.92465991E+06,1.57990493E-04,1.95781735E-04
6.00000000E-01,1.00000000E-01,2.61123813E-04,1.92465911E+06,1.57993357E-04,2.30648616E-04,-0.00000000E+00,-0.00000000E+00,9.47080001E-42,1.70364226E-41,8.19203185E+06,1.36584085E+07,8.20359540E-04,1.36777292E-03,-8.19170021E+06,-1.36573367E+07,-5.76534085E-04,-9.11633556E-04,-0.00000000E+00,-0.00000000E+00,1.67922514E-06,3.01666193E-06,-0.00000000E+00,-0.00000000E+00,1.67922518E-06,3.01666209E-06,-3.74180786E+02,-1.19978117E+03,-2.68284912E-08,-8.56884497E-08,3.74185273E+01,1.19979556E+02,3.74248800E-09,1.20000000E-08,1.92465911E+06,1.57993357E-04,2.30648616E-04
7.00000000E-01,1.00000000E-01,5.57600737E-05,1.92465831E+06,1.57996215E-04,2.64469551E-04,-0.00000000E+00,-0.00000000E+00,1.11743542E-41,1.70350114E-41,9.55806381E+06,1.36603195E+07,9.57156011E-04,1.36796470E-03,-9.55760338E+06,-1.36590317E+07,-6.67710752E-04,-9.11781287E-04,-0.00000000E+00,-0.00000000E+00,1.98091478E-06,3.01681063E-06,-0.00000000E+00,-0.00000000E+00,1.98091484E-06,3.01681082E-06,-5.18154466E+02,-1.43973680E+03,-3.71113032E-08,-1.02829657E-07,5.18160679E+01,1.43975407E+02,5.18248800E-09,1.44000000E-08,1.92465831E+06,1.57996215E-04,2.64469551E-04
8.00000000E-01,1.00000000E-01,1.06084806E-04,1.92465752E+06,1.57999066E-04,2.97275995E-04,-0.00000000E+00,-0.00000000E+00,1.28777675E-41,1.70336041E-41,1.09242864E+07,1.36622263E+07,1.09397162E-03,1.36815606E-03,-1.09236756E+07,-1.36607226E+07,-7.58902160E-04,-9.11928670E-04,-0.00000000E+00,-0.00000000E+00,2.28261896E-06,3.01695717E-06,-0.00000000E+00,-0.00000000E+00,2.28261905E-06,3.01695739E-06,-6.86123689E+02,-1.67969223E+03,-4.91083276E-08,-1.19972034E-07,6.86131917E+01,1.67971237E+02,6.86248800E-09,1.68000000E-08,1.92465752E+06,1.57999066E-04,2.97275995E-04
9.00000000E-01,1.00000000E-01,1.56357520E-04,1.92465672E+06,1.58001911E-04,3.29098457E-04,-0.00000000E+00,-0.00000000E+00,1.45810402E-41,1.70321996E-41,1.22906994E+07,1.36641292E+07,1.23080632E-03,1.36834702E-03,-1.22899166E+07,-1.36624095E+07,-8.50108274E-04,-9.12075699E-04,-0.00000000E+00,-0.00000000E+00,2.58433748E-06,3.01710154E-06,-0.00000000E+00,-0.00000000E+00,2.58433759E-06,3.01710179E-06,-8.78088434E+02,-1.91964746E+03,-6.28196810E-08,-1.37115581E-07,8.78098965E+01,1.91967048E+02,8.78248800E-09,1.92000000E-08,1.92465672E+06,1.58001911E-04,3.29098457E-04
1.00000000E+00,1.00000000E-01,2.06578269E-04,1.92465593E+06,1.58004749E-04,3.59966529E-04,-0.00000000E+00,-0.00000000E+00,1.62841727E-41,1.70307982E-41,1.36573022E+07,1.36660281E+07,1.36766008E-03,1.36853758E-03,-1.36563258E+07,-1.36640924E+07,-9.41329061E-04,-9.12222394E-04,-0.00000000E+00,-0.00000000E+00,2.88607012E-06,3.01724380E-06,-0.00000000E+00,-0.00000000E+00,2.88607025E-06,3.01724408E-06,-1.09404868E+03,-2.15960248E+03,-7.82454807E-08,-1.54260299E-07,1.09406180E+02,2.15962838E+02,1.09424880E-08,2.16000000E-08,1.92465593E+06,1.58004749E-04,3.59966529E-04
1.10000000E+00,1.00000000E-01,2.56683317E-04,1.92465514E+06,2.07899839E+01,2.83505815E+00,-0.00000000E+00,-0.00000000E+00,-5.39756113E-37,-1.02642170E-35,1.50240945E+07,1.36679231E+07,1.50453259E-03,1.36872475E-03,-1.50229030E+07,-1.36657714E+07,-1.10543111E-02,-2.44703109E+00,-0.00000000E+00,-0.00000000E+00,3.18781668E-06,3.01738394E-06,-0.00000000E+00,-0.00000000E+00,3.18781684E-06,3.01738431E-06,-1.33400441E+03,-2.39955730E+03,-1.78901375E-03,-2.04209784E-01,1.33402041E+02,2.39958608E+02,2.40000000E+01,2.40000000E+02,1.92465514E+06,2.07899839E+01,2.83505815E+00
1.20000000E+00,1.00000000E-01,2.70833901E-04,1.92465435E+06,2.56455567E+01,9.15619128E+00,-0.00000000E+00,-0.00000000E+00,-1.76502582E-36,-1.26614827E-35,1.63910737E+07,1.36697927E+07,1.64142383E-03,1.36891238E-03,-1.63896671E+07,-1.36676410E+07,-1.18517295E+01,-1.64534329E+02,-0.00000000E+00,-0.00000000E+00,3.48957770E-06,3.01753111E-06,-0.00000000E+00,-0.00000000E+00,3.48957799E-06,3.01753284E-06,-1.57396004E+03,-2.39955628E+03,-4.51351283E-02,-4.61695372E-01,1.57397892E+02,2.39958506E+02,4.80000000E+01,2.40000000E+02,1.92465435E+06,2.56455567E+01,9.15619128E+00
1.30000000E+00,1.00000000E-01,2.98029370E-05,1.92465356E+06,2.56423775E+01,1.54983059E+01,-0.00000000E+00,-0.00000000E+00,-3.03108367E-36,-1.26599130E-35,1.77582396E+07,1.36716583E+07,1.77833379E-03,1.36909961E-03,-1.77566177E+07,-1.36695065E+07,-2.83062982E+01,-1.64541399E+02,-0.00000000E+00,-0.00000000E+00,3.79135329E-06,3.01767832E-06,-0.00000000E+00,-0.00000000E+00,3.79135375E-06,3.01768005E-06,-1.81391557E+03,-2.39955527E+03,-9.13019010E-02,-4.61643386E-01,1.81393732E+02,2.39958405E+02,7.20000000E+01,2.40000000E+02,1.92465356E+06,2.56423775E+01,1.54983059E+01
1.40000000E+00,1.00000000E-01,4.38330367E-05,1.92465277E+06,2.56391937E+01,2.16491757E+01,-0.00000000E+00,-0.00000000E+00,-4.29698434E-36,-1.26583412E-35,1.91255916E+07,1.36735202E+07,1.91526244E-03,1.36928647E-03,-1.91237546E+07,-1.36713685E+07,-4.47614582E+01,-1.64547265E+02,-0.00000000E+00,-0.00000000E+00,4.09314331E-06,3.01782357E-06,-0.00000000E+00,-0.00000000E+00,4.09314395E-06,3.01782532E-06,-2.05387099E+03,-2.39955426E+03,-1.37463476E-01,-4.61591393E-01,2.05389563E+02,2.39958304E+02,9.60000000E+01,2.40000000E+02,1.92465277E+06,2.56391937E+01,2.16491757E+01
1.50000000E+00,1.00000000E-01,5.78601884E-05,1.92465198E+06,2.56360104E+01,2.76145532E+01,-0.00000000E+00,-0.00000000E+00,-5.56272783E-36,-1.26567695E-35,2.04931294E+07,1.36753784E+07,2.05220973E-03,1.36947296E-03,-2.04910772E+07,-1.36732265E+07,-6.12172045E+01,-1.64553130E+02,-0.00000000E+00,-0.00000000E+00,4.39494757E-06,3.01796696E-06,-0.00000000E+00,-0.00000000E+00,4.39494839E-06,3.01796872E-06,-2.29382632E+03,-2.39955324E+03,-1.83619855E-01,-4.61539417E-01,2.29385383E+02,2.39958202E+02,1.20000000E+02,2.40000000E+02,1.92465198E+06,2.56360104E+01,2.76145532E+01
1.60000000E+00,1.00000000E-01,7.18853380E-05,1.92465120E+06,2.56328276E+01,3.34000179E+01,-0.00000000E+00,-0.00000000E+00,-6.82831418E-36,-1.26551981E-35,2.18608527E+07,1.36772328E+07,2.18917564E-03,1.36965907E-03,-2.18585853E+07,-1.36750811E+07,-7.76735370E+01,-1.64558995E+02,-0.00000000E+00,-0.00000000E+00,4.69676590E-06,3.01810850E-06,-0.00000000E+00,-0.00000000E+00,4.69676689E-06,3.01811025E-06,-2.53378154E+03,-2.39955223E+03,-2.29771037E-01,-4.61487437E-01,2.53381193E+02,2.39958101E+02,1.44000000E+02,2.40000000E+02,1.92465120E+06,2.56328276E+01,3.34000179E+01
1.70000000E+00,1.00000000E-01,8.59073404E-05,1.92465041E+06,2.56296453E+01,3.90109818E+01,-0.00000000E+00,-0.00000000E+00,-8.09374341E-36,-1.26536270E-35,2.32287611E+07,1.36790837E+07,2.32616012E-03,1.36984482E-03,-2.32262785E+07,-1.36769318E+07,-9.41304556E+01,-1.64564859E+02,-0.00000000E+00,-0.00000000E+00,4.99859810E-06,3.01824821E-06,-0.00000000E+00,-0.00000000E+00,4.99859927E-06,3.01824996E-06,-2.77373666E+03,-2.39955121E+03,-2.75917025E-01,-4.61435472E-01,2.77376993E+02,2.39957999E+02,1.68000000E+02,2.40000000E+02,1.92465041E+06,2.56296453E+01,3.90109818E+01
1.80000000E+00,1.00000000E-01,9.99268964E-05,1.92464962E+06,2.56264636E+01,4.44526937E+01,-0.00000000E+00,-0.00000000E+00,-9.35901554E-36,-1.26520561E-35,2.45968542E+07,1.36809309E+07,2.46316315E-03,1.37003022E-03,-2.45941564E+07,-1.36787791E+07,-1.10587960E+02,-1.64570722E+02,-0.00000000E+00,-0.00000000E+00,5.30044402E-06,3.01838615E-06,-0.00000000E+00,-0.00000000E+00,5.30044536E-06,3.01838791E-06,-3.01369168E+03,-2.39955019E+03,-3.22057818E-01,-4.61383511E-01,3.01372782E+02,2.39957897E+02,1.92000000E+02,2.40000000E+02,1.92464962E+06,2.56264636E+01,4.44526937E+01
1.90000000E+00,1.00000000E-01,1.13943523E-04,1.92464884E+06,2.56232824E+01,4.97302447E+01,-0.00000000E+00,-0.00000000E+00,-1.06241306E-35,-1.26504855E-35,2.59651316E+07,1.36827746E+07,2.60018467E-03,1.37021525E-03,-2.59622187E+07,-1.36806228E+07,-1.27046051E+02,-1.64576584E+02,-0.00000000E+00,-0.00000000E+00,5.60230347E-06,3.01852235E-06,-0.00000000E+00,-0.00000000E+00,5.60230499E-06,3.01852411E-06,-3.25364660E+03,-2.39954917E+03,-3.68193419E-01,-4.61331560E-01,3.25368562E+02,2.39957795E+02,2.16000000E+02,2.40000000E+02,1.92464884E+06,2.56232824E+01,4.97302447E+01
2.00000000E+00,1.00000000E-01,1.27957723E-04,1.92464806E+06,2.56201017E+01,5.48485727E+01,-0.00000000E+00,-0.00000000E+00,-1.18890886E-35,-1.26489152E-35,2.73335931E+07,1.36846149E+07,2.73722466E-03,1.37039994E-03,-2.73304650E+07,-1.36824631E+07,-1.43504727E+02,-1.64582446E+02,-0.00000000E+00,-0.00000000E+00,5.90417628E-06,3.01865685E-06,-0.00000000E+00,-0.00000000E+00,5.90417798E-06,3.01865860E-06,-3.49360141E+03,-2.39954815E+03,-4.14323825E-01,-4.61279610E-01,3.49364331E+02,2.39957693E+02,2.40000000E+02,2.40000000E+02,1.92464806E+06,2.56201017E+01,5.48485727E+01
2.10000000E+00,1.00000000E-01,1.41968942E-04,1.92464727E+06,2.56169215E+01,5.98124672E+01,-0.00000000E+00,-0.00000000E+00,-1.31538896E-35,-1.26473451E-35,2.87022383E+07,1.36864516E+07,2.87428309E-03,1.37058428E-03,-2.86988950E+07,-1.36842998E+07,-1.59963989E+02,-1.64588307E+02,-0.00000000E+00,-0.00000000E+00,6.20606229E-06,3.01878967E-06,-0.00000000E+00,-0.00000000E+00,6.20606416E-06,3.01879143E-06,-3.73355613E+03,-2.39954713E+03,-4.60449040E-01,-4.61227674E-01,3.73360090E+02,2.39957591E+02,2.64000000E+02,2.40000000E+02,1.92464727E+06,2.56169215E+01,5.98124672E+01
2.20000000E+00,1.00000000E-01,1.55977723E-04,1.92464649E+06,2.56137418E+01,6.46265734E+01,-0.00000000E+00,-0.00000000E+00,-1.44185336E-35,-1.26457752E-35,3.00710668E+07,1.36882850E+07,3.01135992E-03,1.37076828E-03,-3.00675083E+07,-1.36861331E+07,-1.76423837E+02,-1.64594167E+02,-0.00000000E+00,-0.00000000E+00,6.50796135E-06,3.01892086E-06,-0.00000000E+00,-0.00000000E+00,6.50796339E-06,3.01892261E-06,-3.97351074E+03,-2.39954611E+03,-5.06569063E-01,-4.61175739E-01,3.97355839E+02,2.39957489E+02,2.88000000E+02,2.40000000E+02,1.92464649E+06,2.56137418E+01,6.46265734E+01
2.30000000E+00,1.00000000E-01,1.69983550E-04,1.92464571E+06,2.56105627E+01,6.92953970E+01,-0.00000000E+00,-0.00000000E+00,-1.56830207E-35,-1.26442056E-35,3.14400783E+07,1.36901149E+07,3.14845512E-03,1.37095194E-03,-3.14363046E+07,-1.36879631E+07,-1.92884271E+02,-1.64600027E+02,-0.00000000E+00,-0.00000000E+00,6.80987328E-06,3.01905046E-06,-0.00000000E+00,-0.00000000E+00,6.80987550E-06,3.01905220E-06,-4.21346525E+03,-2.39954509E+03,-5.52683895E-01,-4.61123818E-01,4.21351578E+02,2.39957387E+02,3.12000000E+02,2.40000000E+02,1.92464571E+06,2.56105627E+01,6.92953970E+01
2.40000000E+00,1.00000000E-01,1.83986818E-04,1.92464493E+06,2.56073841E+01,7.38233081E+01,-0.00000000E+00,-0.00000000E+00,-1.69473508E-35,-1.26426363E-35,3.28092724E+07,1.36919416E+07,3.28556864E-03,1.37113527E-03,-3.28052836E+07,-1.36897898E+07,-2.09345290E+02,-1.64605886E+02,-0.00000000E+00,-0.00000000E+00,7.11179794E-06,3.01917849E-06,-0.00000000E+00,-0.00000000E+00,7.11180033E-06,3.01918020E-06,-4.45341965E+03,-2.39954407E+03,-5.98793538E-01,-4.61071901E-01,4.45347306E+02,2.39957285E+02,3.36000000E+02,2.40000000E+02,1.92464493E+06,2.56073841E+01,7.38233081E+01
2.50000000E+00,1.00000000E-01,1.97987289E-04,1.92464415E+06,2.56042060E+01,7.82145452E+01,-0.00000000E+00,-0.00000000E+00,-1.82115239E-35,-1.26410672E-35,3.41786489E+07,1.36937649E+07,3.42270047E-03,1.37131827E-03,-3.41744449E+07,-1.36916131E+07,-2.25806894E+02,-1.64611744E+02,-0.00000000E+00,-0.00000000E+00,7.41373517E-06,3.01930497E-06,-0.00000000E+00,-0.00000000E+00,7.41373773E-06,3.01930669E-06,-4.69337396E+03,-2.39954304E+03,-6.44897991E-01,-4.61019992E-01,4.69343025E+02,2.39957182E+02,3.60000000E+02,2.40000000E+02,1.92464415E+06,2.56042060E+01,7.82145452E+01
