Time [d],dt_flow [d],dt_tran [d],Global Water Mass in Liquid Phas [kg],Global Vaq [mol],Global Vim [mol],Top Water Mass [kg],Top Water Mass [kg/d],Top Vaq [mol],Top Vaq [mol/d],Right Water Mass [kg],Right Water Mass [kg/d],Right Vaq [mol],Right Vaq [mol/d],Left Water Mass [kg],Left Water Mass [kg/d],Left Vaq [mol],Left Vaq [mol/d],North Water Mass [kg],North Water Mass [kg/d],North Vaq [mol],North Vaq [mol/d],South Water Mass [kg],South Water Mass [kg/d],South Vaq [mol],South Vaq [mol/d],ExtractWell Water Mass [kg],ExtractWell Water Mass [kg/d],ExtractWell Vaq [mol],ExtractWell Vaq [mol/d],InjectWell Water Mass [kg],InjectWell Water Mass [kg/d],InjectWell Vaq [mol],InjectWell Vaq [mol/d],Region Region__all Water Mass [kg],Region Region__all Vaq Total Mas [mol],Region Region__all Vim Total Mas [mol]
1.00000000E-01,3.70000000E-02,5.43494430E-04,1.92464967E+06,1.66507436E-04,2.14527444E-05,-0.00000000E+00,-0.00000000E+00,6.87975487E-43,1.28329001E-41,8.60937791E+04,8.60943895E+05,8.68238273E-06,8.69504830E-05,-8.60859400E+04,-8.60807909E+05,-7.97560086E-06,-7.41726686E-05,-0.00000000E+00,-0.00000000E+00,7.95759866E-09,1.48308835E-07,-0.00000000E+00,-0.00000000E+00,7.95759860E-09,1.48308833E-07,-8.71761036E+00,-1.51172434E+02,-7.87301646E-10,-1.30246332E-08,8.71761683E-01,1.51172546E+01,8.71920000E-11,1.51200000E-09,1.92464967E+06,1.66507436E-04,2.14527444E-05
2.00000000E-01,3.60000000E-02,3.77331519E-03,1.92464966E+06,1.45175543E-04,3.89739191E-05,-0.00000000E+00,-0.00000000E+00,2.53629995E-42,2.33647603E-41,1.72189536E+05,8.60966626E+05,1.73783585E-05,8.69632150E-05,-1.72155132E+05,-8.60612528E+05,-1.48456425E-05,-6.38992025E-05,-0.00000000E+00,-0.00000000E+00,2.92885269E-08,2.69363320E-07,-0.00000000E+00,-0.00000000E+00,2.92885260E-08,2.69363304E-07,-3.82418266E+01,-3.93528239E+02,-3.12243950E-09,-2.92066946E-08,3.82418550E+00,3.93528532E+01,3.82488000E-10,3.93600000E-09,1.92464966E+06,1.45175543E-04,3.89739191E-05
3.00000000E-01,1.00000000E-01,3.55478800E-03,1.92464966E+06,1.27698171E-04,5.37115324E-05,-0.00000000E+00,-0.00000000E+00,5.33587009E-42,3.19935889E-41,2.58287062E+05,8.60975261E+05,2.60747984E-05,8.69645095E-05,-2.58209472E+05,-8.60543404E+05,-2.07651367E-05,-5.50695419E-05,-0.00000000E+00,-0.00000000E+00,6.15233543E-08,3.68007293E-07,-0.00000000E+00,-0.00000000E+00,6.15233507E-08,3.68007258E-07,-8.62330751E+01,-4.79912485E+02,-6.42142619E-09,-3.06819425E-08,8.62331393E+00,4.79912843E+01,8.62488000E-10,4.80000000E-09,1.92464966E+06,1.27698171E-04,5.37115324E-05
4.00000000E-01,1.00000000E-01,4.08783107E-03,1.92464965E+06,1.13414790E-04,6.61593572E-05,-0.00000000E+00,-0.00000000E+00,8.91384092E-42,3.90454982E-41,3.44386831E+05,8.60997694E+05,3.47714761E-05,8.69667802E-05,-3.44244459E+05,-8.60349870E+05,-2.58666168E-05,-4.74658174E-05,-0.00000000E+00,-0.00000000E+00,1.02632509E-07,4.48188067E-07,-0.00000000E+00,-0.00000000E+00,1.02632500E-07,4.48188004E-07,-1.58219948E+02,-7.19868726E+02,-1.06841268E-08,-3.96447156E-08,1.58220066E+01,7.19869263E+01,1.58248800E-09,7.20000000E-09,1.92464965E+06,1.13414790E-04,6.61593572E-05
5.00000000E-01,1.00000000E-01,6.56649206E-04,1.92464965E+06,1.01773846E-04,7.67261813E-05,-0.00000000E+00,-0.00000000E+00,1.31269622E-41,4.47927984E-41,4.30488838E+05,8.61020070E+05,4.34683789E-05,8.69690250E-05,-4.30260090E+05,-8.60156303E+05,-3.02645224E-05,-4.09242553E-05,-0.00000000E+00,-0.00000000E+00,1.50943725E-07,5.13182615E-07,-0.00000000E+00,-0.00000000E+00,1.50943707E-07,5.13182523E-07,-2.54202444E+02,-9.59824964E+02,-1.55802086E-08,-4.55335916E-08,2.54202634E+01,9.59825683E+01,2.54248800E-09,9.60000000E-09,1.92464965E+06,1.01773846E-04,7.67261813E-05
6.00000000E-01,1.00000000E-01,1.21451619E-03,1.92464964E+06,9.23163095E-05,8.57490701E-05,-0.00000000E+00,-0.00000000E+00,1.78569867E-41,4.94621192E-41,5.16593080E+05,8.61042417E+05,5.21655057E-05,8.69712658E-05,-5.16256359E+05,-8.59962694E+05,-3.40570694E-05,-3.52964212E-05,-0.00000000E+00,-0.00000000E+00,2.05084559E-07,5.65701813E-07,-0.00000000E+00,-0.00000000E+00,2.05084531E-07,5.65701694E-07,-3.74180564E+02,-1.19978120E+03,-2.08522194E-08,-4.90283609E-08,3.74180844E+01,1.19978210E+02,3.74248800E-09,1.20000000E-08,1.92464964E+06,9.23163095E-05,8.57490701E-05
7.00000000E-01,1.00000000E-01,1.76614763E-03,1.92464964E+06,8.46596817E-05,9.35061146E-05,-0.00000000E+00,-0.00000000E+00,2.30062624E-41,5.32423057E-41,6.02699553E+05,8.61064729E+05,6.08628563E-05,8.69735030E-05,-6.02233263E+05,-8.59769043E+05,-3.73287828E-05,-3.04546548E-05,-0.00000000E+00,-0.00000000E+00,2.63928203E-07,6.07991022E-07,-0.00000000E+00,-0.00000000E+00,2.63928160E-07,6.07990878E-07,-5.18154308E+02,-1.43973744E+03,-2.63018959E-08,-5.06794658E-08,5.18154696E+01,1.43973852E+02,5.18248800E-09,1.44000000E-08,1.92464964E+06,8.46596817E-05,9.35061146E-05
8.00000000E-01,1.00000000E-01,2.31164865E-03,1.92464963E+06,7.84856669E-05,1.00226304E-04,-0.00000000E+00,-0.00000000E+00,2.84943117E-41,5.62905050E-41,6.88808253E+05,8.61087004E+05,6.95604301E-05,8.69757365E-05,-6.88190799E+05,-8.59575352E+05,-4.01523868E-05,-2.62891493E-05,-0.00000000E+00,-0.00000000E+00,3.26551432E-07,6.41907483E-07,-0.00000000E+00,-0.00000000E+00,3.26551373E-07,6.41907316E-07,-6.86123675E+02,-1.67969367E+03,-3.17786937E-08,-5.09308008E-08,6.86124189E+01,1.67969494E+02,6.86248800E-09,1.68000000E-08,1.92464963E+06,7.84856669E-05,1.00226304E-04
9.00000000E-01,1.00000000E-01,2.85112182E-03,1.92464963E+06,7.35297091E-05,1.06097854E-04,-0.00000000E+00,-0.00000000E+00,3.42549426E-41,5.87373322E-41,7.74919178E+05,8.61109245E+05,7.82582271E-05,8.69779666E-05,-7.74128962E+05,-8.59381633E+05,-4.25904522E-05,-2.27054455E-05,-0.00000000E+00,-0.00000000E+00,3.92199347E-07,6.68985557E-07,-0.00000000E+00,-0.00000000E+00,3.92199270E-07,6.68985371E-07,-8.78088666E+02,-1.91964990E+03,-3.71703751E-08,-5.01386599E-08,8.78089325E+01,1.91965135E+02,8.78248800E-09,1.92000000E-08,1.92464963E+06,7.35297091E-05,1.06097854E-04
1.00000000E+00,1.00000000E-01,3.38466475E-03,1.92464962E+06,6.95721972E-05,1.11275167E-04,-0.00000000E+00,-0.00000000E+00,4.02338302E-41,6.06912124E-41,8.61032325E+05,8.61131467E+05,8.69562468E-05,8.69801948E-05,-8.60047749E+05,-8.59187873E+05,-4.46968150E-05,-1.96222841E-05,-0.00000000E+00,-0.00000000E+00,4.60256035E-07,6.90491225E-07,-0.00000000E+00,-0.00000000E+00,4.60255938E-07,6.90491023E-07,-1.09404928E+03,-2.15960614E+03,-4.23952883E-08,-4.85874827E-08,1.09405010E+02,2.15960777E+02,1.09424880E-08,2.16000000E-08,1.92464962E+06,6.95721972E-05,1.11275167E-04
1.10000000E+00,1.00000000E-01,3.90182750E-03,1.92464962E+06,2.22348192E+01,1.38968320E+00,-0.00000000E+00,-0.00000000E+00,-5.82354298E-37,-1.09775529E-35,9.47147688E+05,8.61153638E+05,9.56544876E-05,8.69823396E-05,-9.45947159E+05,-8.58994097E+05,-4.65180668E-05,-1.69693476E-05,-0.00000000E+00,-0.00000000E+00,5.30218537E-07,7.07471644E-07,-0.00000000E+00,-0.00000000E+00,5.30218418E-07,7.07471428E-07,-1.33400552E+03,-2.39956237E+03,-4.73968168E-08,-4.65017991E-08,1.33400652E+02,2.39956418E+02,2.40000000E+01,2.40000000E+02,1.92464962E+06,2.22348192E+01,1.38968320E+00
1.20000000E+00,1.00000000E-01,3.93353076E-03,1.92464962E+06,4.13843123E+01,5.15349865E+00,-0.00000000E+00,-0.00000000E+00,-2.18274339E-36,-2.04319312E-35,1.03326311E+06,8.61154185E+05,1.04352673E-04,8.69811821E-05,-1.03184662E+06,-8.58994614E+05,-4.80938349E-05,-1.46905844E-05,-0.00000000E+00,-0.00000000E+00,6.01684358E-07,7.20784778E-07,-0.00000000E+00,-0.00000000E+00,6.01684218E-07,7.20784566E-07,-1.57396175E+03,-2.39956236E+03,-5.17043560E-08,-4.00570529E-08,1.57396294E+02,2.39956418E+02,4.80000000E+01,2.40000000E+02,1.92464962E+06,4.13843123E+01,5.15349865E+00
1.30000000E+00,1.00000000E-01,3.93358633E-03,1.92464961E+06,5.78796729E+01,1.08825970E+01,-0.00000000E+00,-0.00000000E+00,-4.65890485E-36,-2.85759263E-35,1.11937858E+06,8.61154695E+05,1.13050743E-04,8.69803811E-05,-1.11774613E+06,-8.58995123E+05,-4.94586235E-05,-1.27295986E-05,-0.00000000E+00,-0.00000000E+00,6.74322317E-07,7.31134365E-07,-0.00000000E+00,-0.00000000E+00,6.74322156E-07,7.31134164E-07,-1.81391799E+03,-2.39956236E+03,-5.54150663E-08,-3.45097574E-08,1.81391936E+02,2.39956418E+02,7.20000000E+01,2.40000000E+02,1.92464961E+06,5.78796729E+01,1.08825970E+01
1.40000000E+00,1.00000000E-01,3.93364038E-03,1.92464961E+06,7.20887744E+01,1.82298139E+01,-0.00000000E+00,-0.00000000E+00,-7.88945634E-36,-3.55911627E-35,1.20549410E+06,8.61155191E+05,1.21748776E-04,8.69802823E-05,-1.20364569E+06,-8.58995618E+05,-5.06418545E-05,-1.10420865E-05,-0.00000000E+00,-0.00000000E+00,7.47867013E-07,7.39098093E-07,-0.00000000E+00,-0.00000000E+00,7.47866833E-07,7.39097911E-07,-2.05387422E+03,-2.39956235E+03,-5.86128309E-08,-2.97537919E-08,2.05387577E+02,2.39956417E+02,9.60000000E+01,2.40000000E+02,1.92464961E+06,7.20887744E+01,1.82298139E+01
1.50000000E+00,1.00000000E-01,3.93369330E-03,1.92464961E+06,8.43284935E+01,2.68983591E+01,-0.00000000E+00,-0.00000000E+00,-1.17698393E-35,-4.16340869E-35,1.29160966E+06,8.61155675E+05,1.30446808E-04,8.69803167E-05,-1.28954530E+06,-8.58996102E+05,-5.16688503E-05,-9.58998541E-06,-0.00000000E+00,-0.00000000E+00,8.22105199E-07,7.45148721E-07,-0.00000000E+00,-0.00000000E+00,8.22105002E-07,7.45148569E-07,-2.29383046E+03,-2.39956235E+03,-6.13735013E-08,-2.57360456E-08,2.29383219E+02,2.39956417E+02,1.20000000E+02,2.40000000E+02,1.92464961E+06,8.43284935E+01,2.68983591E+01
1.60000000E+00,1.00000000E-01,3.93374545E-03,1.92464960E+06,9.48717864E+01,3.66347591E+01,-0.00000000E+00,-0.00000000E+00,-1.62099872E-35,-4.68394612E-35,1.37772528E+06,8.61156153E+05,1.39144844E-04,8.69803637E-05,-1.37544496E+06,-8.58996579E+05,-5.25614227E-05,-8.34088388E-06,-0.00000000E+00,-0.00000000E+00,8.96866270E-07,7.49672447E-07,-0.00000000E+00,-0.00000000E+00,8.96866060E-07,7.49672334E-07,-2.53378669E+03,-2.39956235E+03,-6.37709297E-08,-2.24663845E-08,2.53378861E+02,2.39956416E+02,1.44000000E+02,2.40000000E+02,1.92464960E+06,9.48717864E+01,3.66347591E+01
1.70000000E+00,1.00000000E-01,3.93379705E-03,1.92464960E+06,1.03953777E+02,4.72227867E+01,-0.00000000E+00,-0.00000000E+00,-2.11323163E-35,-5.13233698E-35,1.46384094E+06,8.61156624E+05,1.47842885E-04,8.69804111E-05,-1.46134467E+06,-8.58997050E+05,-5.33384438E-05,-7.26834061E-06,-0.00000000E+00,-0.00000000E+00,9.72014433E-07,7.52984458E-07,-0.00000000E+00,-0.00000000E+00,9.72014214E-07,7.52984392E-07,-2.77374293E+03,-2.39956234E+03,-6.58919922E-08,-2.05386086E-08,2.77374502E+02,2.39956416E+02,1.68000000E+02,2.40000000E+02,1.92464960E+06,1.03953777E+02,4.72227867E+01
1.80000000E+00,1.00000000E-01,3.93384832E-03,1.92464960E+06,1.11777002E+02,5.84782346E+01,-0.00000000E+00,-0.00000000E+00,-2.64699964E-35,-5.51858076E-35,1.54995665E+06,8.61157092E+05,1.56540931E-04,8.69804581E-05,-1.54724442E+06,-8.58997517E+05,-5.40165248E-05,-6.35367896E-06,-0.00000000E+00,-0.00000000E+00,1.04744233E-06,7.55342665E-07,-0.00000000E+00,-0.00000000E+00,1.04744211E-06,7.55342645E-07,-3.01369916E+03,-2.39956234E+03,-7.01645688E-08,-1.23790821E-07,3.01370144E+02,2.39956416E+02,1.92000000E+02,2.40000000E+02,1.92464960E+06,1.11777002E+02,5.84782346E+01
1.90000000E+00,1.00000000E-01,3.93389937E-03,1.92464959E+06,1.18515925E+02,7.02444163E+01,-0.00000000E+00,-0.00000000E+00,-3.21654597E-35,-5.85129102E-35,1.63607241E+06,8.61157557E+05,1.65238982E-04,8.69805049E-05,-1.63314422E+06,-8.58997982E+05,-5.46109145E-05,-5.58829594E-06,-0.00000000E+00,-0.00000000E+00,1.12306598E-06,7.56960377E-07,-0.00000000E+00,-0.00000000E+00,1.12306576E-06,7.56960397E-07,-3.25365539E+03,-2.39956233E+03,-2.48676590E-07,-6.43971806E-06,3.25365785E+02,2.39956415E+02,2.16000000E+02,2.40000000E+02,1.92464959E+06,1.18515925E+02,7.02444163E+01
2.00000000E+00,1.00000000E-01,3.93395031E-03,1.92464959E+06,1.24320825E+02,8.23882909E+01,-0.00000000E+00,-0.00000000E+00,-3.81691171E-35,-6.13788723E-35,1.72218821E+06,8.61158020E+05,1.73937037E-04,8.69805515E-05,-1.71904406E+06,-8.58998445E+05,-5.51372984E-05,-5.00889296E-06,-0.00000000E+00,-0.00000000E+00,1.19882091E-06,7.58017363E-07,-0.00000000E+00,-0.00000000E+00,1.19882069E-06,7.58017413E-07,-3.49361163E+03,-2.39956233E+03,-5.59044359E-06,-1.59233687E-04,3.49361427E+02,2.39956415E+02,2.40000000E+02,2.40000000E+02,1.92464959E+06,1.24320825E+02,8.23882909E+01
2.10000000E+00,1.00000000E-01,3.93400120E-03,1.92464959E+06,1.29321093E+02,9.47971265E+01,-0.00000000E+00,-0.00000000E+00,-4.44382515E-35,-6.38475762E-35,1.80830406E+06,8.61158481E+05,1.82635097E-04,8.69805979E-05,-1.80494395E+06,-8.58998906E+05,-5.56757356E-05,-7.00328360E-06,-0.00000000E+00,-0.00000000E+00,1.27465921E-06,7.58667097E-07,-0.00000000E+00,-0.00000000E+00,1.27465899E-06,7.58667167E-07,-3.73356786E+03,-2.39956233E+03,-8.31452759E-05,-1.91420710E-03,3.73357068E+02,2.39956414E+02,2.64000000E+02,2.40000000E+02,1.92464959E+06,1.29321093E+02,9.47971265E+01
2.20000000E+00,1.00000000E-01,3.93405206E-03,1.92464959E+06,1.33627805E+02,1.07375607E+02,-0.00000000E+00,-0.00000000E+00,-5.09360557E-35,-6.59738614E-35,1.89441995E+06,8.61158942E+05,1.91333161E-04,8.69806443E-05,-1.89084389E+06,-8.58999366E+05,-5.85607688E-05,-8.22443229E-05,-0.00000000E+00,-0.00000000E+00,1.35054707E-06,7.59038582E-07,-0.00000000E+00,-0.00000000E+00,1.35054686E-06,7.59038664E-07,-3.97352409E+03,-2.39956232E+03,-7.00920676E-04,-1.27805592E-02,3.97352710E+02,2.39956414E+02,2.88000000E+02,2.40000000E+02,1.92464959E+06,1.33627805E+02,1.07375607E+02
2.30000000E+00,1.00000000E-01,3.93410290E-03,1.92464958E+06,1.37335314E+02,1.20043269E+02,-0.00000000E+00,-0.00000000E+00,-5.76307732E-35,-6.78043116E-35,1.98053589E+06,8.61159401E+05,2.00031230E-04,8.69806905E-05,-1.97674387E+06,-8.58999825E+05,-1.06609832E-04,-1.30048199E-03,-0.00000000E+00,-0.00000000E+00,1.42646221E-06,7.59234355E-07,-0.00000000E+00,-0.00000000E+00,1.42646202E-06,7.59234443E-07,-4.21348032E+03,-2.39956232E+03,-3.70025150E-03,-5.28236469E-02,4.21348351E+02,2.39956414E+02,3.12000000E+02,2.40000000E+02,1.92464958E+06,1.37335314E+02,1.20043269E+02
2.40000000E+00,1.00000000E-01,3.93415374E-03,1.92464958E+06,1.40522231E+02,1.32732152E+02,-0.00000000E+00,-0.00000000E+00,-6.44948982E-35,-6.93777381E-35,2.06665188E+06,8.61159859E+05,2.08729304E-04,8.69807366E-05,-2.06264390E+06,-8.59000283E+05,-6.45788468E-04,-1.26231400E-02,-0.00000000E+00,-0.00000000E+00,1.50239118E-06,7.59328890E-07,-0.00000000E+00,-0.00000000E+00,1.50239099E-06,7.59328982E-07,-4.45343655E+03,-2.39956231E+03,-1.33844746E-02,-1.47856156E-01,4.45343992E+02,2.39956413E+02,3.36000000E+02,2.40000000E+02,1.92464958E+06,1.40522231E+02,1.32732152E+02
2.50000000E+00,1.00000000E-01,3.93420458E-03,1.92464958E+06,1.43252472E+02,1.45384630E+02,-0.00000000E+00,-0.00000000E+00,-7.15044259E-35,-7.07256968E-35,2.15276791E+06,8.61160316E+05,2.17427382E-04,8.69807826E-05,-2.14854397E+06,-8.59000741E+05,-4.48319973E-03,-7.80056638E-02,-0.00000000E+00,-0.00000000E+00,1.57832655E-06,7.59370605E-07,-0.00000000E+00,-0.00000000E+00,1.57832637E-06,7.59370701E-07,-4.69339279E+03,-2.39956231E+03,-3.57949854E-02,-3.02710592E-01,4.69339634E+02,2.39956413E+02,3.60000000E+02,2.40000000E+02,1.92464958E+06,1.43252472E+02,1.45384630E+02
2.60000000E+00,1.00000000E-01,3.93425540E-03,1.92464957E+06,1.45574577E+02,1.57951374E+02,-0.00000000E+00,-0.00000000E+00,-7.86381239E-35,-7.18721534E-35,2.23888398E+06,8.61160772E+05,2.26125465E-04,8.69808285E-05,-2.23444409E+06,-8.59001197E+05,-2.28661054E-02,-3.27613890E-01,-0.00000000E+00,-0.00000000E+00,1.65426463E-06,7.59387440E-07,-0.00000000E+00,-0.00000000E+00,1.65426446E-06,7.59387540E-07,-4.93334902E+03,-2.39956231E+03,-7.55208875E-02,-4.85331865E-01,4.93335275E+02,2.39956412E+02,3.84000000E+02,2.40000000E+02,1.92464957E+06,1.45574577E+02,1.57951374E+02
2.70000000E+00,1.00000000E-01,3.93430623E-03,1.92464957E+06,1.47517090E+02,1.70389051E+02,-0.00000000E+00,-0.00000000E+00,-8.58766672E-35,-7.28311999E-35,2.32500011E+06,8.61161228E+05,2.34823552E-04,8.69808743E-05,-2.32034426E+06,-8.59001652E+05,-8.55767570E-02,-9.91063164E-01,-0.00000000E+00,-0.00000000E+00,1.73020376E-06,7.59393694E-07,-0.00000000E+00,-0.00000000E+00,1.73020360E-06,7.59393801E-07,-5.17330525E+03,-2.39956230E+03,-1.32841325E-01,-6.48173349E-01,5.17330916E+02,2.39956412E+02,4.08000000E+02,2.40000000E+02,1.92464957E+06,1.47517090E+02,1.70389051E+02
2.80000000E+00,1.00000000E-01,3.93435706E-03,1.92464957E+06,1.49086679E+02,1.82657614E+02,-0.00000000E+00,-0.00000000E+00,-9.32015625E-35,-7.36061282E-35,2.41111628E+06,8.61161682E+05,2.43521644E-04,8.69809200E-05,-2.40624447E+06,-8.59002106E+05,-2.45754268E-01,-2.27354858E+00,-0.00000000E+00,-0.00000000E+00,1.80614328E-06,7.59395881E-07,-0.00000000E+00,-0.00000000E+00,1.80614313E-06,7.59395998E-07,-5.41326148E+03,-2.39956230E+03,-2.04019679E-01,-7.62067455E-01,5.41326557E+02,2.39956412E+02,4.32000000E+02,2.40000000E+02,1.92464957E+06,1.49086679E+02,1.82657614E+02
2.90000000E+00,1.00000000E-01,3.93440788E-03,1.92464956E+06,1.50281493E+02,1.94718283E+02,-0.00000000E+00,-0.00000000E+00,-1.00594335E-34,-7.41960249E-35,2.49723249E+06,8.61162136E+05,2.52219741E-04,8.69809656E-05,-2.49214473E+06,-8.59002560E+05,-5.66365690E-01,-4.14471072E+00,-0.00000000E+00,-0.00000000E+00,1.88208293E-06,7.59396655E-07,-0.00000000E+00,-0.00000000E+00,1.88208279E-06,7.59396785E-07,-5.65321771E+03,-2.39956229E+03,-2.83930946E-01,-8.26516376E-01,5.65322198E+02,2.39956411E+02,4.56000000E+02,2.40000000E+02,1.92464956E+06,1.50281493E+02,1.94718283E+02
3.00000000E+00,1.00000000E-01,3.93445869E-03,1.92464956E+06,1.51117298E+02,2.06534066E+02,-0.00000000E+00,-0.00000000E+00,-1.08036762E-34,-7.46086740E-35,2.58334875E+06,8.61162589E+05,2.60917842E-04,8.69810112E-05,-2.57804503E+06,-8.59003013E+05,-1.09106222E+00,-6.27187453E+00,-0.00000000E+00,-0.00000000E+00,1.95802263E-06,7.59396989E-07,-0.00000000E+00,-0.00000000E+00,1.95802250E-06,7.59397134E-07,-5.89317393E+03,-2.39956229E+03,-3.68366496E-01,-8.56809230E-01,5.89317839E+02,2.39956411E+02,4.80000000E+02,2.40000000E+02,1.92464956E+06,1.51117298E+02,2.06534066E+02
3.10000000E+00,1.00000000E-01,3.93450950E-03,1.92464956E+06,1.51644688E+02,2.18073014E+02,-0.00000000E+00,-0.00000000E+00,-1.15512268E-34,-7.48690536E-35,2.66946505E+06,8.61163040E+05,2.69615948E-04,8.69810567E-05,-2.66394537E+06,-8.59003464E+05,-1.82200971E+00,-8.20846707E+00,-0.00000000E+00,-0.00000000E+00,2.03396235E-06,7.59397203E-07,-0.00000000E+00,-0.00000000E+00,2.03396224E-06,7.59397362E-07,-6.13313016E+03,-2.39956229E+03,-4.54774512E-01,-8.68905267E-01,6.13313480E+02,2.39956410E+02,5.04000000E+02,2.40000000E+02,1.92464956E+06,1.51644688E+02,2.18073014E+02
3.20000000E+00,1.00000000E-01,3.93456031E-03,1.92464956E+06,1.51941776E+02,2.29311935E+02,-0.00000000E+00,-0.00000000E+00,-1.23007561E-34,-7.50157303E-35,2.75558140E+06,8.61163491E+05,2.78314058E-04,8.69811020E-05,-2.74984576E+06,-8.59003915E+05,-2.72259187E+00,-9.65443371E+00,-0.00000000E+00,-0.00000000E+00,2.10990209E-06,7.59397393E-07,-0.00000000E+00,-0.00000000E+00,2.10990200E-06,7.59397564E-07,-6.37308639E+03,-2.39956228E+03,-5.41920937E-01,-8.73088573E-01,6.37309121E+02,2.39956410E+02,5.28000000E+02,2.40000000E+02,1.92464956E+06,1.51941776E+02,2.29311935E+02
3.30000000E+00,1.00000000E-01,3.93461111E-03,1.92464955E+06,1.52090685E+02,2.40237975E+02,-0.00000000E+00,-0.00000000E+00,-1.30513407E-34,-7.50892488E-35,2.84169780E+06,8.61163941E+05,2.87012173E-04,8.69811473E-05,-2.83574620E+06,-8.59004365E+05,-3.73914180E+00,-1.05584287E+01,-0.00000000E+00,-0.00000000E+00,2.18584186E-06,7.59397582E-07,-0.00000000E+00,-0.00000000E+00,2.18584178E-06,7.59397762E-07,-6.61304262E+03,-2.39956228E+03,-6.29308917E-01,-8.74362791E-01,6.61304762E+02,2.39956410E+02,5.52000000E+02,2.40000000E+02,1.92464955E+06,1.52090685E+02,2.40237975E+02
3.40000000E+00,1.00000000E-01,3.93466190E-03,1.92464955E+06,1.52157193E+02,2.50847423E+02,-0.00000000E+00,-0.00000000E+00,-1.38024271E-34,-7.51220848E-35,2.92781423E+06,8.61164391E+05,2.95710292E-04,8.69811926E-05,-2.92164668E+06,-8.59004815E+05,-4.82282381E+00,-1.10403129E+01,-0.00000000E+00,-0.00000000E+00,2.26178164E-06,7.59397775E-07,-0.00000000E+00,-0.00000000E+00,2.26178158E-06,7.59397961E-07,-6.85299885E+03,-2.39956227E+03,-7.16767018E-01,-8.74709729E-01,6.85300403E+02,2.39956409E+02,5.76000000E+02,2.40000000E+02,1.92464955E+06,1.52157193E+02,2.50847423E+02
3.50000000E+00,1.00000000E-01,3.93471269E-03,1.92464955E+06,1.52183774E+02,2.61142963E+02,-0.00000000E+00,-0.00000000E+00,-1.45537266E-34,-7.51352082E-35,3.01393072E+06,8.61164839E+05,3.04408416E-04,8.69812377E-05,-3.00754721E+06,-8.59005263E+05,-5.93995711E+00,-1.12628563E+01,-0.00000000E+00,-0.00000000E+00,2.33772144E-06,7.59397969E-07,-0.00000000E+00,-0.00000000E+00,2.33772140E-06,7.59398159E-07,-7.09295507E+03,-2.39956227E+03,-8.04243437E-01,-8.74795384E-01,7.09296044E+02,2.39956409E+02,6.00000000E+02,2.40000000E+02,1.92464955E+06,1.52183774E+02,2.61142963E+02
3.60000000E+00,1.00000000E-01,3.93476348E-03,1.92464954E+06,1.52193328E+02,2.71130912E+02,-0.00000000E+00,-0.00000000E+00,-1.53051073E-34,-7.51399253E-35,3.10004725E+06,8.61165287E+05,3.13106544E-04,8.69812827E-05,-3.09344778E+06,-8.59005711E+05,-7.07164812E+00,-1.13531587E+01,-0.00000000E+00,-0.00000000E+00,2.41366126E-06,7.59398165E-07,-0.00000000E+00,-0.00000000E+00,2.41366124E-06,7.59398356E-07,-7.33291130E+03,-2.39956227E+03,-8.91724228E-01,-8.74814931E-01,7.33291685E+02,2.39956409E+02,6.24000000E+02,2.40000000E+02,1.92464954E+06,1.52193328E+02,2.71130912E+02
3.70000000E+00,1.00000000E-01,3.93481425E-03,1.92464954E+06,1.52196426E+02,2.80819254E+02,-0.00000000E+00,-0.00000000E+00,-1.60565160E-34,-7.51414550E-35,3.18616382E+06,8.61165734E+05,3.21804677E-04,8.69813277E-05,-3.17934840E+06,-8.59006158E+05,-8.20894429E+00,-1.13857609E+01,-0.00000000E+00,-0.00000000E+00,2.48960110E-06,7.59398360E-07,-0.00000000E+00,-0.00000000E+00,2.48960110E-06,7.59398552E-07,-7.57286753E+03,-2.39956226E+03,-9.79205998E-01,-8.74819262E-01,7.57287326E+02,2.39956408E+02,6.48000000E+02,2.40000000E+02,1.92464954E+06,1.52196426E+02,2.80819254E+02
3.80000000E+00,1.00000000E-01,3.93486503E-03,1.92464954E+06,1.52197327E+02,2.90216541E+02,-0.00000000E+00,-0.00000000E+00,-1.68079333E-34,-7.51418995E-35,3.27228044E+06,8.61166180E+05,3.30502814E-04,8.69813726E-05,-3.26524906E+06,-8.59006604E+05,-9.34817228E+00,-1.13963541E+01,-0.00000000E+00,-0.00000000E+00,2.56554096E-06,7.59398553E-07,-0.00000000E+00,-0.00000000E+00,2.56554098E-06,7.59398746E-07,-7.81282375E+03,-2.39956226E+03,-1.06668799E+00,-8.74820373E-01,7.81282967E+02,2.39956408E+02,6.72000000E+02,2.40000000E+02,1.92464954E+06,1.52197327E+02,2.90216541E+02
3.90000000E+00,1.00000000E-01,3.93491579E-03,1.92464953E+06,1.52197549E+02,2.99331374E+02,-0.00000000E+00,-0.00000000E+00,-1.75593530E-34,-7.51420091E-35,3.35839710E+06,8.61166625E+05,3.39200956E-04,8.69814174E-05,-3.35114976E+06,-8.59007049E+05,-1.04880028E+01,-1.13994873E+01,-0.00000000E+00,-0.00000000E+00,2.64148083E-06,7.59398745E-07,-0.00000000E+00,-0.00000000E+00,2.64148088E-06,7.59398938E-07,-8.05277998E+03,-2.39956225E+03,-1.15417006E+00,-8.74820851E-01,8.05278607E+02,2.39956407E+02,6.96000000E+02,2.40000000E+02,1.92464953E+06,1.52197549E+02,2.99331374E+02
4.00000000E+00,1.00000000E-01,3.93496655E-03,1.92464953E+06,1.52197580E+02,3.08172201E+02,-0.00000000E+00,-0.00000000E+00,-1.83107732E-34,-7.51420243E-35,3.44451381E+06,8.61167070E+05,3.47899102E-04,8.69814621E-05,-3.43705051E+06,-8.59007493E+05,-1.16280056E+01,-1.14003438E+01,-0.00000000E+00,-0.00000000E+00,2.71742073E-06,7.59398935E-07,-0.00000000E+00,-0.00000000E+00,2.71742079E-06,7.59399128E-07,-8.29273620E+03,-2.39956225E+03,-1.24165216E+00,-8.74821212E-01,8.29274248E+02,2.39956407E+02,7.20000000E+02,2.40000000E+02,1.92464953E+06,1.52197580E+02,3.08172201E+02
4.10000000E+00,1.00000000E-01,3.93501731E-03,1.92464953E+06,1.52197561E+02,3.16747247E+02,-0.00000000E+00,-0.00000000E+00,-1.90621934E-34,-7.51420150E-35,3.53063056E+06,8.61167514E+05,3.56597253E-04,8.69815068E-05,-3.52295130E+06,-8.59007937E+05,-1.27680543E+01,-1.14005677E+01,-0.00000000E+00,-0.00000000E+00,2.79336065E-06,7.59399123E-07,-0.00000000E+00,-0.00000000E+00,2.79336073E-06,7.59399316E-07,-8.53269243E+03,-2.39956225E+03,-1.32913430E+00,-8.74821553E-01,8.53269889E+02,2.39956407E+02,7.44000000E+02,2.40000000E+02,1.92464953E+06,1.52197561E+02,3.16747247E+02
4.20000000E+00,1.00000000E-01,3.93506806E-03,1.92464953E+06,1.52197530E+02,3.25064499E+02,-0.00000000E+00,-0.00000000E+00,-1.98136135E-34,-7.51419998E-35,3.61674736E+06,8.61167957E+05,3.65295408E-04,8.69815514E-05,-3.60885214E+06,-8.59008380E+05,-1.39081152E+01,-1.14006301E+01,-0.00000000E+00,-0.00000000E+00,2.86930058E-06,7.59399309E-07,-0.00000000E+00,-0.00000000E+00,2.86930068E-06,7.59399502E-07,-8.77264865E+03,-2.39956224E+03,-1.41661648E+00,-8.74821891E-01,8.77265529E+02,2.39956406E+02,7.68000000E+02,2.40000000E+02,1.92464953E+06,1.52197530E+02,3.25064499E+02
4.30000000E+00,1.00000000E-01,3.93511881E-03,1.92464952E+06,1.52197497E+02,3.33131707E+02,-0.00000000E+00,-0.00000000E+00,-2.05650334E-34,-7.51419833E-35,3.70286420E+06,8.61168399E+05,3.73993567E-04,8.69815959E-05,-3.69475302E+06,-8.59008822E+05,-1.50481799E+01,-1.14006543E+01,-0.00000000E+00,-0.00000000E+00,2.94524053E-06,7.59399494E-07,-0.00000000E+00,-0.00000000E+00,2.94524065E-06,7.59399686E-07,-9.01260487E+03,-2.39956224E+03,-1.50409868E+00,-8.74822229E-01,9.01261170E+02,2.39956406E+02,7.92000000E+02,2.40000000E+02,1.92464952E+06,1.52197497E+02,3.33131707E+02
4.40000000E+00,1.00000000E-01,3.93516955E-03,1.92464952E+06,1.52197462E+02,3.40956388E+02,-0.00000000E+00,-0.00000000E+00,-2.13164532E-34,-7.51419664E-35,3.78898108E+06,8.61168840E+05,3.82691731E-04,8.69816403E-05,-3.78065395E+06,-8.59009264E+05,-1.61882465E+01,-1.14006700E+01,-0.00000000E+00,-0.00000000E+00,3.02118050E-06,7.59399676E-07,-0.00000000E+00,-0.00000000E+00,3.02118064E-06,7.59399869E-07,-9.25256110E+03,-2.39956223E+03,-1.59158093E+00,-8.74822566E-01,9.25256810E+02,2.39956405E+02,8.16000000E+02,2.40000000E+02,1.92464952E+06,1.52197462E+02,3.40956388E+02
4.50000000E+00,1.00000000E-01,3.93522028E-03,1.92464952E+06,1.52197428E+02,3.48545833E+02,-0.00000000E+00,-0.00000000E+00,-2.20678727E-34,-7.51419496E-35,3.87509801E+06,8.61169281E+05,3.91389900E-04,8.69816846E-05,-3.86655492E+06,-8.59009704E+05,-1.73283146E+01,-1.14006840E+01,-0.00000000E+00,-0.00000000E+00,3.09712049E-06,7.59399857E-07,-0.00000000E+00,-0.00000000E+00,3.09712065E-06,7.59400050E-07,-9.49251732E+03,-2.39956223E+03,-1.67906320E+00,-8.74822903E-01,9.49252451E+02,2.39956405E+02,8.40000000E+02,2.40000000E+02,1.92464952E+06,1.52197428E+02,3.48545833E+02
4.60000000E+00,1.00000000E-01,3.93527101E-03,1.92464951E+06,1.52197394E+02,3.55907113E+02,-0.00000000E+00,-0.00000000E+00,-2.28192921E-34,-7.51419327E-35,3.96121498E+06,8.61169721E+05,4.00088073E-04,8.69817289E-05,-3.95245594E+06,-8.59010144E+05,-1.84683840E+01,-1.14006976E+01,-0.00000000E+00,-0.00000000E+00,3.17306050E-06,7.59400036E-07,-0.00000000E+00,-0.00000000E+00,3.17306068E-06,7.59400229E-07,-9.73247354E+03,-2.39956223E+03,-1.76654551E+00,-8.74823240E-01,9.73248091E+02,2.39956405E+02,8.64000000E+02,2.40000000E+02,1.92464951E+06,1.52197394E+02,3.55907113E+02
4.70000000E+00,1.00000000E-01,3.93532173E-03,1.92464951E+06,1.52197360E+02,3.63047089E+02,-0.00000000E+00,-0.00000000E+00,-2.35707114E-34,-7.51419158E-35,4.04733200E+06,8.61170161E+05,4.08786250E-04,8.69817731E-05,-4.03835699E+06,-8.59010584E+05,-1.96084548E+01,-1.14007112E+01,-0.00000000E+00,-0.00000000E+00,3.24900053E-06,7.59400213E-07,-0.00000000E+00,-0.00000000E+00,3.24900072E-06,7.59400406E-07,-9.97242977E+03,-2.39956222E+03,-1.85402785E+00,-8.74823577E-01,9.97243732E+02,2.39956404E+02,8.88000000E+02,2.40000000E+02,1.92464951E+06,1.52197360E+02,3.63047089E+02
4.80000000E+00,1.00000000E-01,3.93537246E-03,1.92464951E+06,1.52197326E+02,3.69972413E+02,-0.00000000E+00,-0.00000000E+00,-2.43221304E-34,-7.51418989E-35,4.13344906E+06,8.61170599E+05,4.17484432E-04,8.69818172E-05,-4.12425810E+06,-8.59011022E+05,-2.07485269E+01,-1.14007248E+01,-0.00000000E+00,-0.00000000E+00,3.32494057E-06,7.59400389E-07,-0.00000000E+00,-0.00000000E+00,3.32494078E-06,7.59400582E-07,-1.02123860E+04,-2.39956222E+03,-1.94151023E+00,-8.74823914E-01,1.02123937E+03,2.39956404E+02,9.12000000E+02,2.40000000E+02,1.92464951E+06,1.52197326E+02,3.69972413E+02
4.90000000E+00,1.00000000E-01,3.93542317E-03,1.92464951E+06,1.52197292E+02,3.76689539E+02,-0.00000000E+00,-0.00000000E+00,-2.50735493E-34,-7.51418820E-35,4.21956616E+06,8.61171037E+05,4.26182618E-04,8.69818613E-05,-4.21015924E+06,-8.59011460E+05,-2.18886004E+01,-1.14007384E+01,-0.00000000E+00,-0.00000000E+00,3.40088063E-06,7.59400563E-07,-0.00000000E+00,-0.00000000E+00,3.40088086E-06,7.59400756E-07,-1.04523422E+04,-2.39956221E+03,-2.02899264E+00,-8.74824251E-01,1.04523501E+03,2.39956403E+02,9.36000000E+02,2.40000000E+02,1.92464951E+06,1.52197292E+02,3.76689539E+02
5.00000000E+00,1.00000000E-01,3.93547388E-03,1.92464950E+06,1.52197257E+02,3.83204725E+02,-0.00000000E+00,-0.00000000E+00,-2.58249681E-34,-7.51418652E-35,4.30568331E+06,8.61171474E+05,4.34880808E-04,8.69819053E-05,-4.29606043E+06,-8.59011897E+05,-2.30286753E+01,-1.14007519E+01,-0.00000000E+00,-0.00000000E+00,3.47682070E-06,7.59400735E-07,-0.00000000E+00,-0.00000000E+00,3.47682096E-06,7.59400928E-07,-1.06922984E+04,-2.39956221E+03,-2.11647508E+00,-8.74824588E-01,1.06923065E+03,2.39956403E+02,9.60000000E+02,2.40000000E+02,1.92464950E+06,1.52197257E+02,3.83204725E+02
5.10000000E+00,1.00000000E-01,3.93552458E-03,1.92464950E+06,1.52197223E+02,3.89524043E+02,-0.00000000E+00,-0.00000000E+00,-2.65763866E-34,-7.51418483E-35,4.39180050E+06,8.61171910E+05,4.43579003E-04,8.69819492E-05,-4.38196167E+06,-8.59012334E+05,-2.41687515E+01,-1.14007655E+01,-0.00000000E+00,-0.00000000E+00,3.55276080E-06,7.59400906E-07,-0.00000000E+00,-0.00000000E+00,3.55276107E-06,7.59401099E-07,-1.09322546E+04,-2.39956221E+03,-2.20395756E+00,-8.74824925E-01,1.09322629E+03,2.39956403E+02,9.84000000E+02,2.40000000E+02,1.92464950E+06,1.52197223E+02,3.89524043E+02
5.20000000E+00,1.00000000E-01,3.93557528E-03,1.92464950E+06,1.52197189E+02,3.95653381E+02,-0.00000000E+00,-0.00000000E+00,-2.73278050E-34,-7.51418314E-35,4.47791773E+06,8.61172346E+05,4.52277203E-04,8.69819931E-05,-4.46786294E+06,-8.59012769E+05,-2.53088290E+01,-1.14007791E+01,-0.00000000E+00,-0.00000000E+00,3.62870091E-06,7.59401075E-07,-0.00000000E+00,-0.00000000E+00,3.62870120E-06,7.59401268E-07,-1.11722109E+04,-2.39956220E+03,-2.29144007E+00,-8.74825262E-01,1.11722193E+03,2.39956402E+02,1.00800000E+03,2.40000000E+02,1.92464950E+06,1.52197189E+02,3.95653381E+02
5.30000000E+00,1.00000000E-01,3.93562596E-03,1.92464949E+06,1.52197155E+02,4.01598450E+02,-0.00000000E+00,-0.00000000E+00,-2.80792233E-34,-7.51418145E-35,4.56403501E+06,8.61172781E+05,4.60975406E-04,8.69820368E-05,-4.55376426E+06,-8.59013204E+05,-2.64489080E+01,-1.14007926E+01,-0.00000000E+00,-0.00000000E+00,3.70464103E-06,7.59401243E-07,-0.00000000E+00,-0.00000000E+00,3.70464135E-06,7.59401435E-07,-1.14121671E+04,-2.39956220E+03,-2.37892261E+00,-8.74825599E-01,1.14121757E+03,2.39956402E+02,1.03200000E+03,2.40000000E+02,1.92464949E+06,1.52197155E+02,4.01598450E+02
5.40000000E+00,1.00000000E-01,3.93567665E-03,1.92464949E+06,1.52197121E+02,4.07364791E+02,-0.00000000E+00,-0.00000000E+00,-2.88306413E-34,-7.51417977E-35,4.65015233E+06,8.61173216E+05,4.69673614E-04,8.69820805E-05,-4.63966563E+06,-8.59013639E+05,-2.75889882E+01,-1.14008062E+01,-0.00000000E+00,-0.00000000E+00,3.78058118E-06,7.59401409E-07,-0.00000000E+00,-0.00000000E+00,3.78058151E-06,7.59401602E-07,-1.16521233E+04,-2.39956219E+03,-2.46640519E+00,-8.74825936E-01,1.16521321E+03,2.39956401E+02,1.05600000E+03,2.40000000E+02,1.92464949E+06,1.52197121E+02,4.07364791E+02
5.50000000E+00,1.00000000E-01,3.93572733E-03,1.92464949E+06,1.52197086E+02,4.12957776E+02,-0.00000000E+00,-0.00000000E+00,-2.95820592E-34,-7.51417808E-35,4.73626970E+06,8.61173649E+05,4.78371827E-04,8.69821242E-05,-4.72556703E+06,-8.59014072E+05,-2.87290699E+01,-1.14008197E+01,-0.00000000E+00,-0.00000000E+00,3.85652134E-06,7.59401574E-07,-0.00000000E+00,-0.00000000E+00,3.85652169E-06,7.59401766E-07,-1.18920795E+04,-2.39956219E+03,-2.55388780E+00,-8.74826273E-01,1.18920885E+03,2.39956401E+02,1.08000000E+03,2.40000000E+02,1.92464949E+06,1.52197086E+02,4.12957776E+02
5.60000000E+00,1.00000000E-01,3.93577801E-03,1.92464949E+06,1.52197052E+02,4.18382617E+02,-0.00000000E+00,-0.00000000E+00,-3.03334769E-34,-7.51417639E-35,4.82238711E+06,8.61174082E+05,4.87070044E-04,8.69821677E-05,-4.81146848E+06,-8.59014505E+05,-2.98691529E+01,-1.14008333E+01,-0.00000000E+00,-0.00000000E+00,3.93246152E-06,7.59401737E-07,-0.00000000E+00,-0.00000000E+00,3.93246188E-06,7.59401929E-07,-1.21320357E+04,-2.39956219E+03,-2.64137045E+00,-8.74826610E-01,1.21320449E+03,2.39956401E+02,1.10400000E+03,2.40000000E+02,1.92464949E+06,1.52197052E+02,4.18382617E+02
5.70000000E+00,1.00000000E-01,3.93582868E-03,1.92464948E+06,1.52197018E+02,4.23644369E+02,-0.00000000E+00,-0.00000000E+00,-3.10848945E-34,-7.51417470E-35,4.90850456E+06,8.61174515E+05,4.95768265E-04,8.69822113E-05,-4.89736998E+06,-8.59014937E+05,-3.10092372E+01,-1.14008468E+01,-0.00000000E+00,-0.00000000E+00,4.00840171E-06,7.59401899E-07,-0.00000000E+00,-0.00000000E+00,4.00840210E-06,7.59402091E-07,-1.23719920E+04,-2.39956218E+03,-2.72885313E+00,-8.74826946E-01,1.23720013E+03,2.39956400E+02,1.12800000E+03,2.40000000E+02,1.92464948E+06,1.52197018E+02,4.23644369E+02
5.80000000E+00,1.00000000E-01,3.93587935E-03,1.92464948E+06,1.52196984E+02,4.28747935E+02,-0.00000000E+00,-0.00000000E+00,-3.18363118E-34,-7.51417302E-35,4.99462205E+06,8.61174946E+05,5.04466490E-04,8.69822547E-05,-4.98327151E+06,-8.59015369E+05,-3.21493229E+01,-1.14008604E+01,-0.00000000E+00,-0.00000000E+00,4.08434192E-06,7.59402059E-07,-0.00000000E+00,-0.00000000E+00,4.08434232E-06,7.59402251E-07,-1.26119482E+04,-2.39956218E+03,-2.81633584E+00,-8.74827283E-01,1.26119577E+03,2.39956400E+02,1.15200000E+03,2.40000000E+02,1.92464948E+06,1.52196984E+02,4.28747935E+02
5.90000000E+00,1.00000000E-01,3.93593001E-03,1.92464948E+06,1.52196950E+02,4.33698070E+02,-0.00000000E+00,-0.00000000E+00,-3.25877291E-34,-7.51417133E-35,5.08073959E+06,8.61175377E+05,5.13164720E-04,8.69822981E-05,-5.06917309E+06,-8.59015800E+05,-3.32894100E+01,-1.14008740E+01,-0.00000000E+00,-0.00000000E+00,4.16028214E-06,7.59402218E-07,-0.00000000E+00,-0.00000000E+00,4.16028257E-06,7.59402410E-07,-1.28519044E+04,-2.39956217E+03,-2.90381859E+00,-8.74827620E-01,1.28519141E+03,2.39956400E+02,1.17600000E+03,2.40000000E+02,1.92464948E+06,1.52196950E+02,4.33698070E+02
6.00000000E+00,1.00000000E-01,3.93598066E-03,1.92464947E+06,1.52196916E+02,4.38499388E+02,-0.00000000E+00,-0.00000000E+00,-3.33391461E-34,-7.51416965E-35,5.16685717E+06,8.61175808E+05,5.21862954E-04,8.69823414E-05,-5.15507472E+06,-8.59016230E+05,-3.44294984E+01,-1.14008875E+01,-0.00000000E+00,-0.00000000E+00,4.23622238E-06,7.59402375E-07,-0.00000000E+00,-0.00000000E+00,4.23622283E-06,7.59402568E-07,-1.30918606E+04,-2.39956217E+03,-2.99130137E+00,-8.74827956E-01,1.30918705E+03,2.39956399E+02,1.20000000E+03,2.40000000E+02,1.92464947E+06,1.52196916E+02,4.38499388E+02
6.10000000E+00,1.00000000E-01,3.93603131E-03,1.92464947E+06,1.52196882E+02,4.43156362E+02,-0.00000000E+00,-0.00000000E+00,-3.40905630E-34,-7.51416796E-35,5.25297479E+06,8.61176238E+05,5.30561193E-04,8.69823846E-05,-5.24097638E+06,-8.59016660E+05,-3.55695881E+01,-1.14009011E+01,-0.00000000E+00,-0.00000000E+00,4.31216264E-06,7.59402532E-07,-0.00000000E+00,-0.00000000E+00,4.31216310E-06,7.59402724E-07,-1.33318168E+04,-2.39956217E+03,-3.07878418E+00,-8.74828293E-01,1.33318269E+03,2.39956399E+02,1.22400000E+03,2.40000000E+02,1.92464947E+06,1.52196882E+02,4.43156362E+02
6.20000000E+00,1.00000000E-01,3.93608195E-03,1.92464947E+06,1.52196847E+02,4.47673332E+02,-0.00000000E+00,-0.00000000E+00,-3.48419797E-34,-7.51416627E-35,5.33909246E+06,8.61176667E+05,5.39259435E-04,8.69824278E-05,-5.32687809E+06,-8.59017089E+05,-3.67096793E+01,-1.14009146E+01,-0.00000000E+00,-0.00000000E+00,4.38810291E-06,7.59402687E-07,-0.00000000E+00,-0.00000000E+00,4.38810339E-06,7.59402879E-07,-1.35717731E+04,-2.39956216E+03,-3.16626703E+00,-8.74828629E-01,1.35717833E+03,2.39956398E+02,1.24800000E+03,2.40000000E+02,1.92464947E+06,1.52196847E+02,4.47673332E+02
6.30000000E+00,1.00000000E-01,3.93613259E-03,1.92464947E+06,1.52196813E+02,4.52054506E+02,-0.00000000E+00,-0.00000000E+00,-3.55933962E-34,-7.51416459E-35,5.42521017E+06,8.61177095E+05,5.47957682E-04,8.69824709E-05,-5.41277984E+06,-8.59017518E+05,-3.78497717E+01,-1.14009281E+01,-0.00000000E+00,-0.00000000E+00,4.46404320E-06,7.59402840E-07,-0.00000000E+00,-0.00000000E+00,4.46404370E-06,7.59403033E-07,-1.38117293E+04,-2.39956216E+03,-3.25374991E+00,-8.74828966E-01,1.38117397E+03,2.39956398E+02,1.27200000E+03,2.40000000E+02,1.92464947E+06,1.52196813E+02,4.52054506E+02
6.40000000E+00,1.00000000E-01,3.93618322E-03,1.92464946E+06,1.52196779E+02,4.56303967E+02,-0.00000000E+00,-0.00000000E+00,-3.63448126E-34,-7.51416290E-35,5.51132792E+06,8.61177523E+05,5.56655934E-04,8.69825140E-05,-5.49868164E+06,-8.59017945E+05,-3.89898656E+01,-1.14009417E+01,-0.00000000E+00,-0.00000000E+00,4.53998350E-06,7.59402993E-07,-0.00000000E+00,-0.00000000E+00,4.53998402E-06,7.59403185E-07,-1.40516855E+04,-2.39956215E+03,-3.34123282E+00,-8.74829302E-01,1.40516961E+03,2.39956398E+02,1.29600000E+03,2.40000000E+02,1.92464946E+06,1.52196779E+02,4.56303967E+02
6.50000000E+00,1.00000000E-01,3.93623385E-03,1.92464946E+06,1.52196745E+02,4.60425675E+02,-0.00000000E+00,-0.00000000E+00,-3.70962288E-34,-7.51416122E-35,5.59744572E+06,8.61177950E+05,5.65354190E-04,8.69825569E-05,-5.58458348E+06,-8.59018373E+05,-4.01299608E+01,-1.14009552E+01,-0.00000000E+00,-0.00000000E+00,4.61592381E-06,7.59403144E-07,-0.00000000E+00,-0.00000000E+00,4.61592436E-06,7.59403336E-07,-1.42916417E+04,-2.39956215E+03,-3.42871577E+00,-8.74829639E-01,1.42916525E+03,2.39956397E+02,1.32000000E+03,2.40000000E+02,1.92464946E+06,1.52196745E+02,4.60425675E+02
6.60000000E+00,1.00000000E-01,3.93628447E-03,1.92464946E+06,1.52196711E+02,4.64423471E+02,-0.00000000E+00,-0.00000000E+00,-3.78476448E-34,-7.51415953E-35,5.68356355E+06,8.61178377E+05,5.74052450E-04,8.69825999E-05,-5.67048536E+06,-8.59018799E+05,-4.12700573E+01,-1.14009688E+01,-0.00000000E+00,-0.00000000E+00,4.69186415E-06,7.59403294E-07,-0.00000000E+00,-0.00000000E+00,4.69186471E-06,7.59403486E-07,-1.45315979E+04,-2.39956215E+03,-3.51619876E+00,-8.74829975E-01,1.45316089E+03,2.39956397E+02,1.34400000E+03,2.40000000E+02,1.92464946E+06,1.52196711E+02,4.64423471E+02
6.70000000E+00,1.00000000E-01,3.93633509E-03,1.92464945E+06,1.52196677E+02,4.68301079E+02,-0.00000000E+00,-0.00000000E+00,-3.85990607E-34,-7.51415785E-35,5.76968143E+06,8.61178803E+05,5.82750714E-04,8.69826427E-05,-5.75638728E+06,-8.59019225E+05,-4.24101552E+01,-1.14009823E+01,-0.00000000E+00,-0.00000000E+00,4.76780449E-06,7.59403442E-07,-0.00000000E+00,-0.00000000E+00,4.76780507E-06,7.59403635E-07,-1.47715541E+04,-2.39956214E+03,-3.60368177E+00,-8.74830311E-01,1.47715653E+03,2.39956396E+02,1.36800000E+03,2.40000000E+02,1.92464945E+06,1.52196677E+02,4.68301079E+02
6.80000000E+00,1.00000000E-01,3.93638570E-03,1.92464945E+06,1.52196643E+02,4.72062113E+02,-0.00000000E+00,-0.00000000E+00,-3.93504764E-34,-7.51415616E-35,5.85579936E+06,8.61179228E+05,5.91448982E-04,8.69826855E-05,-5.84228924E+06,-8.59019650E+05,-4.35502544E+01,-1.14009959E+01,-0.00000000E+00,-0.00000000E+00,4.84374485E-06,7.59403590E-07,-0.00000000E+00,-0.00000000E+00,4.84374545E-06,7.59403782E-07,-1.50115103E+04,-2.39956214E+03,-3.69116482E+00,-8.74830648E-01,1.50115217E+03,2.39956396E+02,1.39200000E+03,2.40000000E+02,1.92464945E+06,1.52196643E+02,4.72062113E+02
6.90000000E+00,1.00000000E-01,3.93643631E-03,1.92464945E+06,1.52196608E+02,4.75710078E+02,-0.00000000E+00,-0.00000000E+00,-4.01018919E-34,-7.51415448E-35,5.94191732E+06,8.61179653E+05,6.00147255E-04,8.69827283E-05,-5.92819125E+06,-8.59020075E+05,-4.46903550E+01,-1.14010094E+01,-0.00000000E+00,-0.00000000E+00,4.91968523E-06,7.59403736E-07,-0.00000000E+00,-0.00000000E+00,4.91968585E-06,7.59403929E-07,-1.52514666E+04,-2.39956213E+03,-3.77864790E+00,-8.74830984E-01,1.52514781E+03,2.39956396E+02,1.41600000E+03,2.40000000E+02,1.92464945E+06,1.52196608E+02,4.75710078E+02
7.00000000E+00,1.00000000E-01,3.93648691E-03,1.92464945E+06,1.52196574E+02,4.79248373E+02,-0.00000000E+00,-0.00000000E+00,-4.08533073E-34,-7.51415280E-35,6.02803533E+06,8.61180077E+05,6.08845532E-04,8.69827709E-05,-6.01409330E+06,-8.59020499E+05,-4.58304570E+01,-1.14010229E+01,-0.00000000E+00,-0.00000000E+00,4.99562562E-06,7.59403881E-07,-0.00000000E+00,-0.00000000E+00,4.99562626E-06,7.59404074E-07,-1.54914228E+04,-2.39956213E+03,-3.86613102E+00,-8.74831320E-01,1.54914345E+03,2.39956395E+02,1.44000000E+03,2.40000000E+02,1.92464945E+06,1.52196574E+02,4.79248373E+02
7.10000000E+00,1.00000000E-01,3.93653750E-03,1.92464944E+06,1.52196540E+02,4.82680294E+02,-0.00000000E+00,-0.00000000E+00,-4.16047225E-34,-7.51415111E-35,6.11415338E+06,8.61180500E+05,6.17543814E-04,8.69828136E-05,-6.09999539E+06,-8.59020923E+05,-4.69705603E+01,-1.14010365E+01,-0.00000000E+00,-0.00000000E+00,5.07156603E-06,7.59404025E-07,-0.00000000E+00,-0.00000000E+00,5.07156668E-06,7.59404218E-07,-1.57313790E+04,-2.39956213E+03,-3.95361417E+00,-8.74831657E-01,1.57313909E+03,2.39956395E+02,1.46400000E+03,2.40000000E+02,1.92464944E+06,1.52196540E+02,4.82680294E+02
7.20000000E+00,1.00000000E-01,3.93658809E-03,1.92464944E+06,1.52196506E+02,4.86009040E+02,-0.00000000E+00,-0.00000000E+00,-4.23561375E-34,-7.51414943E-35,6.20027147E+06,8.61180923E+05,6.26242099E-04,8.69828561E-05,-6.18589753E+06,-8.59021346E+05,-4.81106650E+01,-1.14010500E+01,-0.00000000E+00,-0.00000000E+00,5.14750645E-06,7.59404168E-07,-0.00000000E+00,-0.00000000E+00,5.14750712E-06,7.59404361E-07,-1.59713352E+04,-2.39956212E+03,-4.04109735E+00,-8.74831993E-01,1.59713473E+03,2.39956394E+02,1.48800000E+03,2.40000000E+02,1.92464944E+06,1.52196506E+02,4.86009040E+02
7.30000000E+00,1.00000000E-01,3.93663868E-03,1.92464944E+06,1.52196472E+02,4.89237713E+02,-0.00000000E+00,-0.00000000E+00,-4.31075523E-34,-7.51414774E-35,6.28638961E+06,8.61181346E+05,6.34940389E-04,8.69828986E-05,-6.27179970E+06,-8.59021768E+05,-4.92507710E+01,-1.14010635E+01,-0.00000000E+00,-0.00000000E+00,5.22344688E-06,7.59404310E-07,-0.00000000E+00,-0.00000000E+00,5.22344758E-06,7.59404503E-07,-1.62112914E+04,-2.39956212E+03,-4.12858057E+00,-8.74832329E-01,1.62113037E+03,2.39956394E+02,1.51200000E+03,2.40000000E+02,1.92464944E+06,1.52196472E+02,4.89237713E+02
7.40000000E+00,1.00000000E-01,3.93668926E-03,1.92464943E+06,1.52196438E+02,4.92369320E+02,-0.00000000E+00,-0.00000000E+00,-4.38589670E-34,-7.51414606E-35,6.37250778E+06,8.61181768E+05,6.43638683E-04,8.69829411E-05,-6.35770192E+06,-8.59022190E+05,-5.03908784E+01,-1.14010771E+01,-0.00000000E+00,-0.00000000E+00,5.29938733E-06,7.59404451E-07,-0.00000000E+00,-0.00000000E+00,5.29938804E-06,7.59404644E-07,-1.64512476E+04,-2.39956211E+03,-4.21606382E+00,-8.74832665E-01,1.64512601E+03,2.39956394E+02,1.53600000E+03,2.40000000E+02,1.92464943E+06,1.52196438E+02,4.92369320E+02
7.50000000E+00,1.00000000E-01,3.93673983E-03,1.92464943E+06,1.52196404E+02,4.95406781E+02,-0.00000000E+00,-0.00000000E+00,-4.46103815E-34,-7.51414438E-35,6.45862600E+06,8.61182189E+05,6.52336982E-04,8.69829834E-05,-6.44360419E+06,-8.59022611E+05,-5.15309871E+01,-1.14010906E+01,-0.00000000E+00,-0.00000000E+00,5.37532779E-06,7.59404591E-07,-0.00000000E+00,-0.00000000E+00,5.37532852E-06,7.59404783E-07,-1.66912038E+04,-2.39956211E+03,-4.30354711E+00,-8.74833001E-01,1.66912165E+03,2.39956393E+02,1.56000000E+03,2.40000000E+02,1.92464943E+06,1.52196404E+02,4.95406781E+02
7.60000000E+00,1.00000000E-01,3.93679039E-03,1.92464943E+06,1.52196370E+02,4.98352926E+02,-0.00000000E+00,-0.00000000E+00,-4.53617959E-34,-7.51414269E-35,6.54474426E+06,8.61182609E+05,6.61035284E-04,8.69830258E-05,-6.52950649E+06,-8.59023031E+05,-5.26710971E+01,-1.14011041E+01,-0.00000000E+00,-0.00000000E+00,5.45126826E-06,7.59404729E-07,-0.00000000E+00,-0.00000000E+00,5.45126902E-06,7.59404922E-07,-1.69311600E+04,-2.39956211E+03,-4.39103043E+00,-8.74833337E-01,1.69311729E+03,2.39956393E+02,1.58400000E+03,2.40000000E+02,1.92464943E+06,1.52196370E+02,4.98352926E+02
7.70000000E+00,1.00000000E-01,3.93684095E-03,1.92464943E+06,1.52196336E+02,5.01210499E+02,-0.00000000E+00,-0.00000000E+00,-4.61132101E-34,-7.51414101E-35,6.63086257E+06,8.61183029E+05,6.69733591E-04,8.69830680E-05,-6.61540883E+06,-8.59023451E+05,-5.38112086E+01,-1.14011177E+01,-0.00000000E+00,-0.00000000E+00,5.52720875E-06,7.59404867E-07,-0.00000000E+00,-0.00000000E+00,5.52720953E-06,7.59405060E-07,-1.71711162E+04,-2.39956210E+03,-4.47851378E+00,-8.74833673E-01,1.71711293E+03,2.39956392E+02,1.60800000E+03,2.40000000E+02,1.92464943E+06,1.52196336E+02,5.01210499E+02
7.80000000E+00,1.00000000E-01,3.93689151E-03,1.92464942E+06,1.52196302E+02,5.03982164E+02,-0.00000000E+00,-0.00000000E+00,-4.68646241E-34,-7.51413933E-35,6.71698091E+06,8.61183449E+05,6.78431902E-04,8.69831102E-05,-6.70131122E+06,-8.59023871E+05,-5.49513214E+01,-1.14011312E+01,-0.00000000E+00,-0.00000000E+00,5.60314926E-06,7.59405004E-07,-0.00000000E+00,-0.00000000E+00,5.60315005E-06,7.59405196E-07,-1.74110725E+04,-2.39956210E+03,-4.56599716E+00,-8.74834009E-01,1.74110857E+03,2.39956392E+02,1.63200000E+03,2.40000000E+02,1.92464942E+06,1.52196302E+02,5.03982164E+02
7.90000000E+00,1.00000000E-01,3.93694207E-03,1.92464942E+06,1.52196267E+02,5.06670503E+02,-0.00000000E+00,-0.00000000E+00,-4.76160379E-34,-7.51413764E-35,6.80309930E+06,8.61183868E+05,6.87130217E-04,8.69831524E-05,-6.78721365E+06,-8.59024290E+05,-5.60914355E+01,-1.14011447E+01,-0.00000000E+00,-0.00000000E+00,5.67908977E-06,7.59405139E-07,-0.00000000E+00,-0.00000000E+00,5.67909058E-06,7.59405332E-07,-1.76510287E+04,-2.39956209E+03,-4.65348058E+00,-8.74834345E-01,1.76510420E+03,2.39956392E+02,1.65600000E+03,2.40000000E+02,1.92464942E+06,1.52196267E+02,5.06670503E+02
8.00000000E+00,1.00000000E-01,3.93699261E-03,1.92464942E+06,1.52196233E+02,5.09278021E+02,-0.00000000E+00,-0.00000000E+00,-4.83674516E-34,-7.51413596E-35,6.88921773E+06,8.61184286E+05,6.95828537E-04,8.69831945E-05,-6.87311612E+06,-8.59024708E+05,-5.72315510E+01,-1.14011582E+01,-0.00000000E+00,-0.00000000E+00,5.75503030E-06,7.59405274E-07,-0.00000000E+00,-0.00000000E+00,5.75503113E-06,7.59405467E-07,-1.78909849E+04,-2.39956209E+03,-4.74096404E+00,-8.74834681E-01,1.78909984E+03,2.39956391E+02,1.68000000E+03,2.40000000E+02,1.92464942E+06,1.52196233E+02,5.09278021E+02
8.10000000E+00,1.00000000E-01,3.93704315E-03,1.92464941E+06,1.52196199E+02,5.11807148E+02,-0.00000000E+00,-0.00000000E+00,-4.91188651E-34,-7.51413428E-35,6.97533620E+06,8.61184704E+05,7.04526860E-04,8.69832365E-05,-6.95901863E+06,-8.59025126E+05,-5.83716678E+01,-1.14011717E+01,-0.00000000E+00,-0.00000000E+00,5.83097084E-06,7.59405408E-07,-0.00000000E+00,-0.00000000E+00,5.83097170E-06,7.59405600E-07,-1.81309411E+04,-2.39956209E+03,-4.82844752E+00,-8.74835017E-01,1.81309548E+03,2.39956391E+02,1.70400000E+03,2.40000000E+02,1.92464941E+06,1.52196199E+02,5.11807148E+02
8.20000000E+00,1.00000000E-01,3.93709369E-03,1.92464941E+06,1.52196165E+02,5.14260241E+02,-0.00000000E+00,-0.00000000E+00,-4.98702784E-34,-7.51413260E-35,7.06145471E+06,8.61185121E+05,7.13225188E-04,8.69832785E-05,-7.04492119E+06,-8.59025543E+05,-5.95117860E+01,-1.14011853E+01,-0.00000000E+00,-0.00000000E+00,5.90691140E-06,7.59405540E-07,-0.00000000E+00,-0.00000000E+00,5.90691227E-06,7.59405733E-07,-1.83708973E+04,-2.39956208E+03,-4.91593104E+00,-8.74835353E-01,1.83709112E+03,2.39956391E+02,1.72800000E+03,2.40000000E+02,1.92464941E+06,1.52196165E+02,5.14260241E+02
8.30000000E+00,1.00000000E-01,3.93714422E-03,1.92464941E+06,1.52196131E+02,5.16639584E+02,-0.00000000E+00,-0.00000000E+00,-5.06216916E-34,-7.51413092E-35,7.14757326E+06,8.61185538E+05,7.21923520E-04,8.69833204E-05,-7.13082378E+06,-8.59025960E+05,-6.06519055E+01,-1.14011988E+01,-0.00000000E+00,-0.00000000E+00,5.98285197E-06,7.59405672E-07,-0.00000000E+00,-0.00000000E+00,5.98285286E-06,7.59405865E-07,-1.86108535E+04,-2.39956208E+03,-5.00341459E+00,-8.74835689E-01,1.86108676E+03,2.39956390E+02,1.75200000E+03,2.40000000E+02,1.92464941E+06,1.52196131E+02,5.16639584E+02
8.40000000E+00,1.00000000E-01,3.93719474E-03,1.92464941E+06,1.52196097E+02,5.18947394E+02,-0.00000000E+00,-0.00000000E+00,-5.13731046E-34,-7.51412923E-35,7.23369186E+06,8.61185954E+05,7.30621857E-04,8.69833623E-05,-7.21672642E+06,-8.59026376E+05,-6.17920264E+01,-1.14012123E+01,-0.00000000E+00,-0.00000000E+00,6.05879255E-06,7.59405803E-07,-0.00000000E+00,-0.00000000E+00,6.05879346E-06,7.59405996E-07,-1.88508097E+04,-2.39956208E+03,-5.09089818E+00,-8.74836024E-01,1.88508240E+03,2.39956390E+02,1.77600000E+03,2.40000000E+02,1.92464941E+06,1.52196097E+02,5.18947394E+02
8.50000000E+00,1.00000000E-01,3.93724526E-03,1.92464940E+06,1.52196063E+02,5.21185823E+02,-0.00000000E+00,-0.00000000E+00,-5.21245175E-34,-7.51412755E-35,7.31981050E+06,8.61186370E+05,7.39320197E-04,8.69834041E-05,-7.30262910E+06,-8.59026791E+05,-6.29321487E+01,-1.14012258E+01,-0.00000000E+00,-0.00000000E+00,6.13473315E-06,7.59405933E-07,-0.00000000E+00,-0.00000000E+00,6.13473408E-06,7.59406126E-07,-1.90907659E+04,-2.39956207E+03,-5.17838180E+00,-8.74836360E-01,1.90907804E+03,2.39956389E+02,1.80000000E+03,2.40000000E+02,1.92464940E+06,1.52196063E+02,5.21185823E+02
8.60000000E+00,1.00000000E-01,3.93729578E-03,1.92464940E+06,1.52196029E+02,5.23356958E+02,-0.00000000E+00,-0.00000000E+00,-5.28759301E-34,-7.51412587E-35,7.40592917E+06,8.61186785E+05,7.48018542E-04,8.69834459E-05,-7.38853182E+06,-8.59027206E+05,-6.40722723E+01,-1.14012393E+01,-0.00000000E+00,-0.00000000E+00,6.21067376E-06,7.59406062E-07,-0.00000000E+00,-0.00000000E+00,6.21067470E-06,7.59406255E-07,-1.93307221E+04,-2.39956207E+03,-5.26586546E+00,-8.74836696E-01,1.93307368E+03,2.39956389E+02,1.82400000E+03,2.40000000E+02,1.92464940E+06,1.52196029E+02,5.23356958E+02
8.70000000E+00,1.00000000E-01,3.93734629E-03,1.92464940E+06,1.52195995E+02,5.25462820E+02,-0.00000000E+00,-0.00000000E+00,-5.36273426E-34,-7.51412419E-35,7.49204789E+06,8.61187199E+05,7.56716890E-04,8.69834876E-05,-7.47443458E+06,-8.59027621E+05,-6.52123972E+01,-1.14012528E+01,-0.00000000E+00,-0.00000000E+00,6.28661438E-06,7.59406191E-07,-0.00000000E+00,-0.00000000E+00,6.28661535E-06,7.59406383E-07,-1.95706783E+04,-2.39956206E+03,-5.35334914E+00,-8.74837031E-01,1.95706932E+03,2.39956389E+02,1.84800000E+03,2.40000000E+02,1.92464940E+06,1.52195995E+02,5.25462820E+02
8.80000000E+00,1.00000000E-01,3.93739679E-03,1.92464940E+06,1.52195961E+02,5.27505374E+02,-0.00000000E+00,-0.00000000E+00,-5.43787549E-34,-7.51412251E-35,7.57816666E+06,8.61187613E+05,7.65415243E-04,8.69835293E-05,-7.56033739E+06,-8.59028035E+05,-6.63525235E+01,-1.14012664E+01,-0.00000000E+00,-0.00000000E+00,6.36255501E-06,7.59406318E-07,-0.00000000E+00,-0.00000000E+00,6.36255600E-06,7.59406511E-07,-1.98106345E+04,-2.39956206E+03,-5.44083287E+00,-8.74837367E-01,1.98106496E+03,2.39956388E+02,1.87200000E+03,2.40000000E+02,1.92464940E+06,1.52195961E+02,5.27505374E+02
8.90000000E+00,1.00000000E-01,3.93744729E-03,1.92464939E+06,1.52195927E+02,5.29486521E+02,-0.00000000E+00,-0.00000000E+00,-5.51301671E-34,-7.51412083E-35,7.66428546E+06,8.61188027E+05,7.74113600E-04,8.69835709E-05,-7.64624023E+06,-8.59028448E+05,-6.74926512E+01,-1.14012799E+01,-0.00000000E+00,-0.00000000E+00,6.43849566E-06,7.59406445E-07,-0.00000000E+00,-0.00000000E+00,6.43849666E-06,7.59406637E-07,-2.00505907E+04,-2.39956206E+03,-5.52831662E+00,-8.74837703E-01,2.00506059E+03,2.39956388E+02,1.89600000E+03,2.40000000E+02,1.92464939E+06,1.52195927E+02,5.29486521E+02
9.00000000E+00,1.00000000E-01,3.93749778E-03,1.92464939E+06,1.52195893E+02,5.31408108E+02,-0.00000000E+00,-0.00000000E+00,-5.58815791E-34,-7.51411915E-35,7.75040430E+06,8.61188440E+05,7.82811962E-04,8.69836124E-05,-7.73214312E+06,-8.59028861E+05,-6.86327802E+01,-1.14012934E+01,-0.00000000E+00,-0.00000000E+00,6.51443632E-06,7.59406570E-07,-0.00000000E+00,-0.00000000E+00,6.51443734E-06,7.59406763E-07,-2.02905469E+04,-2.39956205E+03,-5.61580041E+00,-8.74838038E-01,2.02905623E+03,2.39956387E+02,1.92000000E+03,2.40000000E+02,1.92464939E+06,1.52195893E+02,5.31408108E+02
9.10000000E+00,1.00000000E-01,3.93754827E-03,1.92464939E+06,1.52195859E+02,5.33271926E+02,-0.00000000E+00,-0.00000000E+00,-5.66329909E-34,-7.51411747E-35,7.83652319E+06,8.61188852E+05,7.91510327E-04,8.69836539E-05,-7.81804604E+06,-8.59029274E+05,-6.97729105E+01,-1.14013069E+01,-0.00000000E+00,-0.00000000E+00,6.59037699E-06,7.59406695E-07,-0.00000000E+00,-0.00000000E+00,6.59037803E-06,7.59406888E-07,-2.05305031E+04,-2.39956205E+03,-5.70328423E+00,-8.74838374E-01,2.05305187E+03,2.39956387E+02,1.94400000E+03,2.40000000E+02,1.92464939E+06,1.52195859E+02,5.33271926E+02
9.20000000E+00,1.00000000E-01,3.93759875E-03,1.92464938E+06,1.52195825E+02,5.35079711E+02,-0.00000000E+00,-0.00000000E+00,-5.73844026E-34,-7.51411579E-35,7.92264211E+06,8.61189264E+05,8.00208697E-04,8.69836954E-05,-7.90394901E+06,-8.59029686E+05,-7.09130422E+01,-1.14013204E+01,-0.00000000E+00,-0.00000000E+00,6.66631767E-06,7.59406819E-07,-0.00000000E+00,-0.00000000E+00,6.66631874E-06,7.59407012E-07,-2.07704594E+04,-2.39956204E+03,-5.79076809E+00,-8.74838709E-01,2.07704751E+03,2.39956387E+02,1.96800000E+03,2.40000000E+02,1.92464938E+06,1.52195825E+02,5.35079711E+02
9.30000000E+00,1.00000000E-01,3.93764922E-03,1.92464938E+06,1.52195791E+02,5.36833147E+02,-0.00000000E+00,-0.00000000E+00,-5.81358141E-34,-7.51411411E-35,8.00876108E+06,8.61189675E+05,8.08907070E-04,8.69837368E-05,-7.98985202E+06,-8.59030097E+05,-7.20531753E+01,-1.14013339E+01,-0.00000000E+00,-0.00000000E+00,6.74225837E-06,7.59406943E-07,-0.00000000E+00,-0.00000000E+00,6.74225945E-06,7.59407135E-07,-2.10104156E+04,-2.39956204E+03,-5.87825198E+00,-8.74839045E-01,2.10104315E+03,2.39956386E+02,1.99200000E+03,2.40000000E+02,1.92464938E+06,1.52195791E+02,5.36833147E+02
9.40000000E+00,1.00000000E-01,3.93769969E-03,1.92464938E+06,1.52195757E+02,5.38533869E+02,-0.00000000E+00,-0.00000000E+00,-5.88872254E-34,-7.51411243E-35,8.09488009E+06,8.61190086E+05,8.17605448E-04,8.69837781E-05,-8.07575507E+06,-8.59030508E+05,-7.31933097E+01,-1.14013474E+01,-0.00000000E+00,-0.00000000E+00,6.81819908E-06,7.59407065E-07,-0.00000000E+00,-0.00000000E+00,6.81820018E-06,7.59407258E-07,-2.12503718E+04,-2.39956204E+03,-5.96573590E+00,-8.74839380E-01,2.12503879E+03,2.39956386E+02,2.01600000E+03,2.40000000E+02,1.92464938E+06,1.52195757E+02,5.38533869E+02
9.50000000E+00,1.00000000E-01,3.93775016E-03,1.92464938E+06,1.52195723E+02,5.40183462E+02,-0.00000000E+00,-0.00000000E+00,-5.96386366E-34,-7.51411075E-35,8.18099914E+06,8.61190497E+05,8.26303830E-04,8.69838194E-05,-8.16165817E+06,-8.59030918E+05,-7.43334454E+01,-1.14013609E+01,-0.00000000E+00,-0.00000000E+00,6.89413980E-06,7.59407187E-07,-0.00000000E+00,-0.00000000E+00,6.89414092E-06,7.59407380E-07,-2.14903280E+04,-2.39956203E+03,-6.05321985E+00,-8.74839715E-01,2.14903443E+03,2.39956385E+02,2.04000000E+03,2.40000000E+02,1.92464938E+06,1.52195723E+02,5.40183462E+02
9.60000000E+00,1.00000000E-01,3.93780062E-03,1.92464937E+06,1.52195689E+02,5.41783462E+02,-0.00000000E+00,-0.00000000E+00,-6.03900475E-34,-7.51410907E-35,8.26711823E+06,8.61190906E+05,8.35002216E-04,8.69838607E-05,-8.24756130E+06,-8.59031328E+05,-7.54735825E+01,-1.14013744E+01,-0.00000000E+00,-0.00000000E+00,6.97008053E-06,7.59407308E-07,-0.00000000E+00,-0.00000000E+00,6.97008167E-06,7.59407501E-07,-2.17302842E+04,-2.39956203E+03,-6.14070384E+00,-8.74840051E-01,2.17303006E+03,2.39956385E+02,2.06400000E+03,2.40000000E+02,1.92464937E+06,1.52195689E+02,5.41783462E+02
9.70000000E+00,1.00000000E-01,3.93785107E-03,1.92464937E+06,1.52195655E+02,5.43335361E+02,-0.00000000E+00,-0.00000000E+00,-6.11414584E-34,-7.51410739E-35,8.35323736E+06,8.61191316E+05,8.43700606E-04,8.69839018E-05,-8.33346447E+06,-8.59031737E+05,-7.66137210E+01,-1.14013879E+01,-0.00000000E+00,-0.00000000E+00,7.04602128E-06,7.59407428E-07,-0.00000000E+00,-0.00000000E+00,7.04602244E-06,7.59407621E-07,-2.19702404E+04,-2.39956202E+03,-6.22818787E+00,-8.74840386E-01,2.19702570E+03,2.39956385E+02,2.08800000E+03,2.40000000E+02,1.92464937E+06,1.52195655E+02,5.43335361E+02
9.80000000E+00,1.00000000E-01,3.93790152E-03,1.92464937E+06,1.52195621E+02,5.44840604E+02,-0.00000000E+00,-0.00000000E+00,-6.18928690E-34,-7.51410571E-35,8.43935653E+06,8.61191725E+05,8.52399001E-04,8.69839430E-05,-8.41936769E+06,-8.59032146E+05,-7.77538608E+01,-1.14014014E+01,-0.00000000E+00,-0.00000000E+00,7.12196204E-06,7.59407548E-07,-0.00000000E+00,-0.00000000E+00,7.12196321E-06,7.59407740E-07,-2.22101966E+04,-2.39956202E+03,-6.31567192E+00,-8.74840721E-01,2.22102134E+03,2.39956384E+02,2.11200000E+03,2.40000000E+02,1.92464937E+06,1.52195621E+02,5.44840604E+02
9.90000000E+00,1.00000000E-01,3.93795196E-03,1.92464937E+06,1.52195587E+02,5.46300594E+02,-0.00000000E+00,-0.00000000E+00,-6.26442795E-34,-7.51410403E-35,8.52547575E+06,8.61192133E+05,8.61097399E-04,8.69839841E-05,-8.50527094E+06,-8.59032554E+05,-7.88940019E+01,-1.14014149E+01,-0.00000000E+00,-0.00000000E+00,7.19790280E-06,7.59407666E-07,-0.00000000E+00,-0.00000000E+00,7.19790400E-06,7.59407859E-07,-2.24501528E+04,-2.39956202E+03,-6.40315602E+00,-8.74841056E-01,2.24501698E+03,2.39956384E+02,2.13600000E+03,2.40000000E+02,1.92464937E+06,1.52195587E+02,5.46300594E+02
1.00000000E+01,1.00000000E-01,3.93800240E-03,1.92464936E+06,1.52195553E+02,5.47716692E+02,-0.00000000E+00,-0.00000000E+00,-6.33956898E-34,-7.51410235E-35,8.61159500E+06,8.61192541E+05,8.69795801E-04,8.69840251E-05,-8.59117424E+06,-8.59032962E+05,-8.00341444E+01,-1.14014284E+01,-0.00000000E+00,-0.00000000E+00,7.27384358E-06,7.59407785E-07,-0.00000000E+00,-0.00000000E+00,7.27384480E-06,7.59407977E-07,-2.26901090E+04,-2.39956201E+03,-6.49064014E+00,-8.74841392E-01,2.26901262E+03,2.39956384E+02,2.16000000E+03,2.40000000E+02,1.92464936E+06,1.52195553E+02,5.47716692E+02
1.01000000E+01,1.00000000E-01,3.93805283E-03,1.92464936E+06,1.52195519E+02,5.49090217E+02,-0.00000000E+00,-0.00000000E+00,-6.41470999E-34,-7.51410067E-35,8.69771430E+06,8.61192948E+05,8.78494208E-04,8.69840661E-05,-8.67707757E+06,-8.59033370E+05,-8.11742883E+01,-1.14014419E+01,-0.00000000E+00,-0.00000000E+00,7.34978438E-06,7.59407902E-07,-0.00000000E+00,-0.00000000E+00,7.34978561E-06,7.59408094E-07,-2.29300652E+04,-2.39956201E+03,-6.57812430E+00,-8.74841727E-01,2.29300826E+03,2.39956383E+02,2.18400000E+03,2.40000000E+02,1.92464936E+06,1.52195519E+02,5.49090217E+02
1.02000000E+01,1.00000000E-01,3.93810326E-03,1.92464936E+06,1.52195485E+02,5.50422449E+02,-0.00000000E+00,-0.00000000E+00,-6.48985099E-34,-7.51409899E-35,8.78383363E+06,8.61193355E+05,8.87192619E-04,8.69841070E-05,-8.76298095E+06,-8.59033776E+05,-8.23144335E+01,-1.14014554E+01,-0.00000000E+00,-0.00000000E+00,7.42572518E-06,7.59408018E-07,-0.00000000E+00,-0.00000000E+00,7.42572644E-06,7.59408211E-07,-2.31700214E+04,-2.39956200E+03,-6.66560849E+00,-8.74842062E-01,2.31700389E+03,2.39956383E+02,2.20800000E+03,2.40000000E+02,1.92464936E+06,1.52195485E+02,5.50422449E+02
1.03000000E+01,1.00000000E-01,3.93815368E-03,1.92464935E+06,1.52195451E+02,5.51714629E+02,-0.00000000E+00,-0.00000000E+00,-6.56499197E-34,-7.51409731E-35,8.86995301E+06,8.61193762E+05,8.95891034E-04,8.69841479E-05,-8.84888437E+06,-8.59034183E+05,-8.34545800E+01,-1.14014689E+01,-0.00000000E+00,-0.00000000E+00,7.50166600E-06,7.59408134E-07,-0.00000000E+00,-0.00000000E+00,7.50166727E-06,7.59408327E-07,-2.34099776E+04,-2.39956200E+03,-6.75309271E+00,-8.74842397E-01,2.34099953E+03,2.39956382E+02,2.23200000E+03,2.40000000E+02,1.92464935E+06,1.52195451E+02,5.51714629E+02
1.04000000E+01,1.00000000E-01,3.93820410E-03,1.92464935E+06,1.52195417E+02,5.52967962E+02,-0.00000000E+00,-0.00000000E+00,-6.64013294E-34,-7.51409564E-35,8.95607243E+06,8.61194167E+05,9.04589452E-04,8.69841888E-05,-8.93478783E+06,-8.59034589E+05,-8.45947279E+01,-1.14014823E+01,-0.00000000E+00,-0.00000000E+00,7.57760682E-06,7.59408250E-07,-0.00000000E+00,-0.00000000E+00,7.57760812E-06,7.59408442E-07,-2.36499338E+04,-2.39956200E+03,-6.84057697E+00,-8.74842732E-01,2.36499517E+03,2.39956382E+02,2.25600000E+03,2.40000000E+02,1.92464935E+06,1.52195417E+02,5.52967962E+02
1.05000000E+01,1.00000000E-01,3.93825451E-03,1.92464935E+06,1.52195383E+02,5.54183616E+02,-0.00000000E+00,-0.00000000E+00,-6.71527389E-34,-7.51409396E-35,9.04219188E+06,8.61194573E+05,9.13287875E-04,8.69842296E-05,-9.02069133E+06,-8.59034994E+05,-8.57348772E+01,-1.14014958E+01,-0.00000000E+00,-0.00000000E+00,7.65354766E-06,7.59408364E-07,-0.00000000E+00,-0.00000000E+00,7.65354897E-06,7.59408557E-07,-2.38898900E+04,-2.39956199E+03,-6.92806126E+00,-8.74843067E-01,2.38899081E+03,2.39956382E+02,2.28000000E+03,2.40000000E+02,1.92464935E+06,1.52195383E+02,5.54183616E+02
1.06000000E+01,1.00000000E-01,3.93830492E-03,1.92464935E+06,1.52195349E+02,5.55362722E+02,-0.00000000E+00,-0.00000000E+00,-6.79041482E-34,-7.51409228E-35,9.12831138E+06,8.61194978E+05,9.21986302E-04,8.69842703E-05,-9.10659487E+06,-8.59035399E+05,-8.68750278E+01,-1.14015093E+01,-0.00000000E+00,-0.00000000E+00,7.72948851E-06,7.59408478E-07,-0.00000000E+00,-0.00000000E+00,7.72948984E-06,7.59408671E-07,-2.41298462E+04,-2.39956199E+03,-7.01554559E+00,-8.74843402E-01,2.41298645E+03,2.39956381E+02,2.30400000E+03,2.40000000E+02,1.92464935E+06,1.52195349E+02,5.55362722E+02
1.07000000E+01,1.00000000E-01,3.93835531E-03,1.92464934E+06,1.52195315E+02,5.56506380E+02,-0.00000000E+00,-0.00000000E+00,-6.86555573E-34,-7.51409060E-35,9.21443092E+06,8.61195382E+05,9.30684734E-04,8.69843110E-05,-9.19249845E+06,-8.59035803E+05,-8.80151797E+01,-1.14015228E+01,-0.00000000E+00,-0.00000000E+00,7.80542937E-06,7.59408591E-07,-0.00000000E+00,-0.00000000E+00,7.80543072E-06,7.59408784E-07,-2.43698024E+04,-2.39956198E+03,-7.10302994E+00,-8.74843737E-01,2.43698209E+03,2.39956381E+02,2.32800000E+03,2.40000000E+02,1.92464934E+06,1.52195315E+02,5.56506380E+02
1.08000000E+01,1.00000000E-01,3.93840571E-03,1.92464934E+06,1.52195281E+02,5.57615656E+02,-0.00000000E+00,-0.00000000E+00,-6.94069663E-34,-7.51408893E-35,9.30055050E+06,8.61195786E+05,9.39383169E-04,8.69843517E-05,-9.27840207E+06,-8.59036207E+05,-8.91553330E+01,-1.14015363E+01,-0.00000000E+00,-0.00000000E+00,7.88137024E-06,7.59408704E-07,-0.00000000E+00,-0.00000000E+00,7.88137162E-06,7.59408897E-07,-2.46097586E+04,-2.39956198E+03,-7.19051434E+00,-8.74844072E-01,2.46097772E+03,2.39956380E+02,2.35200000E+03,2.40000000E+02,1.92464934E+06,1.52195281E+02,5.57615656E+02
1.09000000E+01,1.00000000E-01,3.93845610E-03,1.92464934E+06,1.52195247E+02,5.58691583E+02,-0.00000000E+00,-0.00000000E+00,-7.01583751E-34,-7.51408725E-35,9.38667012E+06,8.61196190E+05,9.48081608E-04,8.69843923E-05,-9.36430573E+06,-8.59036611E+05,-9.02954876E+01,-1.14015498E+01,-0.00000000E+00,-0.00000000E+00,7.95731113E-06,7.59408816E-07,-0.00000000E+00,-0.00000000E+00,7.95731252E-06,7.59409009E-07,-2.48497148E+04,-2.39956198E+03,-7.27799876E+00,-8.74844407E-01,2.48497336E+03,2.39956380E+02,2.37600000E+03,2.40000000E+02,1.92464934E+06,1.52195247E+02,5.58691583E+02
1.10000000E+01,1.00000000E-01,3.93850649E-03,1.92464934E+06,1.52195213E+02,5.59735164E+02,-0.00000000E+00,-0.00000000E+00,-7.09097837E-34,-7.51408557E-35,9.47278978E+06,8.61196593E+05,9.56780051E-04,8.69844328E-05,-9.45020943E+06,-8.59037014E+05,-9.14356436E+01,-1.14015632E+01,-0.00000000E+00,-0.00000000E+00,8.03325202E-06,7.59408927E-07,-0.00000000E+00,-0.00000000E+00,8.03325343E-06,7.59409120E-07,-2.50896710E+04,-2.39956197E+03,-7.36548322E+00,-8.74844741E-01,2.50896900E+03,2.39956380E+02,2.40000000E+03,2.40000000E+02,1.92464934E+06,1.52195213E+02,5.59735164E+02
1.11000000E+01,1.00000000E-01,3.93855686E-03,1.92464933E+06,1.52195179E+02,5.60747371E+02,-0.00000000E+00,-0.00000000E+00,-7.16611922E-34,-7.51408389E-35,9.55890947E+06,8.61196995E+05,9.65478499E-04,8.69844733E-05,-9.53611317E+06,-8.59037416E+05,-9.25758009E+01,-1.14015767E+01,-0.00000000E+00,-0.00000000E+00,8.10919293E-06,7.59409038E-07,-0.00000000E+00,-0.00000000E+00,8.10919436E-06,7.59409231E-07,-2.53296272E+04,-2.39956197E+03,-7.45296771E+00,-8.74845076E-01,2.53296464E+03,2.39956379E+02,2.42400000E+03,2.40000000E+02,1.92464933E+06,1.52195179E+02,5.60747371E+02
1.12000000E+01,1.00000000E-01,3.93860723E-03,1.92464933E+06,1.52195145E+02,5.61729148E+02,-0.00000000E+00,-0.00000000E+00,-7.24126005E-34,-7.51408222E-35,9.64502921E+06,8.61197398E+05,9.74176950E-04,8.69845138E-05,-9.62201696E+06,-8.59037819E+05,-9.37159596E+01,-1.14015902E+01,-0.00000000E+00,-0.00000000E+00,8.18513385E-06,7.59409148E-07,-0.00000000E+00,-0.00000000E+00,8.18513529E-06,7.59409341E-07,-2.55695834E+04,-2.39956196E+03,-7.54045224E+00,-8.74845411E-01,2.55696028E+03,2.39956379E+02,2.44800000E+03,2.40000000E+02,1.92464933E+06,1.52195145E+02,5.61729148E+02
1.13000000E+01,1.00000000E-01,3.93865759E-03,1.92464933E+06,1.52195111E+02,5.62681408E+02,-0.00000000E+00,-0.00000000E+00,-7.31640086E-34,-7.51408054E-35,9.73114899E+06,8.61197799E+05,9.82875405E-04,8.69845542E-05,-9.70792078E+06,-8.59038220E+05,-9.48561197E+01,-1.14016037E+01,-0.00000000E+00,-0.00000000E+00,8.26107477E-06,7.59409258E-07,-0.00000000E+00,-0.00000000E+00,8.26107624E-06,7.59409451E-07,-2.58095396E+04,-2.39956196E+03,-7.62793680E+00,-8.74845746E-01,2.58095591E+03,2.39956378E+02,2.47200000E+03,2.40000000E+02,1.92464933E+06,1.52195111E+02,5.62681408E+02
1.14000000E+01,1.00000000E-01,3.93870795E-03,1.92464932E+06,1.52195077E+02,5.63605041E+02,-0.00000000E+00,-0.00000000E+00,-7.39154166E-34,-7.51407886E-35,9.81726881E+06,8.61198200E+05,9.91573865E-04,8.69845946E-05,-9.79382464E+06,-8.59038621E+05,-9.59962810E+01,-1.14016171E+01,-0.00000000E+00,-0.00000000E+00,8.33701571E-06,7.59409367E-07,-0.00000000E+00,-0.00000000E+00,8.33701720E-06,7.59409560E-07,-2.60494957E+04,-2.39956196E+03,-7.71542139E+00,-8.74846080E-01,2.60495155E+03,2.39956378E+02,2.49600000E+03,2.40000000E+02,1.92464932E+06,1.52195077E+02,5.63605041E+02
1.15000000E+01,1.00000000E-01,3.93875831E-03,1.92464932E+06,1.52195043E+02,5.64500905E+02,-0.00000000E+00,-0.00000000E+00,-7.46668244E-34,-7.51407719E-35,9.90338867E+06,8.61198601E+05,1.00027233E-03,8.69846349E-05,-9.87972854E+06,-8.59039022E+05,-9.71364438E+01,-1.14016306E+01,-0.00000000E+00,-0.00000000E+00,8.41295666E-06,7.59409475E-07,-0.00000000E+00,-0.00000000E+00,8.41295817E-06,7.59409668E-07,-2.62894519E+04,-2.39956195E+03,-7.80290602E+00,-8.74846415E-01,2.62894719E+03,2.39956378E+02,2.52000000E+03,2.40000000E+02,1.92464932E+06,1.52195043E+02,5.64500905E+02
1.16000000E+01,1.00000000E-01,3.93880866E-03,1.92464932E+06,1.52195009E+02,5.65369837E+02,-0.00000000E+00,-0.00000000E+00,-7.54182320E-34,-7.51407551E-35,9.98950857E+06,8.61199001E+05,1.00897080E-03,8.69846752E-05,-9.96563248E+06,-8.59039422E+05,-9.82766078E+01,-1.14016441E+01,-0.00000000E+00,-0.00000000E+00,8.48889762E-06,7.59409583E-07,-0.00000000E+00,-0.00000000E+00,8.48889915E-06,7.59409776E-07,-2.65294081E+04,-2.39956195E+03,-7.89039068E+00,-8.74846750E-01,2.65294283E+03,2.39956377E+02,2.54400000E+03,2.40000000E+02,1.92464932E+06,1.52195009E+02,5.65369837E+02
1.17000000E+01,1.00000000E-01,3.93885900E-03,1.92464932E+06,1.52194975E+02,5.66212645E+02,-0.00000000E+00,-0.00000000E+00,-7.61696395E-34,-7.51407384E-35,1.00756285E+07,8.61199401E+05,1.01766927E-03,8.69847154E-05,-1.00515365E+07,-8.59039822E+05,-9.94167732E+01,-1.14016575E+01,-0.00000000E+00,-0.00000000E+00,8.56483859E-06,7.59409690E-07,-0.00000000E+00,-0.00000000E+00,8.56484014E-06,7.59409883E-07,-2.67693643E+04,-2.39956194E+03,-7.97787537E+00,-8.74847084E-01,2.67693846E+03,2.39956377E+02,2.56800000E+03,2.40000000E+02,1.92464932E+06,1.52194975E+02,5.66212645E+02
1.18000000E+01,1.00000000E-01,3.93890934E-03,1.92464931E+06,1.52194941E+02,5.67030116E+02,-0.00000000E+00,-0.00000000E+00,-7.69210468E-34,-7.51407216E-35,1.01617485E+07,8.61199801E+05,1.02636774E-03,8.69847556E-05,-1.01374405E+07,-8.59040221E+05,-1.00556940E+02,-1.14016710E+01,-0.00000000E+00,-0.00000000E+00,8.64077957E-06,7.59409797E-07,-0.00000000E+00,-0.00000000E+00,8.64078114E-06,7.59409990E-07,-2.70093205E+04,-2.39956194E+03,-8.06536010E+00,-8.74847419E-01,2.70093410E+03,2.39956377E+02,2.59200000E+03,2.40000000E+02,1.92464931E+06,1.52194941E+02,5.67030116E+02
1.19000000E+01,1.00000000E-01,3.93895967E-03,1.92464931E+06,1.52194907E+02,5.67823010E+02,-0.00000000E+00,-0.00000000E+00,-7.76724539E-34,-7.51407049E-35,1.02478685E+07,8.61200200E+05,1.03506622E-03,8.69847958E-05,-1.02233446E+07,-8.59040620E+05,-1.01697108E+02,-1.14016845E+01,-0.00000000E+00,-0.00000000E+00,8.71672057E-06,7.59409903E-07,-0.00000000E+00,-0.00000000E+00,8.71672215E-06,7.59410096E-07,-2.72492767E+04,-2.39956194E+03,-8.15284486E+00,-8.74847753E-01,2.72492974E+03,2.39956376E+02,2.61600000E+03,2.40000000E+02,1.92464931E+06,1.52194907E+02,5.67823010E+02
1.20000000E+01,1.00000000E-01,3.93901000E-03,1.92464931E+06,1.52194873E+02,5.68592067E+02,-0.00000000E+00,-0.00000000E+00,-7.84238608E-34,-7.51406881E-35,1.03339886E+07,8.61200598E+05,1.04376471E-03,8.69848358E-05,-1.03092487E+07,-8.59041019E+05,-1.02837278E+02,-1.14016979E+01,-0.00000000E+00,-0.00000000E+00,8.79266157E-06,7.59410009E-07,-0.00000000E+00,-0.00000000E+00,8.79266317E-06,7.59410201E-07,-2.74892329E+04,-2.39956193E+03,-8.24032965E+00,-8.74848088E-01,2.74892538E+03,2.39956376E+02,2.64000000E+03,2.40000000E+02,1.92464931E+06,1.52194873E+02,5.68592067E+02
1.21000000E+01,1.00000000E-01,3.93906032E-03,1.92464931E+06,1.52194839E+02,5.69338003E+02,-0.00000000E+00,-0.00000000E+00,-7.91752676E-34,-7.51406714E-35,1.04201087E+07,8.61200996E+05,1.05246319E-03,8.69848759E-05,-1.03951528E+07,-8.59041417E+05,-1.03977448E+02,-1.14017114E+01,-0.00000000E+00,-0.00000000E+00,8.86860258E-06,7.59410114E-07,-0.00000000E+00,-0.00000000E+00,8.86860420E-06,7.59410306E-07,-2.77291891E+04,-2.39956193E+03,-8.32781448E+00,-8.74848422E-01,2.77292101E+03,2.39956375E+02,2.66400000E+03,2.40000000E+02,1.92464931E+06,1.52194839E+02,5.69338003E+02
1.22000000E+01,1.00000000E-01,3.93911064E-03,1.92464930E+06,1.52194805E+02,5.70061514E+02,-0.00000000E+00,-0.00000000E+00,-7.99266743E-34,-7.51406546E-35,1.05062288E+07,8.61201394E+05,1.06116169E-03,8.69849159E-05,-1.04810570E+07,-8.59041814E+05,-1.05117621E+02,-1.14017249E+01,-0.00000000E+00,-0.00000000E+00,8.94454361E-06,7.59410218E-07,-0.00000000E+00,-0.00000000E+00,8.94454525E-06,7.59410411E-07,-2.79691453E+04,-2.39956193E+03,-8.41529934E+00,-8.74848756E-01,2.79691665E+03,2.39956375E+02,2.68800000E+03,2.40000000E+02,1.92464930E+06,1.52194805E+02,5.70061514E+02
1.23000000E+01,1.00000000E-01,3.93916095E-03,1.92464930E+06,1.52194771E+02,5.70763273E+02,-0.00000000E+00,-0.00000000E+00,-8.06780807E-34,-7.51406379E-35,1.05923490E+07,8.61201791E+05,1.06986018E-03,8.69849559E-05,-1.05669612E+07,-8.59042212E+05,-1.06257794E+02,-1.14017383E+01,-0.00000000E+00,-0.00000000E+00,9.02048464E-06,7.59410322E-07,-0.00000000E+00,-0.00000000E+00,9.02048630E-06,7.59410515E-07,-2.82091015E+04,-2.39956192E+03,-8.50278423E+00,-8.74849091E-01,2.82091229E+03,2.39956375E+02,2.71200000E+03,2.40000000E+02,1.92464930E+06,1.52194771E+02,5.70763273E+02
1.24000000E+01,1.00000000E-01,3.93921125E-03,1.92464930E+06,1.52194738E+02,5.71443935E+02,-0.00000000E+00,-0.00000000E+00,-8.14294870E-34,-7.51406211E-35,1.06784692E+07,8.61202188E+05,1.07855868E-03,8.69849958E-05,-1.06528655E+07,-8.59042608E+05,-1.07397969E+02,-1.14017518E+01,-0.00000000E+00,-0.00000000E+00,9.09642568E-06,7.59410426E-07,-0.00000000E+00,-0.00000000E+00,9.09642736E-06,7.59410618E-07,-2.84490577E+04,-2.39956192E+03,-8.59026916E+00,-8.74849425E-01,2.84490793E+03,2.39956374E+02,2.73600000E+03,2.40000000E+02,1.92464930E+06,1.52194738E+02,5.71443935E+02
1.25000000E+01,1.00000000E-01,3.93926155E-03,1.92464930E+06,1.52194704E+02,5.72104133E+02,-0.00000000E+00,-0.00000000E+00,-8.21808931E-34,-7.51406044E-35,1.07645895E+07,8.61202584E+05,1.08725718E-03,8.69850357E-05,-1.07387698E+07,-8.59043005E+05,-1.08538145E+02,-1.14017652E+01,-0.00000000E+00,-0.00000000E+00,9.17236674E-06,7.59410529E-07,-0.00000000E+00,-0.00000000E+00,9.17236844E-06,7.59410721E-07,-2.86890139E+04,-2.39956191E+03,-8.67775412E+00,-8.74849759E-01,2.86890356E+03,2.39956374E+02,2.76000000E+03,2.40000000E+02,1.92464930E+06,1.52194704E+02,5.72104133E+02
1.26000000E+01,1.00000000E-01,3.93931184E-03,1.92464929E+06,1.52194670E+02,5.72744484E+02,-0.00000000E+00,-0.00000000E+00,-8.29322991E-34,-7.51405876E-35,1.08507098E+07,8.61202980E+05,1.09595569E-03,8.69850755E-05,-1.08246741E+07,-8.59043400E+05,-1.09678323E+02,-1.14017787E+01,-0.00000000E+00,-0.00000000E+00,9.24830780E-06,7.59410631E-07,-0.00000000E+00,-0.00000000E+00,9.24830952E-06,7.59410824E-07,-2.89289701E+04,-2.39956191E+03,-8.76523911E+00,-8.74850093E-01,2.89289920E+03,2.39956373E+02,2.78400000E+03,2.40000000E+02,1.92464929E+06,1.52194670E+02,5.72744484E+02
1.27000000E+01,1.00000000E-01,3.93936214E-03,1.92464929E+06,1.52194636E+02,5.73365583E+02,-0.00000000E+00,-0.00000000E+00,-8.36837049E-34,-7.51405709E-35,1.09368301E+07,8.61203375E+05,1.10465420E-03,8.69851153E-05,-1.09105785E+07,-8.59043796E+05,-1.10818501E+02,-1.14017922E+01,-0.00000000E+00,-0.00000000E+00,9.32424888E-06,7.59410733E-07,-0.00000000E+00,-0.00000000E+00,9.32425062E-06,7.59410926E-07,-2.91689263E+04,-2.39956191E+03,-8.85272414E+00,-8.74850428E-01,2.91689484E+03,2.39956373E+02,2.80800000E+03,2.40000000E+02,1.92464929E+06,1.52194636E+02,5.73365583E+02
1.28000000E+01,1.00000000E-01,3.93941241E-03,1.92464929E+06,1.52194602E+02,5.73968009E+02,-0.00000000E+00,-0.00000000E+00,-8.44351105E-34,-7.51405542E-35,1.10229505E+07,8.61203770E+05,1.11335272E-03,8.69851550E-05,-1.09964829E+07,-8.59044191E+05,-1.11958682E+02,-1.14018056E+01,-0.00000000E+00,-0.00000000E+00,9.40018996E-06,7.59410834E-07,-0.00000000E+00,-0.00000000E+00,9.40019172E-06,7.59411027E-07,-2.94088824E+04,-2.39956190E+03,-8.94020920E+00,-8.74850762E-01,2.94089048E+03,2.39956373E+02,2.83200000E+03,2.40000000E+02,1.92464929E+06,1.52194602E+02,5.73968009E+02
1.29000000E+01,1.00000000E-01,3.93946269E-03,1.92464929E+06,1.52194568E+02,5.74552324E+02,-0.00000000E+00,-0.00000000E+00,-8.51865160E-34,-7.51405374E-35,1.11090709E+07,8.61204165E+05,1.12205124E-03,8.69851947E-05,-1.10823874E+07,-8.59044585E+05,-1.13098863E+02,-1.14018191E+01,-0.00000000E+00,-0.00000000E+00,9.47613106E-06,7.59410935E-07,-0.00000000E+00,-0.00000000E+00,9.47613283E-06,7.59411128E-07,-2.96488386E+04,-2.39956190E+03,-9.02769429E+00,-8.74851096E-01,2.96488611E+03,2.39956372E+02,2.85600000E+03,2.40000000E+02,1.92464929E+06,1.52194568E+02,5.74552324E+02
1.30000000E+01,1.00000000E-01,3.93951296E-03,1.92464928E+06,1.52194534E+02,5.75119072E+02,-0.00000000E+00,-0.00000000E+00,-8.59379212E-34,-7.51405207E-35,1.11951914E+07,8.61204559E+05,1.13074976E-03,8.69852344E-05,-1.11682919E+07,-8.59044979E+05,-1.14239046E+02,-1.14018325E+01,-0.00000000E+00,-0.00000000E+00,9.55207216E-06,7.59411036E-07,-0.00000000E+00,-0.00000000E+00,9.55207396E-06,7.59411228E-07,-2.98887948E+04,-2.39956189E+03,-9.11517942E+00,-8.74851430E-01,2.98888175E+03,2.39956372E+02,2.88000000E+03,2.40000000E+02,1.92464928E+06,1.52194534E+02,5.75119072E+02
1.31000000E+01,1.00000000E-01,3.93956322E-03,1.92464928E+06,1.52194500E+02,5.75668782E+02,-0.00000000E+00,-0.00000000E+00,-8.66893264E-34,-7.51405039E-35,1.12813119E+07,8.61204953E+05,1.13944829E-03,8.69852740E-05,-1.12541964E+07,-8.59045373E+05,-1.15379230E+02,-1.14018460E+01,-0.00000000E+00,-0.00000000E+00,9.62801328E-06,7.59411136E-07,-0.00000000E+00,-0.00000000E+00,9.62801509E-06,7.59411328E-07,-3.01287510E+04,-2.39956189E+03,-9.20266458E+00,-8.74851764E-01,3.01287739E+03,2.39956371E+02,2.90400000E+03,2.40000000E+02,1.92464928E+06,1.52194500E+02,5.75668782E+02
1.32000000E+01,1.00000000E-01,3.93961348E-03,1.92464928E+06,1.52194466E+02,5.76201966E+02,-0.00000000E+00,-0.00000000E+00,-8.74407313E-34,-7.51404872E-35,1.13674324E+07,8.61205346E+05,1.14814682E-03,8.69853136E-05,-1.13401010E+07,-8.59045766E+05,-1.16519416E+02,-1.14018594E+01,-0.00000000E+00,-0.00000000E+00,9.70395441E-06,7.59411235E-07,-0.00000000E+00,-0.00000000E+00,9.70395624E-06,7.59411428E-07,-3.03687072E+04,-2.39956189E+03,-9.29014978E+00,-8.74852098E-01,3.03687303E+03,2.39956371E+02,2.92800000E+03,2.40000000E+02,1.92464928E+06,1.52194466E+02,5.76201966E+02
1.33000000E+01,1.00000000E-01,3.93966373E-03,1.92464927E+06,1.52194433E+02,5.76719119E+02,-0.00000000E+00,-0.00000000E+00,-8.81921361E-34,-7.51404705E-35,1.14535530E+07,8.61205739E+05,1.15684536E-03,8.69853531E-05,-1.14260056E+07,-8.59046159E+05,-1.17659603E+02,-1.14018728E+01,-0.00000000E+00,-0.00000000E+00,9.77989554E-06,7.59411334E-07,-0.00000000E+00,-0.00000000E+00,9.77989739E-06,7.59411527E-07,-3.06086634E+04,-2.39956188E+03,-9.37763501E+00,-8.74852432E-01,3.06086866E+03,2.39956371E+02,2.95200000E+03,2.40000000E+02,1.92464927E+06,1.52194433E+02,5.76719119E+02
1.34000000E+01,1.00000000E-01,3.93971398E-03,1.92464927E+06,1.52194399E+02,5.77220725E+02,-0.00000000E+00,-0.00000000E+00,-8.89435407E-34,-7.51404538E-35,1.15396736E+07,8.61206131E+05,1.16554389E-03,8.69853926E-05,-1.15119102E+07,-8.59046552E+05,-1.18799791E+02,-1.14018863E+01,-0.00000000E+00,-0.00000000E+00,9.85583669E-06,7.59411433E-07,-0.00000000E+00,-0.00000000E+00,9.85583856E-06,7.59411626E-07,-3.08486196E+04,-2.39956188E+03,-9.46512027E+00,-8.74852766E-01,3.08486430E+03,2.39956370E+02,2.97600000E+03,2.40000000E+02,1.92464927E+06,1.52194399E+02,5.77220725E+02
1.35000000E+01,1.00000000E-01,3.93976422E-03,1.92464927E+06,1.52194365E+02,5.77707251E+02,-0.00000000E+00,-0.00000000E+00,-8.96949452E-34,-7.51404370E-35,1.16257942E+07,8.61206523E+05,1.17424244E-03,8.69854321E-05,-1.15978149E+07,-8.59046944E+05,-1.19939981E+02,-1.14018997E+01,-0.00000000E+00,-0.00000000E+00,9.93177784E-06,7.59411531E-07,-0.00000000E+00,-0.00000000E+00,9.93177973E-06,7.59411724E-07,-3.10885758E+04,-2.39956187E+03,-9.55260556E+00,-8.74853100E-01,3.10885994E+03,2.39956370E+02,3.00000000E+03,2.40000000E+02,1.92464927E+06,1.52194365E+02,5.77707251E+02
1.36000000E+01,1.00000000E-01,3.93981445E-03,1.92464927E+06,1.52194331E+02,5.78179150E+02,-0.00000000E+00,-0.00000000E+00,-9.04463494E-34,-7.51404203E-35,1.17119149E+07,8.61206915E+05,1.18294099E-03,8.69854715E-05,-1.16837197E+07,-8.59047335E+05,-1.21080172E+02,-1.14019132E+01,-0.00000000E+00,-0.00000000E+00,1.00077190E-05,7.59411629E-07,-0.00000000E+00,-0.00000000E+00,1.00077209E-05,7.59411822E-07,-3.13285320E+04,-2.39956187E+03,-9.64009089E+00,-8.74853433E-01,3.13285557E+03,2.39956370E+02,3.02400000E+03,2.40000000E+02,1.92464927E+06,1.52194331E+02,5.78179150E+02
1.37000000E+01,1.00000000E-01,3.93986468E-03,1.92464926E+06,1.52194297E+02,5.78636862E+02,-0.00000000E+00,-0.00000000E+00,-9.11977536E-34,-7.51404036E-35,1.17980356E+07,8.61207306E+05,1.19163954E-03,8.69855108E-05,-1.17696244E+07,-8.59047726E+05,-1.22220364E+02,-1.14019266E+01,-0.00000000E+00,-0.00000000E+00,1.00836602E-05,7.59411726E-07,-0.00000000E+00,-0.00000000E+00,1.00836621E-05,7.59411919E-07,-3.15684881E+04,-2.39956187E+03,-9.72757625E+00,-8.74853767E-01,3.15685121E+03,2.39956369E+02,3.04800000E+03,2.40000000E+02,1.92464926E+06,1.52194297E+02,5.78636862E+02
1.38000000E+01,1.00000000E-01,3.93991490E-03,1.92464926E+06,1.52194263E+02,5.79080813E+02,-0.00000000E+00,-0.00000000E+00,-9.19491575E-34,-7.51403869E-35,1.18841564E+07,8.61207697E+05,1.20033809E-03,8.69855502E-05,-1.18555293E+07,-8.59048117E+05,-1.23360558E+02,-1.14019400E+01,-0.00000000E+00,-0.00000000E+00,1.01596014E-05,7.59411823E-07,-0.00000000E+00,-0.00000000E+00,1.01596033E-05,7.59412016E-07,-3.18084443E+04,-2.39956186E+03,-9.81506165E+00,-8.74854101E-01,3.18084685E+03,2.39956369E+02,3.07200000E+03,2.40000000E+02,1.92464926E+06,1.52194263E+02,5.79080813E+02
1.39000000E+01,1.00000000E-01,3.93996512E-03,1.92464926E+06,1.52194229E+02,5.79511417E+02,-0.00000000E+00,-0.00000000E+00,-9.27005613E-34,-7.51403702E-35,1.19702772E+07,8.61208087E+05,1.20903665E-03,8.69855894E-05,-1.19414341E+07,-8.59048508E+05,-1.24500753E+02,-1.14019535E+01,-0.00000000E+00,-0.00000000E+00,1.02355426E-05,7.59411919E-07,-0.00000000E+00,-0.00000000E+00,1.02355445E-05,7.59412112E-07,-3.20484005E+04,-2.39956186E+03,-9.90254707E+00,-8.74854435E-01,3.20484248E+03,2.39956368E+02,3.09600000E+03,2.40000000E+02,1.92464926E+06,1.52194229E+02,5.79511417E+02
1.40000000E+01,1.00000000E-01,3.94001533E-03,1.92464926E+06,1.52194195E+02,5.79929076E+02,-0.00000000E+00,-0.00000000E+00,-9.34519649E-34,-7.51403535E-35,1.20563981E+07,8.61208477E+05,1.21773521E-03,8.69856287E-05,-1.20273390E+07,-8.59048898E+05,-1.25640949E+02,-1.14019669E+01,-0.00000000E+00,-0.00000000E+00,1.03114838E-05,7.59412015E-07,-0.00000000E+00,-0.00000000E+00,1.03114857E-05,7.59412208E-07,-3.22883567E+04,-2.39956185E+03,-9.99003254E+00,-8.74854768E-01,3.22883812E+03,2.39956368E+02,3.12000000E+03,2.40000000E+02,1.92464926E+06,1.52194195E+02,5.79929076E+02
1.41000000E+01,1.00000000E-01,3.94006554E-03,1.92464925E+06,1.52194162E+02,5.80334177E+02,-0.00000000E+00,-0.00000000E+00,-9.42033683E-34,-7.51403367E-35,1.21425190E+07,8.61208867E+05,1.22643378E-03,8.69856679E-05,-1.21132439E+07,-8.59049287E+05,-1.26781147E+02,-1.14019803E+01,-0.00000000E+00,-0.00000000E+00,1.03874250E-05,7.59412111E-07,-0.00000000E+00,-0.00000000E+00,1.03874270E-05,7.59412304E-07,-3.25283129E+04,-2.39956185E+03,-1.00775180E+01,-8.74855102E-01,3.25283376E+03,2.39956368E+02,3.14400000E+03,2.40000000E+02,1.92464925E+06,1.52194162E+02,5.80334177E+02
1.42000000E+01,1.00000000E-01,3.94011574E-03,1.92464925E+06,1.52194128E+02,5.80727100E+02,-0.00000000E+00,-0.00000000E+00,-9.49547716E-34,-7.51403200E-35,1.22286399E+07,8.61209256E+05,1.23513235E-03,8.69857070E-05,-1.21991489E+07,-8.59049676E+05,-1.27921346E+02,-1.14019938E+01,-0.00000000E+00,-0.00000000E+00,1.04633662E-05,7.59412206E-07,-0.00000000E+00,-0.00000000E+00,1.04633682E-05,7.59412399E-07,-3.27682691E+04,-2.39956185E+03,-1.01650036E+01,-8.74855436E-01,3.27682939E+03,2.39956367E+02,3.16800000E+03,2.40000000E+02,1.92464925E+06,1.52194128E+02,5.80727100E+02
1.43000000E+01,1.00000000E-01,3.94016593E-03,1.92464925E+06,1.52194094E+02,5.81108210E+02,-0.00000000E+00,-0.00000000E+00,-9.57061747E-34,-7.51403033E-35,1.23147608E+07,8.61209645E+05,1.24383093E-03,8.69857462E-05,-1.22850539E+07,-8.59050065E+05,-1.29061546E+02,-1.14020072E+01,-0.00000000E+00,-0.00000000E+00,1.05393074E-05,7.59412301E-07,-0.00000000E+00,-0.00000000E+00,1.05393095E-05,7.59412493E-07,-3.30082253E+04,-2.39956184E+03,-1.02524891E+01,-8.74855769E-01,3.30082503E+03,2.39956367E+02,3.19200000E+03,2.40000000E+02,1.92464925E+06,1.52194094E+02,5.81108210E+02
1.44000000E+01,1.00000000E-01,3.94021612E-03,1.92464925E+06,1.52194060E+02,5.81477863E+02,-0.00000000E+00,-0.00000000E+00,-9.64575777E-34,-7.51402866E-35,1.24008819E+07,8.61210033E+05,1.25252950E-03,8.69857852E-05,-1.23709589E+07,-8.59050453E+05,-1.30201748E+02,-1.14020206E+01,-0.00000000E+00,-0.00000000E+00,1.06152487E-05,7.59412395E-07,-0.00000000E+00,-0.00000000E+00,1.06152507E-05,7.59412588E-07,-3.32481814E+04,-2.39956184E+03,-1.03399747E+01,-8.74856103E-01,3.32482067E+03,2.39956366E+02,3.21600000E+03,2.40000000E+02,1.92464925E+06,1.52194060E+02,5.81477863E+02
1.45000000E+01,1.00000000E-01,3.94026630E-03,1.92464924E+06,1.52194026E+02,5.81836402E+02,-0.00000000E+00,-0.00000000E+00,-9.72089805E-34,-7.51402699E-35,1.24870029E+07,8.61210421E+05,1.26122809E-03,8.69858243E-05,-1.24568640E+07,-8.59050841E+05,-1.31341951E+02,-1.14020340E+01,-0.00000000E+00,-0.00000000E+00,1.06911899E-05,7.59412489E-07,-0.00000000E+00,-0.00000000E+00,1.06911920E-05,7.59412682E-07,-3.34881376E+04,-2.39956183E+03,-1.04274603E+01,-8.74856436E-01,3.34881630E+03,2.39956366E+02,3.24000000E+03,2.40000000E+02,1.92464924E+06,1.52194026E+02,5.81836402E+02
1.46000000E+01,1.00000000E-01,3.94031647E-03,1.92464924E+06,1.52193992E+02,5.82184161E+02,-0.00000000E+00,-0.00000000E+00,-9.79603831E-34,-7.51402532E-35,1.25731240E+07,8.61210809E+05,1.26992667E-03,8.69858633E-05,-1.25427691E+07,-8.59051229E+05,-1.32482156E+02,-1.14020475E+01,-0.00000000E+00,-0.00000000E+00,1.07671312E-05,7.59412582E-07,-0.00000000E+00,-0.00000000E+00,1.07671333E-05,7.59412775E-07,-3.37280938E+04,-2.39956183E+03,-1.05149460E+01,-8.74856770E-01,3.37281194E+03,2.39956366E+02,3.26400000E+03,2.40000000E+02,1.92464924E+06,1.52193992E+02,5.82184161E+02
