Time [d],dt_flow [d],dt_tran [d],Global Water Mass in Liquid Phas [kg],Global Vaq [mol],Global Vim [mol],Top Water Mass [kg],Top Water Mass [kg/d],Top Vaq [mol],Top Vaq [mol/d],Right Water Mass [kg],Right Water Mass [kg/d],Right Vaq [mol],Right Vaq [mol/d],Left Water Mass [kg],Left Water Mass [kg/d],Left Vaq [mol],Left Vaq [mol/d],North Water Mass [kg],North Water Mass [kg/d],North Vaq [mol],North Vaq [mol/d],South Water Mass [kg],South Water Mass [kg/d],South Vaq [mol],South Vaq [mol/d],ExtractWell Water Mass [kg],ExtractWell Water Mass [kg/d],ExtractWell Vaq [mol],ExtractWell Vaq [mol/d],InjectWell Water Mass [kg],InjectWell Water Mass [kg/d],InjectWell Vaq [mol],InjectWell Vaq [mol/d],Region Region__all Water Mass [kg],Region Region__all Vaq Total Mas [mol],Region Region__all Vim Total Mas [mol]
1.00000000E-01,3.70000000E-02,1.79028180E-04,1.04982466E+06,7.72669729E-05,6.72664425E-05,-0.00000000E+00,-0.00000000E+00,1.04797670E-42,1.36921917E-41,1.35843608E+06,1.35873383E+07,1.36346032E-04,1.36381146E-03,-1.35843033E+06,-1.35872200E+07,-9.38404572E-05,-7.17911229E-04,-0.00000000E+00,-0.00000000E+00,1.88503760E-07,2.45439176E-06,-0.00000000E+00,-0.00000000E+00,1.88503762E-07,2.45439181E-06,-8.71769410E+00,-1.51173843E+02,-5.90849971E-10,-9.81065750E-09,8.71785040E-01,1.51176555E+01,8.71920000E-11,1.51200000E-09,1.04982466E+06,7.72669729E-05,6.72664425E-05
2.00000000E-01,3.60000000E-02,2.42276796E-04,1.04982292E+06,7.72723558E-05,1.27079534E-04,-0.00000000E+00,-0.00000000E+00,2.41707708E-42,1.36895340E-41,2.71775529E+06,1.35949545E+07,2.72785977E-04,1.36457645E-03,-2.71772472E+06,-1.35946177E+07,-1.65616491E-04,-7.17892724E-04,-0.00000000E+00,-0.00000000E+00,4.34023787E-07,2.45524675E-06,-0.00000000E+00,-0.00000000E+00,4.34023798E-07,2.45524688E-06,-3.82421455E+01,-3.93531251E+02,-2.50709239E-09,-2.55430107E-08,3.82428316E+00,3.93538314E+01,3.82488000E-10,3.93600000E-09,1.04982292E+06,7.72723558E-05,1.27079534E-04
3.00000000E-01,1.00000000E-01,2.56160560E-04,1.04982117E+06,7.72810904E-05,1.85116828E-04,-0.00000000E+00,-0.00000000E+00,3.78570170E-42,1.36852217E-41,4.07800554E+06,1.36025025E+07,4.09319439E-04,1.36533460E-03,-4.07793351E+06,-1.36020879E+07,-2.37457813E-04,-7.18482489E-04,-0.00000000E+00,-0.00000000E+00,6.79622576E-07,2.45581227E-06,-0.00000000E+00,-0.00000000E+00,6.79622603E-07,2.45581242E-06,-8.62336812E+01,-4.79915357E+02,-5.62251048E-09,-3.11555225E-08,8.62352286E+00,4.79923969E+01,8.62488000E-10,4.80000000E-09,1.04982117E+06,7.72810904E-05,1.85116828E-04
4.00000000E-01,1.00000000E-01,9.15780205E-05,1.04981943E+06,7.72890899E-05,2.41427576E-04,-0.00000000E+00,-0.00000000E+00,5.15392632E-42,1.36812722E-41,5.43901310E+06,1.36100756E+07,5.45928969E-04,1.36609528E-03,-5.43887801E+06,-1.36094450E+07,-3.09355011E-04,-7.19034785E-04,-0.00000000E+00,-0.00000000E+00,9.25281638E-07,2.45642552E-06,-0.00000000E+00,-0.00000000E+00,9.25281689E-07,2.45642576E-06,-1.58220864E+02,-7.19871827E+02,-1.02964057E-08,-4.67409544E-08,1.58223703E+01,7.19884745E+01,1.58248800E-09,7.20000000E-09,1.04981943E+06,7.72890899E-05,2.41427576E-04
5.00000000E-01,1.00000000E-01,1.83978342E-04,1.04981768E+06,7.72970698E-05,2.96063594E-04,-0.00000000E+00,-0.00000000E+00,6.52175667E-42,1.36773324E-41,6.80077671E+06,1.36176361E+07,6.82614442E-04,1.36685470E-03,-6.80055698E+06,-1.36167896E+07,-3.81307364E-04,-7.19586195E-04,-0.00000000E+00,-0.00000000E+00,1.17100096E-06,2.45703034E-06,-0.00000000E+00,-0.00000000E+00,1.17100105E-06,2.45703067E-06,-2.54203612E+02,-9.59827485E+02,-1.65292860E-08,-6.23314692E-08,2.54208174E+01,9.59844708E+01,2.54248800E-09,9.60000000E-09,1.04981768E+06,7.72970698E-05,2.96063594E-04
6.00000000E-01,1.00000000E-01,2.76232690E-04,1.04981592E+06,7.73050311E-05,3.49075220E-04,-0.00000000E+00,-0.00000000E+00,7.88919368E-42,1.36734018E-41,8.16329514E+06,1.36251843E+07,8.19375733E-04,1.36761290E-03,-8.16296917E+06,-1.36241219E+07,-4.53314785E-04,-7.20136740E-04,-0.00000000E+00,-0.00000000E+00,1.41677973E-06,2.45762691E-06,-0.00000000E+00,-0.00000000E+00,1.41677985E-06,2.45762731E-06,-3.74181845E+02,-1.19978233E+03,-2.43216609E-08,-7.79270802E-08,3.74188560E+01,1.19980386E+02,3.74248800E-09,1.20000000E-08,1.04981592E+06,7.73050311E-05,3.49075220E-04
7.00000000E-01,1.00000000E-01,1.12220132E-04,1.04981417E+06,7.73129735E-05,4.00511282E-04,-0.00000000E+00,-0.00000000E+00,9.25623829E-42,1.36694805E-41,9.52656718E+06,1.36327204E+07,9.56212723E-04,1.36836988E-03,-9.52611338E+06,-1.36314421E+07,-5.25377190E-04,-7.20686431E-04,-0.00000000E+00,-0.00000000E+00,1.66261713E-06,2.45821538E-06,-0.00000000E+00,-0.00000000E+00,1.66261730E-06,2.45821587E-06,-5.18155480E+02,-1.43973635E+03,-3.36740399E-08,-9.35277832E-08,5.18164778E+01,1.43976218E+02,5.18248800E-09,1.44000000E-08,1.04981417E+06,7.73129735E-05,4.00511282E-04
8.00000000E-01,1.00000000E-01,2.04421686E-04,1.04981241E+06,7.73208976E-05,4.50419132E-04,-0.00000000E+00,-0.00000000E+00,1.06228914E-41,1.36655683E-41,1.08905916E+07,1.36402445E+07,1.09312529E-03,1.36912568E-03,-1.08899884E+07,-1.36387503E+07,-5.97494493E-04,-7.21235284E-04,-0.00000000E+00,-0.00000000E+00,1.90851239E-06,2.45879596E-06,-0.00000000E+00,-0.00000000E+00,1.90851262E-06,2.45879652E-06,-6.86124434E+02,-1.67968954E+03,-4.45869320E-08,-1.09133577E-07,6.86136746E+01,1.67971969E+02,6.86248800E-09,1.68000000E-08,1.04981241E+06,7.73208976E-05,4.50419132E-04
9.00000000E-01,1.00000000E-01,4.08294530E-05,1.04981065E+06,7.73288033E-05,4.98844704E-04,-0.00000000E+00,-0.00000000E+00,1.19891539E-41,1.36616651E-41,1.22553673E+07,1.36477569E+07,1.23011332E-03,1.36988030E-03,-1.22545931E+07,-1.36460467E+07,-6.69666613E-04,-7.21783314E-04,-0.00000000E+00,-0.00000000E+00,2.15446473E-06,2.45936879E-06,-0.00000000E+00,-0.00000000E+00,2.15446502E-06,2.45936943E-06,-8.78088625E+02,-1.91964191E+03,-5.70608461E-08,-1.24744456E-07,8.78104382E+01,1.91967636E+02,8.78248800E-09,1.92000000E-08,1.04981065E+06,7.73288033E-05,4.98844704E-04
1.00000000E+00,1.00000000E-01,1.32978296E-04,1.04980889E+06,7.73366909E-05,5.45832548E-04,-0.00000000E+00,-0.00000000E+00,1.33550268E-41,1.36577709E-41,1.36208931E+07,1.36552577E+07,1.36717670E-03,1.37063377E-03,-1.36199262E+07,-1.36533316E+07,-7.41893468E-04,-7.22330535E-04,-0.00000000E+00,-0.00000000E+00,2.40047339E-06,2.45993404E-06,-0.00000000E+00,-0.00000000E+00,2.40047376E-06,2.45993477E-06,-1.09404797E+03,-2.15959344E+03,-7.10962908E-08,-1.40360421E-07,1.09406760E+02,2.15963220E+02,1.09424880E-08,2.16000000E-08,1.04980889E+06,7.73366909E-05,5.45832548E-04
1.10000000E+00,1.00000000E-01,2.24865463E-04,1.04980712E+06,1.18642681E+01,6.72089319E+00,-0.00000000E+00,-0.00000000E+00,-4.12264247E-37,-5.85750681E-36,1.49871678E+07,1.36627472E+07,1.50431507E-03,1.37138331E-03,-1.49859867E+07,-1.36606052E+07,-5.03303712E+00,-1.38856760E+02,-0.00000000E+00,-0.00000000E+00,2.64653765E-06,2.46049187E-06,-0.00000000E+00,-0.00000000E+00,2.64653809E-06,2.46049268E-06,-1.33400238E+03,-2.39954414E+03,-4.99624389E-02,-8.08433741E-01,1.33402632E+02,2.39958720E+02,2.40000000E+01,2.40000000E+02,1.04980712E+06,1.18642681E+01,6.72089319E+00
1.20000000E+00,1.00000000E-01,2.55927961E-05,1.04980536E+06,1.18591660E+01,1.60308109E+01,-0.00000000E+00,-0.00000000E+00,-9.97847993E-37,-5.85498781E-36,1.63541844E+07,1.36701660E+07,1.64152793E-03,1.37212858E-03,-1.63527892E+07,-1.36680240E+07,-1.89367323E+01,-1.39000688E+02,-0.00000000E+00,-0.00000000E+00,2.89265787E-06,2.46105503E-06,-0.00000000E+00,-0.00000000E+00,2.89265840E-06,2.46105583E-06,-1.57395638E+03,-2.39953999E+03,-1.30785528E-01,-8.08076821E-01,1.57398463E+02,2.39958305E+02,4.80000000E+01,2.40000000E+02,1.04980536E+06,1.18591660E+01,1.60308109E+01
1.30000000E+00,1.00000000E-01,8.12766951E-05,1.04980359E+06,1.18536101E+01,2.50582166E+01,-0.00000000E+00,-0.00000000E+00,-1.58315819E-36,-5.85224478E-36,1.77219418E+07,1.36775737E+07,1.77881521E-03,1.37287275E-03,-1.77203323E+07,-1.36754318E+07,-3.28435982E+01,-1.39027990E+02,-0.00000000E+00,-0.00000000E+00,3.13883351E-06,2.46161105E-06,-0.00000000E+00,-0.00000000E+00,3.13883412E-06,2.46161185E-06,-1.81390996E+03,-2.39953582E+03,-2.11572969E-01,-8.07720459E-01,1.81394252E+02,2.39957888E+02,7.20000000E+01,2.40000000E+02,1.04980359E+06,1.18536101E+01,2.50582166E+01
1.40000000E+00,1.00000000E-01,1.36937504E-04,1.04980181E+06,1.18480558E+01,3.38115948E+01,-0.00000000E+00,-0.00000000E+00,-2.16819409E-36,-5.84950255E-36,1.90904388E+07,1.36849706E+07,1.91617679E-03,1.37361583E-03,-1.90886152E+07,-1.36828287E+07,-4.67531935E+01,-1.39055289E+02,-0.00000000E+00,-0.00000000E+00,3.38506388E-06,2.46216010E-06,-0.00000000E+00,-0.00000000E+00,3.38506456E-06,2.46216090E-06,-2.05386313E+03,-2.39953164E+03,-2.92324768E-01,-8.07364171E-01,2.05389999E+02,2.39957470E+02,9.60000000E+01,2.40000000E+02,1.04980181E+06,1.18480558E+01,3.38115948E+01
1.50000000E+00,1.00000000E-01,1.92573545E-04,1.04980004E+06,1.18425031E+01,4.22991885E+01,-0.00000000E+00,-0.00000000E+00,-2.75295578E-36,-5.84676113E-36,2.04596745E+07,1.36923568E+07,2.05361258E-03,1.37435786E-03,-2.04576367E+07,-1.36902149E+07,-6.06655179E+01,-1.39082586E+02,-0.00000000E+00,-0.00000000E+00,3.63134829E-06,2.46270231E-06,-0.00000000E+00,-0.00000000E+00,3.63134905E-06,2.46270311E-06,-2.29381587E+03,-2.39952744E+03,-3.73040934E-01,-8.07007965E-01,2.29385704E+02,2.39957051E+02,1.20000000E+02,2.40000000E+02,1.04980004E+06,1.18425031E+01,4.22991885E+01
1.60000000E+00,1.00000000E-01,2.48184762E-04,1.04979826E+06,1.18369521E+01,5.05289923E+01,-0.00000000E+00,-0.00000000E+00,-3.33744334E-36,-5.84402051E-36,2.18296478E+07,1.36997325E+07,2.19112247E-03,1.37509883E-03,-2.18273958E+07,-1.36975907E+07,-7.45805711E+01,-1.39109881E+02,-0.00000000E+00,-0.00000000E+00,3.87768607E-06,2.46323783E-06,-0.00000000E+00,-0.00000000E+00,3.87768691E-06,2.46323863E-06,-2.53376820E+03,-2.39952323E+03,-4.53721475E-01,-8.06651842E-01,2.53381367E+02,2.39956629E+02,1.44000000E+02,2.40000000E+02,1.04979826E+06,1.18369521E+01,5.05289923E+01
1.70000000E+00,1.00000000E-01,4.94440166E-05,1.04979648E+06,1.18314027E+01,5.85087610E+01,-0.00000000E+00,-0.00000000E+00,-3.92165685E-36,-5.84128070E-36,2.32003576E+07,1.37070979E+07,2.32870635E-03,1.37583879E-03,-2.31978914E+07,-1.37049561E+07,-8.84983529E+01,-1.39137173E+02,-0.00000000E+00,-0.00000000E+00,4.12407659E-06,2.46376679E-06,-0.00000000E+00,-0.00000000E+00,4.12407751E-06,2.46376759E-06,-2.77372010E+03,-2.39951900E+03,-5.34366398E-01,-8.06295803E-01,2.77376987E+02,2.39956207E+02,1.68000000E+02,2.40000000E+02,1.04979648E+06,1.18314027E+01,5.85087610E+01
1.80000000E+00,1.00000000E-01,1.05146847E-04,1.04979469E+06,1.18258550E+01,6.62460156E+01,-0.00000000E+00,-0.00000000E+00,-4.50559638E-36,-5.83854170E-36,2.45718029E+07,1.37144531E+07,2.46636412E-03,1.37657773E-03,-2.45691225E+07,-1.37123114E+07,-1.02418863E+02,-1.39164463E+02,-0.00000000E+00,-0.00000000E+00,4.37051919E-06,2.46428933E-06,-0.00000000E+00,-0.00000000E+00,4.37052019E-06,2.46429013E-06,-3.01367157E+03,-2.39951476E+03,-6.14975713E-01,-8.05939846E-01,3.01372565E+02,2.39955782E+02,1.92000000E+02,2.40000000E+02,1.04979469E+06,1.18258550E+01,6.62460156E+01
1.90000000E+00,1.00000000E-01,1.60824673E-04,1.04979291E+06,1.18203089E+01,7.37480508E+01,-0.00000000E+00,-0.00000000E+00,-5.08926202E-36,-5.83580351E-36,2.59439827E+07,1.37217984E+07,2.60409569E-03,1.37731567E-03,-2.59410882E+07,-1.37196566E+07,-1.16342101E+02,-1.39191750E+02,-0.00000000E+00,-0.00000000E+00,4.61701325E-06,2.46480557E-06,-0.00000000E+00,-0.00000000E+00,4.61701433E-06,2.46480637E-06,-3.25362262E+03,-2.39951050E+03,-6.95549428E-01,-8.05583972E-01,3.25368101E+02,2.39955356E+02,2.16000000E+02,2.40000000E+02,1.04979291E+06,1.18203089E+01,7.37480508E+01
2.00000000E+00,1.00000000E-01,2.16477528E-04,1.04979112E+06,1.18147644E+01,8.10219422E+01,-0.00000000E+00,-0.00000000E+00,-5.67265386E-36,-5.83306612E-36,2.73168961E+07,1.37291338E+07,2.74190096E-03,1.37805264E-03,-2.73137874E+07,-1.37269921E+07,-1.30268068E+02,-1.39219035E+02,-0.00000000E+00,-0.00000000E+00,4.86355816E-06,2.46531565E-06,-0.00000000E+00,-0.00000000E+00,4.86355932E-06,2.46531645E-06,-3.49357325E+03,-2.39950623E+03,-7.76087550E-01,-8.05228179E-01,3.49363594E+02,2.39954929E+02,2.40000000E+02,2.40000000E+02,1.04979112E+06,1.18147644E+01,8.10219422E+01
2.10000000E+00,1.00000000E-01,2.72105415E-04,1.04978933E+06,1.18092215E+01,8.80745522E+01,-0.00000000E+00,-0.00000000E+00,-6.25577196E-36,-5.83032954E-36,2.86905420E+07,1.37364596E+07,2.87977982E-03,1.37878864E-03,-2.86872192E+07,-1.37343179E+07,-1.44196761E+02,-1.39246317E+02,-0.00000000E+00,-0.00000000E+00,5.11015332E-06,2.46581969E-06,-0.00000000E+00,-0.00000000E+00,5.11015456E-06,2.46582049E-06,-3.73352344E+03,-2.39950194E+03,-8.56590089E-01,-8.04872469E-01,3.73359044E+02,2.39954500E+02,2.64000000E+02,2.40000000E+02,1.04978933E+06,1.18092215E+01,8.80745522E+01
