Time [d],dt_flow [d],dt_tran [d],Global Water Mass in Liquid Phas [kg],Global Vaq [mol],Global Vim [mol],Top Water Mass [kg],Top Water Mass [kg/d],Top Vaq [mol],Top Vaq [mol/d],Right Water Mass [kg],Right Water Mass [kg/d],Right Vaq [mol],Right Vaq [mol/d],Left Water Mass [kg],Left Water Mass [kg/d],Left Vaq [mol],Left Vaq [mol/d],North Water Mass [kg],North Water Mass [kg/d],North Vaq [mol],North Vaq [mol/d],South Water Mass [kg],South Water Mass [kg/d],South Vaq [mol],South Vaq [mol/d],ExtractWell Water Mass [kg],ExtractWell Water Mass [kg/d],ExtractWell Vaq [mol],ExtractWell Vaq [mol/d],InjectWell Water Mass [kg],InjectWell Water Mass [kg/d],InjectWell Vaq [mol],InjectWell Vaq [mol/d],Region Region__all Water Mass [kg],Region Region__all Vaq Total Mas [mol],Region Region__all Vim Total Mas [mol]
1.00000000E-01,3.70000000E-02,6.45432582E-03,1.04980884E+06,7.75703838E-05,2.51958535E-05,-0.00000000E+00,-0.00000000E+00,7.76105077E-43,1.35423933E-41,3.41089001E+04,3.41104995E+05,3.52343538E-06,3.55912997E-05,-3.41010564E+04,-3.40968961E+05,-2.89248878E-06,-2.50138974E-05,-0.00000000E+00,-0.00000000E+00,3.56028524E-09,6.21052111E-08,-0.00000000E+00,-0.00000000E+00,3.56028518E-09,6.21052094E-08,-8.71761131E+00,-1.51172450E+02,-7.00080551E-10,-1.10884303E-08,8.71761516E-01,1.51172517E+01,8.71920000E-11,1.51200000E-09,1.04980884E+06,7.75703838E-05,2.51958535E-05
2.00000000E-01,3.60000000E-02,5.85051369E-03,1.04980884E+06,5.81659865E-05,4.29559084E-05,-0.00000000E+00,-0.00000000E+00,2.68259330E-42,2.31226215E-41,6.82229984E+04,3.41165468E+05,7.09146914E-06,3.57195149E-05,-6.81885851E+04,-3.40811314E+05,-5.01145910E-06,-1.83490191E-05,-0.00000000E+00,-0.00000000E+00,1.22987794E-08,1.05946365E-07,-0.00000000E+00,-0.00000000E+00,1.22987787E-08,1.05946354E-07,-3.82418308E+01,-3.93528283E+02,-2.50127799E-09,-2.11736464E-08,3.82418477E+00,3.93528457E+01,3.82488000E-10,3.93600000E-09,1.04980884E+06,5.81659865E-05,4.29559084E-05
3.00000000E-01,1.00000000E-01,1.02411179E-02,1.04980883E+06,4.44218666E-05,5.56727029E-05,-0.00000000E+00,-0.00000000E+00,5.38731947E-42,2.99082898E-41,1.02341714E+05,3.41187157E+05,1.06650044E-05,3.57417329E-05,-1.02264111E+05,-3.40755262E+05,-6.56544616E-06,-1.34702540E-05,-0.00000000E+00,-0.00000000E+00,2.46861430E-08,1.36933315E-07,-0.00000000E+00,-0.00000000E+00,2.46861403E-08,1.36933289E-07,-8.62330846E+01,-4.79912539E+02,-4.68759105E-09,-1.89439218E-08,8.62331228E+00,4.79912751E+01,8.62488000E-10,4.80000000E-09,1.04980883E+06,4.44218666E-05,5.56727029E-05
4.00000000E-01,1.00000000E-01,1.58594357E-03,1.04980883E+06,3.46852073E-05,6.48251307E-05,-0.00000000E+00,-0.00000000E+00,8.65553620E-42,3.47154177E-41,1.36466416E+05,3.41247023E+05,1.42400630E-05,3.57518746E-05,-1.36324027E+05,-3.40599159E+05,-7.70656790E-06,-9.88822569E-06,-0.00000000E+00,-0.00000000E+00,3.96437662E-08,1.58837716E-07,-0.00000000E+00,-0.00000000E+00,3.96437592E-08,1.58837664E-07,-1.58219965E+02,-7.19868806E+02,-7.09441326E-09,-2.08431538E-08,1.58220035E+01,7.19869126E+01,1.58248800E-09,7.20000000E-09,1.04980883E+06,3.46852073E-05,6.48251307E-05
5.00000000E-01,1.00000000E-01,2.95198458E-03,1.04980883E+06,2.77981986E-05,7.14478570E-05,-0.00000000E+00,-0.00000000E+00,1.23229761E-41,3.81156322E-41,1.70597103E+05,3.41306864E+05,1.78159224E-05,3.57588467E-05,-1.70368333E+05,-3.40443059E+05,-8.54467860E-06,-7.26173527E-06,-0.00000000E+00,-0.00000000E+00,5.64184281E-08,1.74297484E-07,-0.00000000E+00,-0.00000000E+00,5.64184138E-08,1.74297403E-07,-2.54202473E+02,-9.59825073E+02,-9.44888393E-09,-2.03819877E-08,2.54202585E+01,9.59825500E+01,2.54248800E-09,9.60000000E-09,1.04980883E+06,2.77981986E-05,7.14478570E-05
6.00000000E-01,1.00000000E-01,4.28061797E-03,1.04980883E+06,2.29345535E-05,7.62771846E-05,-0.00000000E+00,-0.00000000E+00,1.62727242E-41,4.05168833E-41,2.04733775E+05,3.41366726E+05,2.13924336E-05,3.57651354E-05,-2.04397027E+05,-3.40286939E+05,-9.16050819E-06,-5.33611343E-06,-0.00000000E+00,-0.00000000E+00,7.44751611E-08,1.85190934E-07,-0.00000000E+00,-0.00000000E+00,7.44751363E-08,1.85190822E-07,-3.74180606E+02,-1.19978134E+03,-1.16077857E-08,-1.86834619E-08,3.74180773E+01,1.19978187E+02,3.74248800E-09,1.20000000E-08,1.04980883E+06,2.29345535E-05,7.62771846E-05
7.00000000E-01,1.00000000E-01,5.57336181E-03,1.04980883E+06,1.95056289E-05,7.98359116E-05,-0.00000000E+00,-0.00000000E+00,2.04217585E-41,4.22097924E-41,2.38876432E+05,3.41426566E+05,2.49695631E-05,3.57712658E-05,-2.38410109E+05,-3.40130817E+05,-9.61330942E-06,-3.92446426E-06,-0.00000000E+00,-0.00000000E+00,9.34348836E-08,1.92853350E-07,-0.00000000E+00,-0.00000000E+00,9.34348453E-08,1.92853208E-07,-5.18154367E+02,-1.43973760E+03,-1.35078899E-08,-1.64401760E-08,5.18154598E+01,1.43973825E+02,5.18248800E-09,1.44000000E-08,1.04980883E+06,1.95056289E-05,7.98359116E-05
8.00000000E-01,1.00000000E-01,6.83165074E-03,1.04980883E+06,1.70925801E-05,8.24947101E-05,-0.00000000E+00,-0.00000000E+00,2.47112137E-41,4.34011490E-41,2.73025072E+05,3.41486397E+05,2.85473030E-05,3.57773585E-05,-2.72407578E+05,-3.39974689E+05,-9.94655891E-06,-2.88966647E-06,-0.00000000E+00,-0.00000000E+00,1.13029384E-07,1.98232840E-07,-0.00000000E+00,-0.00000000E+00,1.13029329E-07,1.98232672E-07,-6.86123753E+02,-1.67969387E+03,-1.51335628E-08,-1.40636174E-08,6.86124060E+01,1.67969462E+02,6.86248800E-09,1.68000000E-08,1.04980883E+06,1.70925801E-05,8.24947101E-05
9.00000000E-01,1.00000000E-01,8.05684287E-03,1.04980882E+06,1.53977658E-05,8.45160107E-05,-0.00000000E+00,-0.00000000E+00,2.90994178E-41,4.42379030E-41,3.07179694E+05,3.41546223E+05,3.21256517E-05,3.57834419E-05,-3.06389433E+05,-3.39818554E+05,-1.01921496E-05,-2.13114354E-06,-0.00000000E+00,-0.00000000E+00,1.33069193E-07,2.02001731E-07,-0.00000000E+00,-0.00000000E+00,1.33069120E-07,2.02001541E-07,-8.78088766E+02,-1.91965013E+03,-1.64959178E-08,-1.17846572E-08,8.78089159E+01,1.91965099E+02,8.78248800E-09,1.92000000E-08,1.04980882E+06,1.53977658E-05,8.45160107E-05
1.00000000E+00,1.00000000E-01,9.25022950E-03,1.04980882E+06,1.42099560E-05,8.60853419E-05,-0.00000000E+00,-0.00000000E+00,3.35569178E-41,4.48243417E-41,3.41340297E+05,3.41606032E+05,3.57046083E-05,3.57895215E-05,-3.40355674E+05,-3.39662414E+05,-1.03734721E-05,-1.57514082E-06,-0.00000000E+00,-0.00000000E+00,1.53420689E-07,2.04636152E-07,-0.00000000E+00,-0.00000000E+00,1.53420595E-07,2.04635944E-07,-1.09404941E+03,-2.15960639E+03,-1.76196816E-08,-9.72057497E-09,1.09404990E+02,2.15960737E+02,1.09424880E-08,2.16000000E-08,1.04980882E+06,1.42099560E-05,8.60853419E-05
1.10000000E+00,1.00000000E-01,3.38377285E-03,1.04980882E+06,2.04077101E+01,3.20575320E+00,-0.00000000E+00,-0.00000000E+00,-5.63491217E-37,-1.00755262E-35,3.75506882E+05,3.41665844E+05,3.92841730E-05,3.57955998E-05,-3.74306301E+05,-3.39506265E+05,-1.05080884E-05,-1.16629535E-06,-0.00000000E+00,-0.00000000E+00,1.73987995E-07,2.06479435E-07,-0.00000000E+00,-0.00000000E+00,1.73987879E-07,2.06479211E-07,-1.33400567E+03,-2.39956265E+03,-1.85380645E-08,-7.91022048E-09,1.33400627E+02,2.39956374E+02,2.40000000E+01,2.40000000E+02,1.04980882E+06,2.04077101E+01,3.20575320E+00
1.20000000E+00,1.00000000E-01,1.58194136E-03,1.04980882E+06,3.53446405E+01,1.11708232E+01,-0.00000000E+00,-0.00000000E+00,-1.98538014E-36,-1.74501021E-35,4.09673482E+05,3.41666006E+05,4.28637333E-05,3.57955925E-05,-4.08256942E+05,-3.39506414E+05,-1.06079311E-05,-8.67505470E-07,-0.00000000E+00,-0.00000000E+00,1.94708628E-07,2.07763177E-07,-0.00000000E+00,-0.00000000E+00,1.94708490E-07,2.07762956E-07,-1.57396193E+03,-2.39956265E+03,-1.92103186E-08,-5.79672439E-09,1.57396264E+02,2.39956373E+02,4.80000000E+01,2.40000000E+02,1.04980882E+06,3.53446405E+01,1.11708232E+01
1.30000000E+00,1.00000000E-01,6.05552198E-03,1.04980882E+06,4.62861020E+01,2.24427294E+01,-0.00000000E+00,-0.00000000E+00,-4.03427543E-36,-2.28520580E-35,4.43840097E+05,3.41666152E+05,4.64432905E-05,3.57955241E-05,-4.42207598E+05,-3.39506559E+05,-1.06823674E-05,-6.48597750E-07,-0.00000000E+00,-0.00000000E+00,2.15535459E-07,2.08653780E-07,-0.00000000E+00,-0.00000000E+00,2.15535298E-07,2.08653564E-07,-1.81391820E+03,-2.39956264E+03,-1.97033893E-08,-4.27187530E-09,1.81391902E+02,2.39956373E+02,7.20000000E+01,2.40000000E+02,1.04980882E+06,4.62861020E+01,2.24427294E+01
1.40000000E+00,1.00000000E-01,6.05555680E-03,1.04980882E+06,5.43030634E+01,3.59716818E+01,-0.00000000E+00,-0.00000000E+00,-6.54214167E-36,-2.68101463E-35,4.78006727E+05,3.41666293E+05,5.00228350E-05,3.57953527E-05,-4.76158268E+05,-3.39506700E+05,-1.07382030E-05,-4.88177599E-07,-0.00000000E+00,-0.00000000E+00,2.36435807E-07,2.09270074E-07,-0.00000000E+00,-0.00000000E+00,2.36435626E-07,2.09269866E-07,-2.05387446E+03,-2.39956264E+03,-2.02761687E-08,-1.26910519E-08,2.05387539E+02,2.39956373E+02,9.60000000E+01,2.40000000E+02,1.04980882E+06,5.43030634E+01,3.59716818E+01
1.50000000E+00,1.00000000E-01,6.05559038E-03,1.04980882E+06,6.01772495E+01,5.09960108E+01,-0.00000000E+00,-0.00000000E+00,-9.38630389E-36,-2.97103159E-35,5.12173369E+05,3.41666429E+05,5.36023609E-05,3.57951736E-05,-5.10108952E+05,-3.39506835E+05,-1.07804078E-05,-3.70622031E-07,-0.00000000E+00,-0.00000000E+00,2.57386950E-07,2.09695202E-07,-0.00000000E+00,-0.00000000E+00,2.57386748E-07,2.09695002E-07,-2.29383073E+03,-2.39956264E+03,-4.47808317E-08,-8.75655350E-07,2.29383176E+02,2.39956373E+02,1.20000000E+02,2.40000000E+02,1.04980882E+06,6.01772495E+01,5.09960108E+01
1.60000000E+00,1.00000000E-01,6.05562289E-03,1.04980881E+06,6.44813933E+01,6.69624352E+01,-0.00000000E+00,-0.00000000E+00,-1.24768773E-35,-3.18353332E-35,5.46340025E+05,3.41666560E+05,5.71818722E-05,3.57950614E-05,-5.44059648E+05,-3.39506966E+05,-1.08126243E-05,-2.84481049E-07,-0.00000000E+00,-0.00000000E+00,2.78373071E-07,2.09987425E-07,-0.00000000E+00,-0.00000000E+00,2.78372849E-07,2.09987232E-07,-2.53378699E+03,-2.39956264E+03,-9.21857257E-07,-2.55448117E-05,2.53378813E+02,2.39956372E+02,1.44000000E+02,2.40000000E+02,1.04980881E+06,6.44813933E+01,6.69624352E+01
1.70000000E+00,1.00000000E-01,1.58211594E-03,1.04980881E+06,6.76290521E+01,8.34719452E+01,-0.00000000E+00,-0.00000000E+00,-1.57489537E-35,-3.33893773E-35,5.80506694E+05,3.41666688E+05,6.07613760E-05,3.57950138E-05,-5.78010358E+05,-3.39507093E+05,-1.08374831E-05,-2.21484958E-07,-0.00000000E+00,-0.00000000E+00,2.99383304E-07,2.10187037E-07,-0.00000000E+00,-0.00000000E+00,2.99383063E-07,2.10186851E-07,-2.77374325E+03,-2.39956263E+03,-1.51784057E-05,-3.39145332E-04,2.77374451E+02,2.39956372E+02,1.68000000E+02,2.40000000E+02,1.04980881E+06,6.76290521E+01,8.34719452E+01
1.80000000E+00,1.00000000E-01,1.58214824E-03,1.04980881E+06,6.99369278E+01,1.00230618E+02,-0.00000000E+00,-0.00000000E+00,-1.91528124E-35,-3.45288085E-35,6.14673375E+05,3.41666812E+05,6.43408771E-05,3.57950021E-05,-6.11961079E+05,-3.39507217E+05,-1.08570011E-05,-1.75341026E-07,-0.00000000E+00,-0.00000000E+00,3.20409853E-07,2.10323223E-07,-0.00000000E+00,-0.00000000E+00,3.20409594E-07,2.10323043E-07,-3.01369952E+03,-2.39956263E+03,-1.33313220E-04,-2.36742359E-03,3.01370088E+02,2.39956372E+02,1.92000000E+02,2.40000000E+02,1.04980881E+06,6.99369278E+01,1.00230618E+02
1.90000000E+00,1.00000000E-01,1.58217995E-03,1.04980881E+06,7.16287088E+01,1.17032145E+02,-0.00000000E+00,-0.00000000E+00,-2.26532861E-35,-3.53640649E-35,6.48840069E+05,3.41666934E+05,6.79203780E-05,3.57950059E-05,-6.45911813E+05,-3.39507339E+05,-1.08726597E-05,-1.43246725E-07,-0.00000000E+00,-0.00000000E+00,3.41447506E-07,2.10415663E-07,-0.00000000E+00,-0.00000000E+00,3.41447229E-07,2.10415489E-07,-3.25365578E+03,-2.39956263E+03,-7.24389710E-04,-1.02379638E-02,3.25365725E+02,2.39956372E+02,2.16000000E+02,2.40000000E+02,1.04980881E+06,7.16287088E+01,1.17032145E+02
2.00000000E+00,1.00000000E-01,1.58221121E-03,1.04980881E+06,7.28679195E+01,1.33729294E+02,-0.00000000E+00,-0.00000000E+00,-2.62245600E-35,-3.59758810E-35,6.83006774E+05,3.41667054E+05,7.14998797E-05,3.57950153E-05,-6.79862559E+05,-3.39507459E+05,-1.08868428E-05,-1.56417045E-07,-0.00000000E+00,-0.00000000E+00,3.62492673E-07,2.10478041E-07,-0.00000000E+00,-0.00000000E+00,3.62492380E-07,2.10477870E-07,-3.49361204E+03,-2.39956262E+03,-2.72895758E-03,-3.07131925E-02,3.49361362E+02,2.39956372E+02,2.40000000E+02,2.40000000E+02,1.04980881E+06,7.28679195E+01,1.33729294E+02
2.10000000E+00,1.00000000E-01,1.58224215E-03,1.04980881E+06,7.37739117E+01,1.50217872E+02,-0.00000000E+00,-0.00000000E+00,-2.98476496E-35,-3.64231823E-35,7.17173492E+05,3.41667173E+05,7.50793824E-05,3.57950266E-05,-7.13813317E+05,-3.39507577E+05,-1.09193996E-05,-6.32035117E-07,-0.00000000E+00,-0.00000000E+00,3.83542894E-07,2.10519847E-07,-0.00000000E+00,-0.00000000E+00,3.83542583E-07,2.10519679E-07,-3.73356830E+03,-2.39956262E+03,-7.74537385E-03,-6.94064218E-02,3.73356999E+02,2.39956371E+02,2.64000000E+02,2.40000000E+02,1.04980881E+06,7.37739117E+01,1.50217872E+02
2.20000000E+00,1.00000000E-01,1.58227284E-03,1.04980881E+06,7.44340029E+01,1.66425010E+02,-0.00000000E+00,-0.00000000E+00,-3.35085593E-35,-3.67490787E-35,7.51340221E+05,3.41667290E+05,7.86588862E-05,3.57950383E-05,-7.47764086E+05,-3.39507694E+05,-1.11462297E-05,-4.83740328E-06,-0.00000000E+00,-0.00000000E+00,4.04596488E-07,2.10547642E-07,-0.00000000E+00,-0.00000000E+00,4.04596161E-07,2.10547477E-07,-3.97352457E+03,-2.39956262E+03,-1.76312566E-02,-1.25801384E-01,3.97352636E+02,2.39956371E+02,2.88000000E+02,2.40000000E+02,1.04980881E+06,7.44340029E+01,1.66425010E+02
2.30000000E+00,1.00000000E-01,1.58230337E-03,1.04980881E+06,7.49126344E+01,1.82300733E+02,-0.00000000E+00,-0.00000000E+00,-3.71969579E-35,-3.69853859E-35,7.85506961E+05,3.41667406E+05,8.22383912E-05,3.57950501E-05,-7.81714867E+05,-3.39507811E+05,-1.26742080E-05,-3.01065828E-05,-0.00000000E+00,-0.00000000E+00,4.25652315E-07,2.10565952E-07,-0.00000000E+00,-0.00000000E+00,4.25651972E-07,2.10565788E-07,-4.21348083E+03,-2.39956262E+03,-3.37852485E-02,-1.92170534E-01,4.21348273E+02,2.39956371E+02,3.12000000E+02,2.40000000E+02,1.04980881E+06,7.49126344E+01,1.82300733E+02
2.40000000E+00,1.00000000E-01,1.58233378E-03,1.04980881E+06,7.52579120E+01,1.97811944E+02,-0.00000000E+00,-0.00000000E+00,-4.09052353E-35,-3.71558544E-35,8.19673713E+05,3.41667522E+05,8.58178974E-05,3.57950619E-05,-8.15665660E+05,-3.39507926E+05,-2.05452898E-05,-1.41957570E-04,-0.00000000E+00,-0.00000000E+00,4.46709605E-07,2.10577885E-07,-0.00000000E+00,-0.00000000E+00,4.46709245E-07,2.10577721E-07,-4.45343709E+03,-2.39956261E+03,-5.66108767E-02,-2.57539069E-01,4.45343911E+02,2.39956371E+02,3.36000000E+02,2.40000000E+02,1.04980881E+06,7.52579120E+01,1.97811944E+02
2.50000000E+00,1.00000000E-01,1.58236412E-03,1.04980880E+06,7.55059611E+01,2.12938069E+02,-0.00000000E+00,-0.00000000E+00,-4.46278204E-35,-3.72783198E-35,8.53840477E+05,3.41667637E+05,8.93974048E-05,3.57950737E-05,-8.49616464E+05,-3.39508041E+05,-5.20227894E-05,-5.22978851E-04,-0.00000000E+00,-0.00000000E+00,4.67767842E-07,2.10585566E-07,-0.00000000E+00,-0.00000000E+00,4.67767466E-07,2.10585403E-07,-4.69339335E+03,-2.39956261E+03,-8.54882171E-02,-3.12974960E-01,4.69339548E+02,2.39956370E+02,3.60000000E+02,2.40000000E+02,1.04980880E+06,7.55059611E+01,2.12938069E+02
2.60000000E+00,1.00000000E-01,1.58239441E-03,1.04980880E+06,7.56837698E+01,2.27667801E+02,-0.00000000E+00,-0.00000000E+00,-4.83606708E-35,-3.73661065E-35,8.88007252E+05,3.41667751E+05,9.29769134E-05,3.57950854E-05,-8.83567280E+05,-3.39508156E+05,-1.52962682E-04,-1.55672573E-03,-0.00000000E+00,-0.00000000E+00,4.88826685E-07,2.10590444E-07,-0.00000000E+00,-0.00000000E+00,4.88826293E-07,2.10590282E-07,-4.93334961E+03,-2.39956261E+03,-1.19159125E-01,-3.54390269E-01,4.93335185E+02,2.39956370E+02,3.84000000E+02,2.40000000E+02,1.04980880E+06,7.56837698E+01,2.27667801E+02
2.70000000E+00,1.00000000E-01,1.58242467E-03,1.04980880E+06,7.58111953E+01,2.41996595E+02,-0.00000000E+00,-0.00000000E+00,-5.21008775E-35,-3.74290183E-35,9.22174039E+05,3.41667866E+05,9.65564231E-05,3.57950971E-05,-9.17518107E+05,-3.39508270E+05,-4.20241180E-04,-3.85460698E-03,-0.00000000E+00,-0.00000000E+00,5.09885910E-07,2.10593497E-07,-0.00000000E+00,-0.00000000E+00,5.09885501E-07,2.10593334E-07,-5.17330587E+03,-2.39956261E+03,-1.56212317E-01,-3.82159012E-01,5.17330822E+02,2.39956370E+02,4.08000000E+02,2.40000000E+02,1.04980880E+06,7.58111953E+01,2.41996595E+02
2.80000000E+00,1.00000000E-01,1.58245491E-03,1.04980880E+06,7.59025655E+01,2.55924717E+02,-0.00000000E+00,-0.00000000E+00,-5.58463578E-35,-3.74741291E-35,9.56340837E+05,3.41667980E+05,1.00135934E-04,3.57951087E-05,-9.51468945E+05,-3.39508384E+05,-1.01963638E-03,-8.14001462E-03,-0.00000000E+00,-0.00000000E+00,5.30945372E-07,2.10595379E-07,-0.00000000E+00,-0.00000000E+00,5.30944947E-07,2.10595217E-07,-5.41326213E+03,-2.39956260E+03,-1.95426455E-01,-3.99126482E-01,5.41326458E+02,2.39956370E+02,4.32000000E+02,2.40000000E+02,1.04980880E+06,7.59025655E+01,2.55924717E+02
2.90000000E+00,1.00000000E-01,1.58248513E-03,1.04980880E+06,7.59680467E+01,2.69455771E+02,-0.00000000E+00,-0.00000000E+00,-5.95956191E-35,-3.75064581E-35,9.90507646E+05,3.41668093E+05,1.03715446E-04,3.57951204E-05,-9.85419795E+05,-3.39508498E+05,-2.18343095E-03,-1.49811828E-02,-0.00000000E+00,-0.00000000E+00,5.52004980E-07,2.10596523E-07,-0.00000000E+00,-0.00000000E+00,5.52004538E-07,2.10596361E-07,-5.65321839E+03,-2.39956260E+03,-2.35907847E-01,-4.08695158E-01,5.65322095E+02,2.39956369E+02,4.56000000E+02,2.40000000E+02,1.04980880E+06,7.59680467E+01,2.69455771E+02
3.00000000E+00,1.00000000E-01,1.58251534E-03,1.04980880E+06,7.60147967E+01,2.82595610E+02,-0.00000000E+00,-0.00000000E+00,-6.33475857E-35,-3.75295392E-35,1.02467447E+06,3.41668207E+05,1.07294959E-04,3.57951320E-05,-1.01937066E+06,-3.39508611E+05,-4.17810211E-03,-2.44913147E-02,-0.00000000E+00,-0.00000000E+00,5.73064675E-07,2.10597212E-07,-0.00000000E+00,-0.00000000E+00,5.73064217E-07,2.10597050E-07,-5.89317465E+03,-2.39956260E+03,-2.77079183E-01,-4.13728641E-01,5.89317732E+02,2.39956369E+02,4.80000000E+02,2.40000000E+02,1.04980880E+06,7.60147967E+01,2.82595610E+02
3.10000000E+00,1.00000000E-01,1.58254555E-03,1.04980880E+06,7.60478819E+01,2.95351573E+02,-0.00000000E+00,-0.00000000E+00,-6.71014759E-35,-3.75458739E-35,1.05884130E+06,3.41668320E+05,1.10874474E-04,3.57951436E-05,-1.05332153E+06,-3.39508724E+05,-7.24859090E-03,-3.61744681E-02,-0.00000000E+00,-0.00000000E+00,5.94124422E-07,2.10597626E-07,-0.00000000E+00,-0.00000000E+00,5.94123949E-07,2.10597464E-07,-6.13313091E+03,-2.39956260E+03,-3.18602610E-01,-4.16220669E-01,6.13313369E+02,2.39956369E+02,5.04000000E+02,2.40000000E+02,1.04980880E+06,7.60478819E+01,2.95351573E+02
3.20000000E+00,1.00000000E-01,1.58257575E-03,1.04980880E+06,7.60709563E+01,3.07731966E+02,-0.00000000E+00,-0.00000000E+00,-7.08567179E-35,-3.75572660E-35,1.09300814E+06,3.41668433E+05,1.14453989E-04,3.57951551E-05,-1.08727241E+06,-3.39508837E+05,-1.15604822E-02,-4.90210036E-02,-0.00000000E+00,-0.00000000E+00,6.15184202E-07,2.10597877E-07,-0.00000000E+00,-0.00000000E+00,6.15183712E-07,2.10597715E-07,-6.37308717E+03,-2.39956259E+03,-3.60295836E-01,-4.17390737E-01,6.37309006E+02,2.39956369E+02,5.28000000E+02,2.40000000E+02,1.04980880E+06,7.60709563E+01,3.07731966E+02
3.30000000E+00,1.00000000E-01,1.58260594E-03,1.04980880E+06,7.60867230E+01,3.19745709E+02,-0.00000000E+00,-0.00000000E+00,-7.46128933E-35,-3.75650503E-35,1.12717500E+06,3.41668546E+05,1.18033506E-04,3.57951666E-05,-1.12122331E+06,-3.39508950E+05,-1.71637207E-02,-6.18053700E-02,-0.00000000E+00,-0.00000000E+00,6.36244001E-07,2.10598034E-07,-0.00000000E+00,-0.00000000E+00,6.36243495E-07,2.10597873E-07,-6.61304343E+03,-2.39956259E+03,-4.02066985E-01,-4.17915171E-01,6.61304643E+02,2.39956368E+02,5.52000000E+02,2.40000000E+02,1.04980880E+06,7.60867230E+01,3.19745709E+02
3.40000000E+00,1.00000000E-01,1.58263613E-03,1.04980879E+06,7.60972249E+01,3.31402105E+02,-0.00000000E+00,-0.00000000E+00,-7.83696985E-35,-3.75702352E-35,1.16134186E+06,3.41668658E+05,1.21613024E-04,3.57951782E-05,-1.15517421E+06,-3.39509063E+05,-2.39901521E-02,-7.34318804E-02,-0.00000000E+00,-0.00000000E+00,6.57303813E-07,2.10598139E-07,-0.00000000E+00,-0.00000000E+00,6.57303290E-07,2.10597977E-07,-6.85299969E+03,-2.39956259E+03,-4.43872374E-01,-4.18140858E-01,6.85300280E+02,2.39956368E+02,5.76000000E+02,2.40000000E+02,1.04980879E+06,7.60972249E+01,3.31402105E+02
3.50000000E+00,1.00000000E-01,1.58266632E-03,1.04980879E+06,7.61040166E+01,3.42710667E+02,-0.00000000E+00,-0.00000000E+00,-8.21269169E-35,-3.75735884E-35,1.19550874E+06,3.41668771E+05,1.25192543E-04,3.57951896E-05,-1.18912513E+06,-3.39509175E+05,-3.18809891E-02,-8.31771623E-02,-0.00000000E+00,-0.00000000E+00,6.78363633E-07,2.10598214E-07,-0.00000000E+00,-0.00000000E+00,6.78363094E-07,2.10598052E-07,-7.09295595E+03,-2.39956259E+03,-4.85692247E-01,-4.18234615E-01,7.09295917E+02,2.39956368E+02,6.00000000E+02,2.40000000E+02,1.04980879E+06,7.61040166E+01,3.42710667E+02
3.60000000E+00,1.00000000E-01,1.58269651E-03,1.04980879E+06,7.61082695E+01,3.53680996E+02,-0.00000000E+00,-0.00000000E+00,-8.58843984E-35,-3.75756880E-35,1.22967563E+06,3.41668883E+05,1.28772063E-04,3.57952011E-05,-1.22307606E+06,-3.39509287E+05,-4.06293972E-02,-9.07625266E-02,-0.00000000E+00,-0.00000000E+00,6.99423460E-07,2.10598274E-07,-0.00000000E+00,-0.00000000E+00,6.99422905E-07,2.10598112E-07,-7.33291221E+03,-2.39956258E+03,-5.27518052E-01,-4.18272434E-01,7.33291553E+02,2.39956368E+02,6.24000000E+02,2.40000000E+02,1.04980879E+06,7.61082695E+01,3.53680996E+02
3.70000000E+00,1.00000000E-01,1.58272669E-03,1.04980879E+06,7.61108434E+01,3.64322684E+02,-0.00000000E+00,-0.00000000E+00,-8.96420418E-35,-3.75769588E-35,1.26384253E+06,3.41668995E+05,1.32351584E-04,3.57952126E-05,-1.25702700E+06,-3.39509399E+05,-5.00219575E-02,-9.62818370E-02,-0.00000000E+00,-0.00000000E+00,7.20483292E-07,2.10598325E-07,-0.00000000E+00,-0.00000000E+00,7.20482721E-07,2.10598163E-07,-7.57286847E+03,-2.39956258E+03,-5.69346222E-01,-4.18287365E-01,7.57287190E+02,2.39956367E+02,6.48000000E+02,2.40000000E+02,1.04980879E+06,7.61108434E+01,3.64322684E+02
3.80000000E+00,1.00000000E-01,1.58275687E-03,1.04980879E+06,7.61123474E+01,3.74645232E+02,-0.00000000E+00,-0.00000000E+00,-9.33997815E-35,-3.75777014E-35,1.29800944E+06,3.41669107E+05,1.35931106E-04,3.57952240E-05,-1.29097795E+06,-3.39509511E+05,-5.98683921E-02,-1.00058326E-01,-0.00000000E+00,-0.00000000E+00,7.41543129E-07,2.10598372E-07,-0.00000000E+00,-0.00000000E+00,7.41542542E-07,2.10598210E-07,-7.81282472E+03,-2.39956258E+03,-6.11175322E-01,-4.18293221E-01,7.81282827E+02,2.39956367E+02,6.72000000E+02,2.40000000E+02,1.04980879E+06,7.61123474E+01,3.74645232E+02
3.90000000E+00,1.00000000E-01,1.58278704E-03,1.04980879E+06,7.61131951E+01,3.84657997E+02,-0.00000000E+00,-0.00000000E+00,-9.71575764E-35,-3.75781199E-35,1.33217636E+06,3.41669218E+05,1.39510630E-04,3.57952354E-05,-1.32492891E+06,-3.39509622E+05,-7.00164725E-02,-1.02501073E-01,-0.00000000E+00,-0.00000000E+00,7.62602971E-07,2.10598416E-07,-0.00000000E+00,-0.00000000E+00,7.62602368E-07,2.10598254E-07,-8.05278098E+03,-2.39956258E+03,-6.53004790E-01,-4.18295576E-01,8.05278463E+02,2.39956367E+02,6.96000000E+02,2.40000000E+02,1.04980879E+06,7.61131951E+01,3.84657997E+02
4.00000000E+00,1.00000000E-01,1.58281721E-03,1.04980879E+06,7.61136554E+01,3.94370146E+02,-0.00000000E+00,-0.00000000E+00,-1.00915402E-34,-3.75783472E-35,1.36634329E+06,3.41669330E+05,1.43090155E-04,3.57952468E-05,-1.35887989E+06,-3.39509734E+05,-8.03545774E-02,-1.04001824E-01,-0.00000000E+00,-0.00000000E+00,7.83662817E-07,2.10598459E-07,-0.00000000E+00,-0.00000000E+00,7.83662198E-07,2.10598297E-07,-8.29273724E+03,-2.39956257E+03,-6.94834411E-01,-4.18296614E-01,8.29274100E+02,2.39956367E+02,7.20000000E+02,2.40000000E+02,1.04980879E+06,7.61136554E+01,3.94370146E+02
4.10000000E+00,1.00000000E-01,1.58284738E-03,1.04980879E+06,7.61138954E+01,4.03790628E+02,-0.00000000E+00,-0.00000000E+00,-1.04673244E-34,-3.75784656E-35,1.40051024E+06,3.41669441E+05,1.46669680E-04,3.57952582E-05,-1.39283087E+06,-3.39509845E+05,-9.08066544E-02,-1.04881314E-01,-0.00000000E+00,-0.00000000E+00,8.04722667E-07,2.10598501E-07,-0.00000000E+00,-0.00000000E+00,8.04722032E-07,2.10598339E-07,-8.53269350E+03,-2.39956257E+03,-7.36664105E-01,-4.18297167E-01,8.53269737E+02,2.39956366E+02,7.44000000E+02,2.40000000E+02,1.04980879E+06,7.61138954E+01,4.03790628E+02
4.20000000E+00,1.00000000E-01,1.58287754E-03,1.04980879E+06,7.61140144E+01,4.12928161E+02,-0.00000000E+00,-0.00000000E+00,-1.08431094E-34,-3.75785244E-35,1.43467719E+06,3.41669552E+05,1.50249207E-04,3.57952695E-05,-1.42678187E+06,-3.39509956E+05,-1.01324073E-01,-1.05374826E-01,-0.00000000E+00,-0.00000000E+00,8.25782522E-07,2.10598542E-07,-0.00000000E+00,-0.00000000E+00,8.25781870E-07,2.10598381E-07,-8.77264975E+03,-2.39956257E+03,-7.78493844E-01,-4.18297544E-01,8.77265373E+02,2.39956366E+02,7.68000000E+02,2.40000000E+02,1.04980879E+06,7.61140144E+01,4.12928161E+02
4.30000000E+00,1.00000000E-01,1.58290771E-03,1.04980879E+06,7.61140694E+01,4.21791220E+02,-0.00000000E+00,-0.00000000E+00,-1.12188948E-34,-3.75785516E-35,1.46884416E+06,3.41669663E+05,1.53828735E-04,3.57952808E-05,-1.46073287E+06,-3.39510067E+05,-1.11877431E-01,-1.05640925E-01,-0.00000000E+00,-0.00000000E+00,8.46842380E-07,2.10598583E-07,-0.00000000E+00,-0.00000000E+00,8.46841712E-07,2.10598422E-07,-9.01260601E+03,-2.39956257E+03,-8.20323617E-01,-4.18297859E-01,9.01261010E+02,2.39956366E+02,7.92000000E+02,2.40000000E+02,1.04980879E+06,7.61140694E+01,4.21791220E+02
4.40000000E+00,1.00000000E-01,1.58293786E-03,1.04980878E+06,7.61140915E+01,4.30388038E+02,-0.00000000E+00,-0.00000000E+00,-1.15946804E-34,-3.75785625E-35,1.50301114E+06,3.41669773E+05,1.57408265E-04,3.57952921E-05,-1.49468389E+06,-3.39510177E+05,-1.22449815E-01,-1.05779247E-01,-0.00000000E+00,-0.00000000E+00,8.67902243E-07,2.10598624E-07,-0.00000000E+00,-0.00000000E+00,8.67901559E-07,2.10598462E-07,-9.25256227E+03,-2.39956256E+03,-8.62153419E-01,-4.18298153E-01,9.25256647E+02,2.39956366E+02,8.16000000E+02,2.40000000E+02,1.04980878E+06,7.61140915E+01,4.30388038E+02
4.50000000E+00,1.00000000E-01,1.58296802E-03,1.04980878E+06,7.61140972E+01,4.38726607E+02,-0.00000000E+00,-0.00000000E+00,-1.19704660E-34,-3.75785653E-35,1.53717812E+06,3.41669884E+05,1.60987795E-04,3.57953034E-05,-1.52863492E+06,-3.39510287E+05,-1.33031927E-01,-1.05848784E-01,-0.00000000E+00,-0.00000000E+00,8.88962109E-07,2.10598664E-07,-0.00000000E+00,-0.00000000E+00,8.88961409E-07,2.10598502E-07,-9.49251852E+03,-2.39956256E+03,-9.03983251E-01,-4.18298439E-01,9.49252283E+02,2.39956365E+02,8.40000000E+02,2.40000000E+02,1.04980878E+06,7.61140972E+01,4.38726607E+02
4.60000000E+00,1.00000000E-01,1.58299817E-03,1.04980878E+06,7.61140951E+01,4.46814681E+02,-0.00000000E+00,-0.00000000E+00,-1.23462517E-34,-3.75785642E-35,1.57134512E+06,3.41669994E+05,1.64567327E-04,3.57953147E-05,-1.56258596E+06,-3.39510398E+05,-1.43618857E-01,-1.05882705E-01,-0.00000000E+00,-0.00000000E+00,9.10021980E-07,2.10598704E-07,-0.00000000E+00,-0.00000000E+00,9.10021263E-07,2.10598542E-07,-9.73247478E+03,-2.39956256E+03,-9.45813111E-01,-4.18298723E-01,9.73247920E+02,2.39956365E+02,8.64000000E+02,2.40000000E+02,1.04980878E+06,7.61140951E+01,4.46814681E+02
4.70000000E+00,1.00000000E-01,1.58302832E-03,1.04980878E+06,7.61140892E+01,4.54659785E+02,-0.00000000E+00,-0.00000000E+00,-1.27220373E-34,-3.75785613E-35,1.60551213E+06,3.41670104E+05,1.68146859E-04,3.57953260E-05,-1.59653701E+06,-3.39510508E+05,-1.54208106E-01,-1.05898827E-01,-0.00000000E+00,-0.00000000E+00,9.31081854E-07,2.10598743E-07,-0.00000000E+00,-0.00000000E+00,9.31081122E-07,2.10598581E-07,-9.97243103E+03,-2.39956256E+03,-9.87642999E-01,-4.18299005E-01,9.97243556E+02,2.39956365E+02,8.88000000E+02,2.40000000E+02,1.04980878E+06,7.61140892E+01,4.54659785E+02
4.80000000E+00,1.00000000E-01,1.58305847E-03,1.04980878E+06,7.61140816E+01,4.62269215E+02,-0.00000000E+00,-0.00000000E+00,-1.30978229E-34,-3.75785576E-35,1.63967916E+06,3.41670214E+05,1.71726393E-04,3.57953372E-05,-1.63048807E+06,-3.39510618E+05,-1.64798447E-01,-1.05906338E-01,-0.00000000E+00,-0.00000000E+00,9.52141733E-07,2.10598782E-07,-0.00000000E+00,-0.00000000E+00,9.52140984E-07,2.10598620E-07,-1.02123873E+04,-2.39956255E+03,-1.02947292E+00,-4.18299288E-01,1.02123919E+03,2.39956365E+02,9.12000000E+02,2.40000000E+02,1.04980878E+06,7.61140816E+01,4.62269215E+02
4.90000000E+00,1.00000000E-01,1.58308861E-03,1.04980878E+06,7.61140733E+01,4.69650053E+02,-0.00000000E+00,-0.00000000E+00,-1.34736084E-34,-3.75785535E-35,1.67384619E+06,3.41670323E+05,1.75305928E-04,3.57953484E-05,-1.66443914E+06,-3.39510727E+05,-1.75389293E-01,-1.05909806E-01,-0.00000000E+00,-0.00000000E+00,9.73201615E-07,2.10598821E-07,-0.00000000E+00,-0.00000000E+00,9.73200850E-07,2.10598659E-07,-1.04523435E+04,-2.39956255E+03,-1.07130286E+00,-4.18299570E-01,1.04523483E+03,2.39956365E+02,9.36000000E+02,2.40000000E+02,1.04980878E+06,7.61140733E+01,4.69650053E+02
5.00000000E+00,1.00000000E-01,1.58311875E-03,1.04980878E+06,7.61140646E+01,4.76809165E+02,-0.00000000E+00,-0.00000000E+00,-1.38493940E-34,-3.75785492E-35,1.70801323E+06,3.41670433E+05,1.78885464E-04,3.57953596E-05,-1.69839023E+06,-3.39510837E+05,-1.85980373E-01,-1.05911426E-01,-0.00000000E+00,-0.00000000E+00,9.94261501E-07,2.10598859E-07,-0.00000000E+00,-0.00000000E+00,9.94260720E-07,2.10598697E-07,-1.06922998E+04,-2.39956255E+03,-1.11313283E+00,-4.18299852E-01,1.06923047E+03,2.39956364E+02,9.60000000E+02,2.40000000E+02,1.04980878E+06,7.61140646E+01,4.76809165E+02
5.10000000E+00,1.00000000E-01,1.58314888E-03,1.04980878E+06,7.61140558E+01,4.83753211E+02,-0.00000000E+00,-0.00000000E+00,-1.42251794E-34,-3.75785449E-35,1.74218029E+06,3.41670542E+05,1.82465001E-04,3.57953708E-05,-1.73234132E+06,-3.39510946E+05,-1.96571565E-01,-1.05912224E-01,-0.00000000E+00,-0.00000000E+00,1.01532139E-06,2.10598897E-07,-0.00000000E+00,-0.00000000E+00,1.01532059E-06,2.10598735E-07,-1.09322561E+04,-2.39956255E+03,-1.15496283E+00,-4.18300134E-01,1.09322610E+03,2.39956364E+02,9.84000000E+02,2.40000000E+02,1.04980878E+06,7.61140558E+01,4.83753211E+02
5.20000000E+00,1.00000000E-01,1.58317902E-03,1.04980878E+06,7.61140469E+01,4.90488653E+02,-0.00000000E+00,-0.00000000E+00,-1.46009648E-34,-3.75785405E-35,1.77634735E+06,3.41670651E+05,1.86044539E-04,3.57953820E-05,-1.76629243E+06,-3.39511055E+05,-2.07162815E-01,-1.05912664E-01,-0.00000000E+00,-0.00000000E+00,1.03638128E-06,2.10598934E-07,-0.00000000E+00,-0.00000000E+00,1.03638047E-06,2.10598772E-07,-1.11722123E+04,-2.39956254E+03,-1.19679286E+00,-4.18300416E-01,1.11722174E+03,2.39956364E+02,1.00800000E+03,2.40000000E+02,1.04980878E+06,7.61140469E+01,4.90488653E+02
5.30000000E+00,1.00000000E-01,1.58320915E-03,1.04980878E+06,7.61140380E+01,4.97021757E+02,-0.00000000E+00,-0.00000000E+00,-1.49767502E-34,-3.75785361E-35,1.81051443E+06,3.41670760E+05,1.89624078E-04,3.57953931E-05,-1.80024354E+06,-3.39511164E+05,-2.17754100E-01,-1.05912952E-01,-0.00000000E+00,-0.00000000E+00,1.05744118E-06,2.10598971E-07,-0.00000000E+00,-0.00000000E+00,1.05744035E-06,2.10598809E-07,-1.14121686E+04,-2.39956254E+03,-1.23862292E+00,-4.18300698E-01,1.14121737E+03,2.39956364E+02,1.03200000E+03,2.40000000E+02,1.04980878E+06,7.61140380E+01,4.97021757E+02
5.40000000E+00,1.00000000E-01,1.58323927E-03,1.04980877E+06,7.61140291E+01,5.03358601E+02,-0.00000000E+00,-0.00000000E+00,-1.53525356E-34,-3.75785317E-35,1.84468151E+06,3.41670869E+05,1.93203619E-04,3.57954042E-05,-1.83419467E+06,-3.39511273E+05,-2.28345409E-01,-1.05913175E-01,-0.00000000E+00,-0.00000000E+00,1.07850108E-06,2.10599008E-07,-0.00000000E+00,-0.00000000E+00,1.07850024E-06,2.10598846E-07,-1.16521248E+04,-2.39956254E+03,-1.28045301E+00,-4.18300980E-01,1.16521301E+03,2.39956363E+02,1.05600000E+03,2.40000000E+02,1.04980877E+06,7.61140291E+01,5.03358601E+02
5.50000000E+00,1.00000000E-01,1.58326940E-03,1.04980877E+06,7.61140202E+01,5.09505082E+02,-0.00000000E+00,-0.00000000E+00,-1.57283209E-34,-3.75785273E-35,1.87884861E+06,3.41670978E+05,1.96783160E-04,3.57954153E-05,-1.86814581E+06,-3.39511382E+05,-2.38936740E-01,-1.05913373E-01,-0.00000000E+00,-0.00000000E+00,1.09956099E-06,2.10599045E-07,-0.00000000E+00,-0.00000000E+00,1.09956013E-06,2.10598883E-07,-1.18920811E+04,-2.39956254E+03,-1.32228312E+00,-4.18301262E-01,1.18920865E+03,2.39956363E+02,1.08000000E+03,2.40000000E+02,1.04980877E+06,7.61140202E+01,5.09505082E+02
5.60000000E+00,1.00000000E-01,1.58329952E-03,1.04980877E+06,7.61140113E+01,5.15466917E+02,-0.00000000E+00,-0.00000000E+00,-1.61041061E-34,-3.75785229E-35,1.91301572E+06,3.41671086E+05,2.00362703E-04,3.57954264E-05,-1.90209696E+06,-3.39511490E+05,-2.49528089E-01,-1.05913561E-01,-0.00000000E+00,-0.00000000E+00,1.12062090E-06,2.10599081E-07,-0.00000000E+00,-0.00000000E+00,1.12062002E-06,2.10598919E-07,-1.21320373E+04,-2.39956253E+03,-1.36411326E+00,-4.18301544E-01,1.21320428E+03,2.39956363E+02,1.10400000E+03,2.40000000E+02,1.04980877E+06,7.61140113E+01,5.15466917E+02
5.70000000E+00,1.00000000E-01,1.58332963E-03,1.04980877E+06,7.61140024E+01,5.21249654E+02,-0.00000000E+00,-0.00000000E+00,-1.64798913E-34,-3.75785185E-35,1.94718284E+06,3.41671195E+05,2.03942247E-04,3.57954375E-05,-1.93604812E+06,-3.39511598E+05,-2.60119457E-01,-1.05913744E-01,-0.00000000E+00,-0.00000000E+00,1.14168081E-06,2.10599117E-07,-0.00000000E+00,-0.00000000E+00,1.14167991E-06,2.10598955E-07,-1.23719936E+04,-2.39956253E+03,-1.40594343E+00,-4.18301826E-01,1.23719992E+03,2.39956363E+02,1.12800000E+03,2.40000000E+02,1.04980877E+06,7.61140024E+01,5.21249654E+02
5.80000000E+00,1.00000000E-01,1.58335975E-03,1.04980877E+06,7.61139935E+01,5.26858674E+02,-0.00000000E+00,-0.00000000E+00,-1.68556765E-34,-3.75785141E-35,1.98134997E+06,3.41671303E+05,2.07521792E-04,3.57954486E-05,-1.96999929E+06,-3.39511706E+05,-2.70710843E-01,-1.05913925E-01,-0.00000000E+00,-0.00000000E+00,1.16274072E-06,2.10599152E-07,-0.00000000E+00,-0.00000000E+00,1.16273981E-06,2.10598990E-07,-1.26119498E+04,-2.39956253E+03,-1.44777363E+00,-4.18302108E-01,1.26119556E+03,2.39956362E+02,1.15200000E+03,2.40000000E+02,1.04980877E+06,7.61139935E+01,5.26858674E+02
5.90000000E+00,1.00000000E-01,1.58338986E-03,1.04980877E+06,7.61139846E+01,5.32299194E+02,-0.00000000E+00,-0.00000000E+00,-1.72314616E-34,-3.75785097E-35,2.01551711E+06,3.41671411E+05,2.11101337E-04,3.57954596E-05,-2.00395047E+06,-3.39511814E+05,-2.81302247E-01,-1.05914106E-01,-0.00000000E+00,-0.00000000E+00,1.18380064E-06,2.10599187E-07,-0.00000000E+00,-0.00000000E+00,1.18379971E-06,2.10599026E-07,-1.28519061E+04,-2.39956253E+03,-1.48960386E+00,-4.18302390E-01,1.28519119E+03,2.39956362E+02,1.17600000E+03,2.40000000E+02,1.04980877E+06,7.61139846E+01,5.32299194E+02
6.00000000E+00,1.00000000E-01,1.58341997E-03,1.04980877E+06,7.61139757E+01,5.37576276E+02,-0.00000000E+00,-0.00000000E+00,-1.76072467E-34,-3.75785053E-35,2.04968426E+06,3.41671519E+05,2.14680885E-04,3.57954706E-05,-2.03790166E+06,-3.39511922E+05,-2.91893669E-01,-1.05914287E-01,-0.00000000E+00,-0.00000000E+00,1.20486056E-06,2.10599222E-07,-0.00000000E+00,-0.00000000E+00,1.20485962E-06,2.10599061E-07,-1.30918623E+04,-2.39956252E+03,-1.53143411E+00,-4.18302672E-01,1.30918683E+03,2.39956362E+02,1.20000000E+03,2.40000000E+02,1.04980877E+06,7.61139757E+01,5.37576276E+02
6.10000000E+00,1.00000000E-01,1.58345007E-03,1.04980877E+06,7.61139668E+01,5.42694831E+02,-0.00000000E+00,-0.00000000E+00,-1.79830317E-34,-3.75785009E-35,2.08385142E+06,3.41671626E+05,2.18260433E-04,3.57954816E-05,-2.07185287E+06,-3.39512030E+05,-3.02485109E-01,-1.05914467E-01,-0.00000000E+00,-0.00000000E+00,1.22592049E-06,2.10599257E-07,-0.00000000E+00,-0.00000000E+00,1.22591953E-06,2.10599095E-07,-1.33318186E+04,-2.39956252E+03,-1.57326440E+00,-4.18302953E-01,1.33318246E+03,2.39956362E+02,1.22400000E+03,2.40000000E+02,1.04980877E+06,7.61139668E+01,5.42694831E+02
6.20000000E+00,1.00000000E-01,1.58348017E-03,1.04980877E+06,7.61139579E+01,5.47659621E+02,-0.00000000E+00,-0.00000000E+00,-1.83588167E-34,-3.75784965E-35,2.11801860E+06,3.41671734E+05,2.21839982E-04,3.57954926E-05,-2.10580408E+06,-3.39512137E+05,-3.13076568E-01,-1.05914648E-01,-0.00000000E+00,-0.00000000E+00,1.24698042E-06,2.10599291E-07,-0.00000000E+00,-0.00000000E+00,1.24697944E-06,2.10599129E-07,-1.35717748E+04,-2.39956252E+03,-1.61509471E+00,-4.18303235E-01,1.35717810E+03,2.39956361E+02,1.24800000E+03,2.40000000E+02,1.04980877E+06,7.61139579E+01,5.47659621E+02
6.30000000E+00,1.00000000E-01,1.58351027E-03,1.04980877E+06,7.61139490E+01,5.52475264E+02,-0.00000000E+00,-0.00000000E+00,-1.87346016E-34,-3.75784921E-35,2.15218578E+06,3.41671841E+05,2.25419532E-04,3.57955036E-05,-2.13975530E+06,-3.39512245E+05,-3.23668044E-01,-1.05914828E-01,-0.00000000E+00,-0.00000000E+00,1.26804035E-06,2.10599325E-07,-0.00000000E+00,-0.00000000E+00,1.26803936E-06,2.10599164E-07,-1.38117311E+04,-2.39956252E+03,-1.65692505E+00,-4.18303517E-01,1.38117374E+03,2.39956361E+02,1.27200000E+03,2.40000000E+02,1.04980877E+06,7.61139490E+01,5.52475264E+02
6.40000000E+00,1.00000000E-01,1.58354036E-03,1.04980876E+06,7.61139401E+01,5.57146242E+02,-0.00000000E+00,-0.00000000E+00,-1.91103865E-34,-3.75784877E-35,2.18635298E+06,3.41671948E+05,2.28999084E-04,3.57955146E-05,-2.17370654E+06,-3.39512352E+05,-3.34259538E-01,-1.05915009E-01,-0.00000000E+00,-0.00000000E+00,1.28910029E-06,2.10599359E-07,-0.00000000E+00,-0.00000000E+00,1.28909928E-06,2.10599197E-07,-1.40516873E+04,-2.39956251E+03,-1.69875542E+00,-4.18303799E-01,1.40516937E+03,2.39956361E+02,1.29600000E+03,2.40000000E+02,1.04980876E+06,7.61139401E+01,5.57146242E+02
6.50000000E+00,1.00000000E-01,1.58357045E-03,1.04980876E+06,7.61139312E+01,5.61676900E+02,-0.00000000E+00,-0.00000000E+00,-1.94861714E-34,-3.75784833E-35,2.22052018E+06,3.41672055E+05,2.32578636E-04,3.57955255E-05,-2.20765779E+06,-3.39512459E+05,-3.44851051E-01,-1.05915189E-01,-0.00000000E+00,-0.00000000E+00,1.31016023E-06,2.10599393E-07,-0.00000000E+00,-0.00000000E+00,1.31015920E-06,2.10599231E-07,-1.42916436E+04,-2.39956251E+03,-1.74058581E+00,-4.18304080E-01,1.42916501E+03,2.39956361E+02,1.32000000E+03,2.40000000E+02,1.04980876E+06,7.61139312E+01,5.61676900E+02
6.60000000E+00,1.00000000E-01,1.58360054E-03,1.04980876E+06,7.61139223E+01,5.66071453E+02,-0.00000000E+00,-0.00000000E+00,-1.98619562E-34,-3.75784789E-35,2.25468740E+06,3.41672162E+05,2.36158190E-04,3.57955364E-05,-2.24160904E+06,-3.39512566E+05,-3.55442581E-01,-1.05915369E-01,-0.00000000E+00,-0.00000000E+00,1.33122017E-06,2.10599426E-07,-0.00000000E+00,-0.00000000E+00,1.33121913E-06,2.10599264E-07,-1.45315998E+04,-2.39956251E+03,-1.78241624E+00,-4.18304362E-01,1.45316065E+03,2.39956360E+02,1.34400000E+03,2.40000000E+02,1.04980876E+06,7.61139223E+01,5.66071453E+02
6.70000000E+00,1.00000000E-01,1.58363063E-03,1.04980876E+06,7.61139134E+01,5.70333991E+02,-0.00000000E+00,-0.00000000E+00,-2.02377409E-34,-3.75784746E-35,2.28885463E+06,3.41672269E+05,2.39737745E-04,3.57955473E-05,-2.27556031E+06,-3.39512672E+05,-3.66034130E-01,-1.05915550E-01,-0.00000000E+00,-0.00000000E+00,1.35228012E-06,2.10599459E-07,-0.00000000E+00,-0.00000000E+00,1.35227906E-06,2.10599297E-07,-1.47715561E+04,-2.39956251E+03,-1.82424669E+00,-4.18304644E-01,1.47715628E+03,2.39956360E+02,1.36800000E+03,2.40000000E+02,1.04980876E+06,7.61139134E+01,5.70333991E+02
6.80000000E+00,1.00000000E-01,1.58366071E-03,1.04980876E+06,7.61139045E+01,5.74468479E+02,-0.00000000E+00,-0.00000000E+00,-2.06135256E-34,-3.75784702E-35,2.32302186E+06,3.41672375E+05,2.43317301E-04,3.57955582E-05,-2.30951159E+06,-3.39512779E+05,-3.76625696E-01,-1.05915730E-01,-0.00000000E+00,-0.00000000E+00,1.37334006E-06,2.10599491E-07,-0.00000000E+00,-0.00000000E+00,1.37333899E-06,2.10599330E-07,-1.50115123E+04,-2.39956250E+03,-1.86607717E+00,-4.18304925E-01,1.50115192E+03,2.39956360E+02,1.39200000E+03,2.40000000E+02,1.04980876E+06,7.61139045E+01,5.74468479E+02
6.90000000E+00,1.00000000E-01,1.58369079E-03,1.04980876E+06,7.61138956E+01,5.78478764E+02,-0.00000000E+00,-0.00000000E+00,-2.09893103E-34,-3.75784658E-35,2.35718911E+06,3.41672482E+05,2.46896858E-04,3.57955691E-05,-2.34346288E+06,-3.39512885E+05,-3.87217281E-01,-1.05915910E-01,-0.00000000E+00,-0.00000000E+00,1.39440002E-06,2.10599524E-07,-0.00000000E+00,-0.00000000E+00,1.39439893E-06,2.10599362E-07,-1.52514686E+04,-2.39956250E+03,-1.90790768E+00,-4.18305207E-01,1.52514755E+03,2.39956360E+02,1.41600000E+03,2.40000000E+02,1.04980876E+06,7.61138956E+01,5.78478764E+02
7.00000000E+00,1.00000000E-01,1.58372086E-03,1.04980876E+06,7.61138867E+01,5.82368577E+02,-0.00000000E+00,-0.00000000E+00,-2.13650950E-34,-3.75784614E-35,2.39135637E+06,3.41672588E+05,2.50476416E-04,3.57955800E-05,-2.37741417E+06,-3.39512992E+05,-3.97808884E-01,-1.05916091E-01,-0.00000000E+00,-0.00000000E+00,1.41545997E-06,2.10599556E-07,-0.00000000E+00,-0.00000000E+00,1.41545887E-06,2.10599394E-07,-1.54914248E+04,-2.39956250E+03,-1.94973821E+00,-4.18305488E-01,1.54914319E+03,2.39956359E+02,1.44000000E+03,2.40000000E+02,1.04980876E+06,7.61138867E+01,5.82368577E+02
7.10000000E+00,1.00000000E-01,1.58375094E-03,1.04980876E+06,7.61138778E+01,5.86141536E+02,-0.00000000E+00,-0.00000000E+00,-2.17408795E-34,-3.75784570E-35,2.42552364E+06,3.41672694E+05,2.54055975E-04,3.57955908E-05,-2.41136548E+06,-3.39513098E+05,-4.08400504E-01,-1.05916271E-01,-0.00000000E+00,-0.00000000E+00,1.43651993E-06,2.10599588E-07,-0.00000000E+00,-0.00000000E+00,1.43651881E-06,2.10599426E-07,-1.57313811E+04,-2.39956250E+03,-1.99156878E+00,-4.18305770E-01,1.57313882E+03,2.39956359E+02,1.46400000E+03,2.40000000E+02,1.04980876E+06,7.61138778E+01,5.86141536E+02
7.20000000E+00,1.00000000E-01,1.58378101E-03,1.04980876E+06,7.61138689E+01,5.89801154E+02,-0.00000000E+00,-0.00000000E+00,-2.21166641E-34,-3.75784526E-35,2.45969092E+06,3.41672800E+05,2.57635535E-04,3.57956017E-05,-2.44531680E+06,-3.39513204E+05,-4.18992143E-01,-1.05916451E-01,-0.00000000E+00,-0.00000000E+00,1.45757989E-06,2.10599620E-07,-0.00000000E+00,-0.00000000E+00,1.45757876E-06,2.10599458E-07,-1.59713373E+04,-2.39956249E+03,-2.03339937E+00,-4.18306051E-01,1.59713446E+03,2.39956359E+02,1.48800000E+03,2.40000000E+02,1.04980876E+06,7.61138689E+01,5.89801154E+02
7.30000000E+00,1.00000000E-01,1.58381107E-03,1.04980876E+06,7.61138601E+01,5.93350833E+02,-0.00000000E+00,-0.00000000E+00,-2.24924486E-34,-3.75784482E-35,2.49385821E+06,3.41672906E+05,2.61215096E-04,3.57956125E-05,-2.47926814E+06,-3.39513309E+05,-4.29583800E-01,-1.05916631E-01,-0.00000000E+00,-0.00000000E+00,1.47863986E-06,2.10599651E-07,-0.00000000E+00,-0.00000000E+00,1.47863871E-06,2.10599489E-07,-1.62112936E+04,-2.39956249E+03,-2.07522999E+00,-4.18306333E-01,1.62113010E+03,2.39956359E+02,1.51200000E+03,2.40000000E+02,1.04980876E+06,7.61138601E+01,5.93350833E+02
7.40000000E+00,1.00000000E-01,1.58384113E-03,1.04980876E+06,7.61138512E+01,5.96793878E+02,-0.00000000E+00,-0.00000000E+00,-2.28682330E-34,-3.75784438E-35,2.52802551E+06,3.41673011E+05,2.64794658E-04,3.57956233E-05,-2.51321948E+06,-3.39513415E+05,-4.40175474E-01,-1.05916812E-01,-0.00000000E+00,-0.00000000E+00,1.49969983E-06,2.10599682E-07,-0.00000000E+00,-0.00000000E+00,1.49969866E-06,2.10599520E-07,-1.64512498E+04,-2.39956249E+03,-2.11706064E+00,-4.18306614E-01,1.64512573E+03,2.39956359E+02,1.53600000E+03,2.40000000E+02,1.04980876E+06,7.61138512E+01,5.96793878E+02
7.50000000E+00,1.00000000E-01,1.58387119E-03,1.04980875E+06,7.61138423E+01,6.00133491E+02,-0.00000000E+00,-0.00000000E+00,-2.32440175E-34,-3.75784394E-35,2.56219282E+06,3.41673117E+05,2.68374222E-04,3.57956341E-05,-2.54717083E+06,-3.39513520E+05,-4.50767167E-01,-1.05916992E-01,-0.00000000E+00,-0.00000000E+00,1.52075980E-06,2.10599713E-07,-0.00000000E+00,-0.00000000E+00,1.52075861E-06,2.10599551E-07,-1.66912061E+04,-2.39956249E+03,-2.15889132E+00,-4.18306895E-01,1.66912137E+03,2.39956358E+02,1.56000000E+03,2.40000000E+02,1.04980875E+06,7.61138423E+01,6.00133491E+02
7.60000000E+00,1.00000000E-01,1.58390125E-03,1.04980875E+06,7.61138334E+01,6.03372779E+02,-0.00000000E+00,-0.00000000E+00,-2.36198018E-34,-3.75784350E-35,2.59636015E+06,3.41673222E+05,2.71953786E-04,3.57956448E-05,-2.58112219E+06,-3.39513626E+05,-4.61358878E-01,-1.05917172E-01,-0.00000000E+00,-0.00000000E+00,1.54181977E-06,2.10599744E-07,-0.00000000E+00,-0.00000000E+00,1.54181857E-06,2.10599582E-07,-1.69311623E+04,-2.39956248E+03,-2.20072202E+00,-4.18307177E-01,1.69311700E+03,2.39956358E+02,1.58400000E+03,2.40000000E+02,1.04980875E+06,7.61138334E+01,6.03372779E+02
7.70000000E+00,1.00000000E-01,1.58393130E-03,1.04980875E+06,7.61138245E+01,6.06514757E+02,-0.00000000E+00,-0.00000000E+00,-2.39955862E-34,-3.75784307E-35,2.63052748E+06,3.41673328E+05,2.75533352E-04,3.57956556E-05,-2.61507356E+06,-3.39513731E+05,-4.71950607E-01,-1.05917352E-01,-0.00000000E+00,-0.00000000E+00,1.56287975E-06,2.10599774E-07,-0.00000000E+00,-0.00000000E+00,1.56287853E-06,2.10599612E-07,-1.71711186E+04,-2.39956248E+03,-2.24255276E+00,-4.18307458E-01,1.71711264E+03,2.39956358E+02,1.60800000E+03,2.40000000E+02,1.04980875E+06,7.61138245E+01,6.06514757E+02
7.80000000E+00,1.00000000E-01,1.58396135E-03,1.04980875E+06,7.61138156E+01,6.09562347E+02,-0.00000000E+00,-0.00000000E+00,-2.43713704E-34,-3.75784263E-35,2.66469482E+06,3.41673433E+05,2.79112918E-04,3.57956663E-05,-2.64902495E+06,-3.39513836E+05,-4.82542353E-01,-1.05917532E-01,-0.00000000E+00,-0.00000000E+00,1.58393973E-06,2.10599805E-07,-0.00000000E+00,-0.00000000E+00,1.58393850E-06,2.10599643E-07,-1.74110748E+04,-2.39956248E+03,-2.28438352E+00,-4.18307739E-01,1.74110828E+03,2.39956358E+02,1.63200000E+03,2.40000000E+02,1.04980875E+06,7.61138156E+01,6.09562347E+02
7.90000000E+00,1.00000000E-01,1.58399140E-03,1.04980875E+06,7.61138067E+01,6.12518386E+02,-0.00000000E+00,-0.00000000E+00,-2.47471547E-34,-3.75784219E-35,2.69886218E+06,3.41673538E+05,2.82692486E-04,3.57956771E-05,-2.68297634E+06,-3.39513941E+05,-4.93134118E-01,-1.05917712E-01,-0.00000000E+00,-0.00000000E+00,1.60499972E-06,2.10599835E-07,-0.00000000E+00,-0.00000000E+00,1.60499846E-06,2.10599673E-07,-1.76510311E+04,-2.39956248E+03,-2.32621431E+00,-4.18308021E-01,1.76510391E+03,2.39956357E+02,1.65600000E+03,2.40000000E+02,1.04980875E+06,7.61138067E+01,6.12518386E+02
8.00000000E+00,1.00000000E-01,1.58402144E-03,1.04980875E+06,7.61137978E+01,6.15385622E+02,-0.00000000E+00,-0.00000000E+00,-2.51229389E-34,-3.75784175E-35,2.73302954E+06,3.41673642E+05,2.86272055E-04,3.57956878E-05,-2.71692775E+06,-3.39514046E+05,-5.03725901E-01,-1.05917892E-01,-0.00000000E+00,-0.00000000E+00,1.62605970E-06,2.10599864E-07,-0.00000000E+00,-0.00000000E+00,1.62605844E-06,2.10599703E-07,-1.78909873E+04,-2.39956247E+03,-2.36804513E+00,-4.18308302E-01,1.78909955E+03,2.39956357E+02,1.68000000E+03,2.40000000E+02,1.04980875E+06,7.61137978E+01,6.15385622E+02
8.10000000E+00,1.00000000E-01,1.58405148E-03,1.04980875E+06,7.61137890E+01,6.18166725E+02,-0.00000000E+00,-0.00000000E+00,-2.54987230E-34,-3.75784131E-35,2.76719691E+06,3.41673747E+05,2.89851625E-04,3.57956985E-05,-2.75087916E+06,-3.39514150E+05,-5.14317702E-01,-1.05918073E-01,-0.00000000E+00,-0.00000000E+00,1.64711969E-06,2.10599894E-07,-0.00000000E+00,-0.00000000E+00,1.64711841E-06,2.10599732E-07,-1.81309436E+04,-2.39956247E+03,-2.40987597E+00,-4.18308583E-01,1.81309518E+03,2.39956357E+02,1.70400000E+03,2.40000000E+02,1.04980875E+06,7.61137890E+01,6.18166725E+02
8.20000000E+00,1.00000000E-01,1.58408152E-03,1.04980875E+06,7.61137801E+01,6.20864282E+02,-0.00000000E+00,-0.00000000E+00,-2.58745071E-34,-3.75784087E-35,2.80136430E+06,3.41673851E+05,2.93431196E-04,3.57957092E-05,-2.78483059E+06,-3.39514255E+05,-5.24909521E-01,-1.05918253E-01,-0.00000000E+00,-0.00000000E+00,1.66817968E-06,2.10599923E-07,-0.00000000E+00,-0.00000000E+00,1.66817838E-06,2.10599762E-07,-1.83708998E+04,-2.39956247E+03,-2.45170685E+00,-4.18308864E-01,1.83709082E+03,2.39956357E+02,1.72800000E+03,2.40000000E+02,1.04980875E+06,7.61137801E+01,6.20864282E+02
8.30000000E+00,1.00000000E-01,1.58411155E-03,1.04980875E+06,7.61137712E+01,6.23480802E+02,-0.00000000E+00,-0.00000000E+00,-2.62502912E-34,-3.75784043E-35,2.83553169E+06,3.41673956E+05,2.97010768E-04,3.57957199E-05,-2.81878202E+06,-3.39514359E+05,-5.35501357E-01,-1.05918433E-01,-0.00000000E+00,-0.00000000E+00,1.68923968E-06,2.10599953E-07,-0.00000000E+00,-0.00000000E+00,1.68923836E-06,2.10599791E-07,-1.86108561E+04,-2.39956247E+03,-2.49353775E+00,-4.18309145E-01,1.86108645E+03,2.39956356E+02,1.75200000E+03,2.40000000E+02,1.04980875E+06,7.61137712E+01,6.23480802E+02
8.40000000E+00,1.00000000E-01,1.58414159E-03,1.04980875E+06,7.61137623E+01,6.26018720E+02,-0.00000000E+00,-0.00000000E+00,-2.66260752E-34,-3.75784000E-35,2.86969910E+06,3.41674060E+05,3.00590341E-04,3.57957305E-05,-2.85273347E+06,-3.39514463E+05,-5.46093212E-01,-1.05918613E-01,-0.00000000E+00,-0.00000000E+00,1.71029968E-06,2.10599982E-07,-0.00000000E+00,-0.00000000E+00,1.71029835E-06,2.10599820E-07,-1.88508123E+04,-2.39956246E+03,-2.53536868E+00,-4.18309426E-01,1.88508209E+03,2.39956356E+02,1.77600000E+03,2.40000000E+02,1.04980875E+06,7.61137623E+01,6.26018720E+02
8.50000000E+00,1.00000000E-01,1.58417161E-03,1.04980874E+06,7.61137534E+01,6.28480397E+02,-0.00000000E+00,-0.00000000E+00,-2.70018592E-34,-3.75783956E-35,2.90386652E+06,3.41674164E+05,3.04169915E-04,3.57957412E-05,-2.88668493E+06,-3.39514568E+05,-5.56685085E-01,-1.05918793E-01,-0.00000000E+00,-0.00000000E+00,1.73135968E-06,2.10600010E-07,-0.00000000E+00,-0.00000000E+00,1.73135833E-06,2.10599849E-07,-1.90907686E+04,-2.39956246E+03,-2.57719964E+00,-4.18309708E-01,1.90907773E+03,2.39956356E+02,1.80000000E+03,2.40000000E+02,1.04980874E+06,7.61137534E+01,6.28480397E+02
8.60000000E+00,1.00000000E-01,1.58420164E-03,1.04980874E+06,7.61137445E+01,6.30868123E+02,-0.00000000E+00,-0.00000000E+00,-2.73776431E-34,-3.75783912E-35,2.93803394E+06,3.41674268E+05,3.07749490E-04,3.57957518E-05,-2.92063639E+06,-3.39514672E+05,-5.67276976E-01,-1.05918973E-01,-0.00000000E+00,-0.00000000E+00,1.75241968E-06,2.10600039E-07,-0.00000000E+00,-0.00000000E+00,1.75241832E-06,2.10599877E-07,-1.93307248E+04,-2.39956246E+03,-2.61903063E+00,-4.18309989E-01,1.93307336E+03,2.39956356E+02,1.82400000E+03,2.40000000E+02,1.04980874E+06,7.61137445E+01,6.30868123E+02
8.70000000E+00,1.00000000E-01,1.58423166E-03,1.04980874E+06,7.61137357E+01,6.33184120E+02,-0.00000000E+00,-0.00000000E+00,-2.77534270E-34,-3.75783868E-35,2.97220138E+06,3.41674372E+05,3.11329066E-04,3.57957624E-05,-2.95458787E+06,-3.39514775E+05,-5.77868885E-01,-1.05919153E-01,-0.00000000E+00,-0.00000000E+00,1.77347969E-06,2.10600067E-07,-0.00000000E+00,-0.00000000E+00,1.77347831E-06,2.10599906E-07,-1.95706811E+04,-2.39956246E+03,-2.66086164E+00,-4.18310270E-01,1.95706900E+03,2.39956355E+02,1.84800000E+03,2.40000000E+02,1.04980874E+06,7.61137357E+01,6.33184120E+02
8.80000000E+00,1.00000000E-01,1.58426168E-03,1.04980874E+06,7.61137268E+01,6.35430543E+02,-0.00000000E+00,-0.00000000E+00,-2.81292108E-34,-3.75783824E-35,3.00636883E+06,3.41674476E+05,3.14908644E-04,3.57957730E-05,-2.98853936E+06,-3.39514879E+05,-5.88460812E-01,-1.05919333E-01,-0.00000000E+00,-0.00000000E+00,1.79453970E-06,2.10600096E-07,-0.00000000E+00,-0.00000000E+00,1.79453830E-06,2.10599934E-07,-1.98106373E+04,-2.39956246E+03,-2.70269268E+00,-4.18310551E-01,1.98106463E+03,2.39956355E+02,1.87200000E+03,2.40000000E+02,1.04980874E+06,7.61137268E+01,6.35430543E+02
8.90000000E+00,1.00000000E-01,1.58429169E-03,1.04980874E+06,7.61137179E+01,6.37609482E+02,-0.00000000E+00,-0.00000000E+00,-2.85049946E-34,-3.75783780E-35,3.04053629E+06,3.41674579E+05,3.18488222E-04,3.57957836E-05,-3.02249086E+06,-3.39514983E+05,-5.99052756E-01,-1.05919513E-01,-0.00000000E+00,-0.00000000E+00,1.81559971E-06,2.10600124E-07,-0.00000000E+00,-0.00000000E+00,1.81559830E-06,2.10599962E-07,-2.00505935E+04,-2.39956245E+03,-2.74452376E+00,-4.18310832E-01,2.00506027E+03,2.39956355E+02,1.89600000E+03,2.40000000E+02,1.04980874E+06,7.61137179E+01,6.37609482E+02
9.00000000E+00,1.00000000E-01,1.58432170E-03,1.04980874E+06,7.61137090E+01,6.39722964E+02,-0.00000000E+00,-0.00000000E+00,-2.88807784E-34,-3.75783737E-35,3.07470375E+06,3.41674683E+05,3.22067801E-04,3.57957942E-05,-3.05644237E+06,-3.39515086E+05,-6.09644719E-01,-1.05919693E-01,-0.00000000E+00,-0.00000000E+00,1.83665973E-06,2.10600151E-07,-0.00000000E+00,-0.00000000E+00,1.83665830E-06,2.10599990E-07,-2.02905498E+04,-2.39956245E+03,-2.78635485E+00,-4.18311113E-01,2.02905590E+03,2.39956355E+02,1.92000000E+03,2.40000000E+02,1.04980874E+06,7.61137090E+01,6.39722964E+02
9.10000000E+00,1.00000000E-01,1.58435171E-03,1.04980874E+06,7.61137002E+01,6.41772956E+02,-0.00000000E+00,-0.00000000E+00,-2.92565621E-34,-3.75783693E-35,3.10887123E+06,3.41674786E+05,3.25647382E-04,3.57958047E-05,-3.09039389E+06,-3.39515189E+05,-6.20236700E-01,-1.05919872E-01,-0.00000000E+00,-0.00000000E+00,1.85771974E-06,2.10600179E-07,-0.00000000E+00,-0.00000000E+00,1.85771830E-06,2.10600017E-07,-2.05305060E+04,-2.39956245E+03,-2.82818598E+00,-4.18311393E-01,2.05305154E+03,2.39956354E+02,1.94400000E+03,2.40000000E+02,1.04980874E+06,7.61137002E+01,6.41772956E+02
9.20000000E+00,1.00000000E-01,1.58438171E-03,1.04980874E+06,7.61136913E+01,6.43761364E+02,-0.00000000E+00,-0.00000000E+00,-2.96323458E-34,-3.75783649E-35,3.14303872E+06,3.41674889E+05,3.29226963E-04,3.57958153E-05,-3.12434541E+06,-3.39515292E+05,-6.30828699E-01,-1.05920052E-01,-0.00000000E+00,-0.00000000E+00,1.87877977E-06,2.10600207E-07,-0.00000000E+00,-0.00000000E+00,1.87877830E-06,2.10600045E-07,-2.07704623E+04,-2.39956245E+03,-2.87001714E+00,-4.18311674E-01,2.07704717E+03,2.39956354E+02,1.96800000E+03,2.40000000E+02,1.04980874E+06,7.61136913E+01,6.43761364E+02
9.30000000E+00,1.00000000E-01,1.58441172E-03,1.04980874E+06,7.61136824E+01,6.45690039E+02,-0.00000000E+00,-0.00000000E+00,-3.00081294E-34,-3.75783605E-35,3.17720622E+06,3.41674992E+05,3.32806546E-04,3.57958258E-05,-3.15829695E+06,-3.39515396E+05,-6.41420716E-01,-1.05920232E-01,-0.00000000E+00,-0.00000000E+00,1.89983979E-06,2.10600234E-07,-0.00000000E+00,-0.00000000E+00,1.89983831E-06,2.10600072E-07,-2.10104185E+04,-2.39956244E+03,-2.91184832E+00,-4.18311955E-01,2.10104281E+03,2.39956354E+02,1.99200000E+03,2.40000000E+02,1.04980874E+06,7.61136824E+01,6.45690039E+02
9.40000000E+00,1.00000000E-01,1.58444171E-03,1.04980874E+06,7.61136736E+01,6.47560775E+02,-0.00000000E+00,-0.00000000E+00,-3.03839130E-34,-3.75783561E-35,3.21137373E+06,3.41675095E+05,3.36386130E-04,3.57958364E-05,-3.19224850E+06,-3.39515498E+05,-6.52012750E-01,-1.05920412E-01,-0.00000000E+00,-0.00000000E+00,1.92089982E-06,2.10600261E-07,-0.00000000E+00,-0.00000000E+00,1.92089832E-06,2.10600099E-07,-2.12503748E+04,-2.39956244E+03,-2.95367953E+00,-4.18312236E-01,2.12503844E+03,2.39956354E+02,2.01600000E+03,2.40000000E+02,1.04980874E+06,7.61136736E+01,6.47560775E+02
9.50000000E+00,1.00000000E-01,1.58447171E-03,1.04980874E+06,7.61136647E+01,6.49375314E+02,-0.00000000E+00,-0.00000000E+00,-3.07596965E-34,-3.75783518E-35,3.24554125E+06,3.41675198E+05,3.39965714E-04,3.57958469E-05,-3.22620006E+06,-3.39515601E+05,-6.62604803E-01,-1.05920592E-01,-0.00000000E+00,-0.00000000E+00,1.94195984E-06,2.10600288E-07,-0.00000000E+00,-0.00000000E+00,1.94195833E-06,2.10600126E-07,-2.14903310E+04,-2.39956244E+03,-2.99551077E+00,-4.18312517E-01,2.14903408E+03,2.39956353E+02,2.04000000E+03,2.40000000E+02,1.04980874E+06,7.61136647E+01,6.49375314E+02
9.60000000E+00,1.00000000E-01,1.58450170E-03,1.04980873E+06,7.61136558E+01,6.51135342E+02,-0.00000000E+00,-0.00000000E+00,-3.11354800E-34,-3.75783474E-35,3.27970878E+06,3.41675301E+05,3.43545300E-04,3.57958574E-05,-3.26015163E+06,-3.39515704E+05,-6.73196874E-01,-1.05920772E-01,-0.00000000E+00,-0.00000000E+00,1.96301988E-06,2.10600315E-07,-0.00000000E+00,-0.00000000E+00,1.96301835E-06,2.10600153E-07,-2.17302873E+04,-2.39956244E+03,-3.03734204E+00,-4.18312798E-01,2.17302972E+03,2.39956353E+02,2.06400000E+03,2.40000000E+02,1.04980873E+06,7.61136558E+01,6.51135342E+02
9.70000000E+00,1.00000000E-01,1.58453169E-03,1.04980873E+06,7.61136469E+01,6.52842497E+02,-0.00000000E+00,-0.00000000E+00,-3.15112635E-34,-3.75783430E-35,3.31387632E+06,3.41675403E+05,3.47124887E-04,3.57958678E-05,-3.29410322E+06,-3.39515806E+05,-6.83788963E-01,-1.05920951E-01,-0.00000000E+00,-0.00000000E+00,1.98407991E-06,2.10600341E-07,-0.00000000E+00,-0.00000000E+00,1.98407837E-06,2.10600179E-07,-2.19702435E+04,-2.39956243E+03,-3.07917333E+00,-4.18313078E-01,2.19702535E+03,2.39956353E+02,2.08800000E+03,2.40000000E+02,1.04980873E+06,7.61136469E+01,6.52842497E+02
9.80000000E+00,1.00000000E-01,1.58456168E-03,1.04980873E+06,7.61136381E+01,6.54498369E+02,-0.00000000E+00,-0.00000000E+00,-3.18870469E-34,-3.75783386E-35,3.34804387E+06,3.41675505E+05,3.50704475E-04,3.57958783E-05,-3.32805481E+06,-3.39515909E+05,-6.94381069E-01,-1.05921131E-01,-0.00000000E+00,-0.00000000E+00,2.00513995E-06,2.10600368E-07,-0.00000000E+00,-0.00000000E+00,2.00513839E-06,2.10600206E-07,-2.22101997E+04,-2.39956243E+03,-3.12100466E+00,-4.18313359E-01,2.22102099E+03,2.39956353E+02,2.11200000E+03,2.40000000E+02,1.04980873E+06,7.61136381E+01,6.54498369E+02
9.90000000E+00,1.00000000E-01,1.58459166E-03,1.04980873E+06,7.61136292E+01,6.56104497E+02,-0.00000000E+00,-0.00000000E+00,-3.22628302E-34,-3.75783342E-35,3.38221143E+06,3.41675608E+05,3.54284064E-04,3.57958888E-05,-3.36200641E+06,-3.39516011E+05,-7.04973194E-01,-1.05921311E-01,-0.00000000E+00,-0.00000000E+00,2.02619999E-06,2.10600394E-07,-0.00000000E+00,-0.00000000E+00,2.02619841E-06,2.10600232E-07,-2.24501560E+04,-2.39956243E+03,-3.16283601E+00,-4.18313640E-01,2.24501662E+03,2.39956353E+02,2.13600000E+03,2.40000000E+02,1.04980873E+06,7.61136292E+01,6.56104497E+02
1.00000000E+01,1.00000000E-01,1.58462164E-03,1.04980873E+06,7.61136203E+01,6.57662376E+02,-0.00000000E+00,-0.00000000E+00,-3.26386135E-34,-3.75783299E-35,3.41637900E+06,3.41675710E+05,3.57863654E-04,3.57958992E-05,-3.39595802E+06,-3.39516113E+05,-7.15565337E-01,-1.05921491E-01,-0.00000000E+00,-0.00000000E+00,2.04726003E-06,2.10600420E-07,-0.00000000E+00,-0.00000000E+00,2.04725844E-06,2.10600258E-07,-2.26901122E+04,-2.39956243E+03,-3.20466739E+00,-4.18313920E-01,2.26901226E+03,2.39956352E+02,2.16000000E+03,2.40000000E+02,1.04980873E+06,7.61136203E+01,6.57662376E+02
1.01000000E+01,1.00000000E-01,1.58465161E-03,1.04980873E+06,7.61136115E+01,6.59173455E+02,-0.00000000E+00,-0.00000000E+00,-3.30143968E-34,-3.75783255E-35,3.45054658E+06,3.41675812E+05,3.61443245E-04,3.57959097E-05,-3.42990964E+06,-3.39516215E+05,-7.26157497E-01,-1.05921670E-01,-0.00000000E+00,-0.00000000E+00,2.06832007E-06,2.10600446E-07,-0.00000000E+00,-0.00000000E+00,2.06831847E-06,2.10600284E-07,-2.29300685E+04,-2.39956242E+03,-3.24649880E+00,-4.18314201E-01,2.29300789E+03,2.39956352E+02,2.18400000E+03,2.40000000E+02,1.04980873E+06,7.61136115E+01,6.59173455E+02
1.02000000E+01,1.00000000E-01,1.58468159E-03,1.04980873E+06,7.61136026E+01,6.60639140E+02,-0.00000000E+00,-0.00000000E+00,-3.33901800E-34,-3.75783211E-35,3.48471418E+06,3.41675914E+05,3.65022837E-04,3.57959201E-05,-3.46386127E+06,-3.39516317E+05,-7.36749676E-01,-1.05921850E-01,-0.00000000E+00,-0.00000000E+00,2.08938012E-06,2.10600472E-07,-0.00000000E+00,-0.00000000E+00,2.08937850E-06,2.10600310E-07,-2.31700247E+04,-2.39956242E+03,-3.28833023E+00,-4.18314481E-01,2.31700353E+03,2.39956352E+02,2.20800000E+03,2.40000000E+02,1.04980873E+06,7.61136026E+01,6.60639140E+02
1.03000000E+01,1.00000000E-01,1.58471156E-03,1.04980873E+06,7.61135938E+01,6.62060795E+02,-0.00000000E+00,-0.00000000E+00,-3.37659632E-34,-3.75783167E-35,3.51888178E+06,3.41676016E+05,3.68602430E-04,3.57959305E-05,-3.49781291E+06,-3.39516419E+05,-7.47341872E-01,-1.05922030E-01,-0.00000000E+00,-0.00000000E+00,2.11044017E-06,2.10600497E-07,-0.00000000E+00,-0.00000000E+00,2.11043853E-06,2.10600336E-07,-2.34099810E+04,-2.39956242E+03,-3.33016170E+00,-4.18314762E-01,2.34099916E+03,2.39956352E+02,2.23200000E+03,2.40000000E+02,1.04980873E+06,7.61135938E+01,6.62060795E+02
1.04000000E+01,1.00000000E-01,1.58474152E-03,1.04980873E+06,7.61135849E+01,6.63439743E+02,-0.00000000E+00,-0.00000000E+00,-3.41417464E-34,-3.75783124E-35,3.55304939E+06,3.41676117E+05,3.72182024E-04,3.57959409E-05,-3.53176457E+06,-3.39516521E+05,-7.57934087E-01,-1.05922209E-01,-0.00000000E+00,-0.00000000E+00,2.13150022E-06,2.10600523E-07,-0.00000000E+00,-0.00000000E+00,2.13149857E-06,2.10600361E-07,-2.36499372E+04,-2.39956242E+03,-3.37199319E+00,-4.18315042E-01,2.36499480E+03,2.39956351E+02,2.25600000E+03,2.40000000E+02,1.04980873E+06,7.61135849E+01,6.63439743E+02
1.05000000E+01,1.00000000E-01,1.58477148E-03,1.04980873E+06,7.61135760E+01,6.64777266E+02,-0.00000000E+00,-0.00000000E+00,-3.45175295E-34,-3.75783080E-35,3.58721701E+06,3.41676219E+05,3.75761619E-04,3.57959513E-05,-3.56571623E+06,-3.39516622E+05,-7.68526319E-01,-1.05922389E-01,-0.00000000E+00,-0.00000000E+00,2.15256028E-06,2.10600548E-07,-0.00000000E+00,-0.00000000E+00,2.15255861E-06,2.10600386E-07,-2.38898934E+04,-2.39956241E+03,-3.41382471E+00,-4.18315323E-01,2.38899043E+03,2.39956351E+02,2.28000000E+03,2.40000000E+02,1.04980873E+06,7.61135760E+01,6.64777266E+02
1.06000000E+01,1.00000000E-01,1.58480144E-03,1.04980872E+06,7.61135672E+01,6.66074609E+02,-0.00000000E+00,-0.00000000E+00,-3.48933125E-34,-3.75783036E-35,3.62138464E+06,3.41676320E+05,3.79341215E-04,3.57959616E-05,-3.59966790E+06,-3.39516723E+05,-7.79118570E-01,-1.05922569E-01,-0.00000000E+00,-0.00000000E+00,2.17362034E-06,2.10600573E-07,-0.00000000E+00,-0.00000000E+00,2.17361865E-06,2.10600412E-07,-2.41298497E+04,-2.39956241E+03,-3.45565626E+00,-4.18315603E-01,2.41298607E+03,2.39956351E+02,2.30400000E+03,2.40000000E+02,1.04980872E+06,7.61135672E+01,6.66074609E+02
1.07000000E+01,1.00000000E-01,1.58483140E-03,1.04980872E+06,7.61135583E+01,6.67332979E+02,-0.00000000E+00,-0.00000000E+00,-3.52690955E-34,-3.75782992E-35,3.65555229E+06,3.41676422E+05,3.82920812E-04,3.57959720E-05,-3.63361958E+06,-3.39516825E+05,-7.89710838E-01,-1.05922748E-01,-0.00000000E+00,-0.00000000E+00,2.19468040E-06,2.10600599E-07,-0.00000000E+00,-0.00000000E+00,2.19467869E-06,2.10600437E-07,-2.43698059E+04,-2.39956241E+03,-3.49748783E+00,-4.18315884E-01,2.43698170E+03,2.39956351E+02,2.32800000E+03,2.40000000E+02,1.04980872E+06,7.61135583E+01,6.67332979E+02
1.08000000E+01,1.00000000E-01,1.58486135E-03,1.04980872E+06,7.61135495E+01,6.68553547E+02,-0.00000000E+00,-0.00000000E+00,-3.56448785E-34,-3.75782949E-35,3.68971994E+06,3.41676523E+05,3.86500410E-04,3.57959823E-05,-3.66757128E+06,-3.39516926E+05,-8.00303124E-01,-1.05922928E-01,-0.00000000E+00,-0.00000000E+00,2.21574046E-06,2.10600623E-07,-0.00000000E+00,-0.00000000E+00,2.21573874E-06,2.10600462E-07,-2.46097622E+04,-2.39956241E+03,-3.53931944E+00,-4.18316164E-01,2.46097734E+03,2.39956350E+02,2.35200000E+03,2.40000000E+02,1.04980872E+06,7.61135495E+01,6.68553547E+02
1.09000000E+01,1.00000000E-01,1.58489130E-03,1.04980872E+06,7.61135406E+01,6.69737448E+02,-0.00000000E+00,-0.00000000E+00,-3.60206614E-34,-3.75782905E-35,3.72388760E+06,3.41676624E+05,3.90080010E-04,3.57959927E-05,-3.70152298E+06,-3.39517027E+05,-8.10895429E-01,-1.05923107E-01,-0.00000000E+00,-0.00000000E+00,2.23680052E-06,2.10600648E-07,-0.00000000E+00,-0.00000000E+00,2.23679879E-06,2.10600486E-07,-2.48497184E+04,-2.39956240E+03,-3.58115107E+00,-4.18316445E-01,2.48497297E+03,2.39956350E+02,2.37600000E+03,2.40000000E+02,1.04980872E+06,7.61135406E+01,6.69737448E+02
1.10000000E+01,1.00000000E-01,1.58492125E-03,1.04980872E+06,7.61135317E+01,6.70885784E+02,-0.00000000E+00,-0.00000000E+00,-3.63964443E-34,-3.75782861E-35,3.75805527E+06,3.41676725E+05,3.93659610E-04,3.57960030E-05,-3.73547469E+06,-3.39517128E+05,-8.21487751E-01,-1.05923287E-01,-0.00000000E+00,-0.00000000E+00,2.25786059E-06,2.10600673E-07,-0.00000000E+00,-0.00000000E+00,2.25785884E-06,2.10600511E-07,-2.50896746E+04,-2.39956240E+03,-3.62298273E+00,-4.18316725E-01,2.50896861E+03,2.39956350E+02,2.40000000E+03,2.40000000E+02,1.04980872E+06,7.61135317E+01,6.70885784E+02
1.11000000E+01,1.00000000E-01,1.58495119E-03,1.04980872E+06,7.61135229E+01,6.71999624E+02,-0.00000000E+00,-0.00000000E+00,-3.67722271E-34,-3.75782817E-35,3.79222296E+06,3.41676826E+05,3.97239211E-04,3.57960133E-05,-3.76942641E+06,-3.39517229E+05,-8.32080091E-01,-1.05923466E-01,-0.00000000E+00,-0.00000000E+00,2.27892066E-06,2.10600697E-07,-0.00000000E+00,-0.00000000E+00,2.27891889E-06,2.10600536E-07,-2.53296309E+04,-2.39956240E+03,-3.66481442E+00,-4.18317005E-01,2.53296424E+03,2.39956350E+02,2.42400000E+03,2.40000000E+02,1.04980872E+06,7.61135229E+01,6.71999624E+02
1.12000000E+01,1.00000000E-01,1.58498113E-03,1.04980872E+06,7.61135140E+01,6.73080002E+02,-0.00000000E+00,-0.00000000E+00,-3.71480099E-34,-3.75782774E-35,3.82639065E+06,3.41676926E+05,4.00818814E-04,3.57960236E-05,-3.80337815E+06,-3.39517329E+05,-8.42672449E-01,-1.05923646E-01,-0.00000000E+00,-0.00000000E+00,2.29998073E-06,2.10600722E-07,-0.00000000E+00,-0.00000000E+00,2.29997895E-06,2.10600560E-07,-2.55695871E+04,-2.39956240E+03,-3.70664614E+00,-4.18317285E-01,2.55695988E+03,2.39956349E+02,2.44800000E+03,2.40000000E+02,1.04980872E+06,7.61135140E+01,6.73080002E+02
1.13000000E+01,1.00000000E-01,1.58501107E-03,1.04980872E+06,7.61135052E+01,6.74127926E+02,-0.00000000E+00,-0.00000000E+00,-3.75237927E-34,-3.75782730E-35,3.86055835E+06,3.41677027E+05,4.04398417E-04,3.57960339E-05,-3.83732989E+06,-3.39517430E+05,-8.53264825E-01,-1.05923825E-01,-0.00000000E+00,-0.00000000E+00,2.32104081E-06,2.10600746E-07,-0.00000000E+00,-0.00000000E+00,2.32103901E-06,2.10600584E-07,-2.58095434E+04,-2.39956239E+03,-3.74847788E+00,-4.18317566E-01,2.58095551E+03,2.39956349E+02,2.47200000E+03,2.40000000E+02,1.04980872E+06,7.61135052E+01,6.74127926E+02
1.14000000E+01,1.00000000E-01,1.58504100E-03,1.04980872E+06,7.61134963E+01,6.75144369E+02,-0.00000000E+00,-0.00000000E+00,-3.78995754E-34,-3.75782686E-35,3.89472606E+06,3.41677127E+05,4.07978022E-04,3.57960442E-05,-3.87128164E+06,-3.39517531E+05,-8.63857220E-01,-1.05924005E-01,-0.00000000E+00,-0.00000000E+00,2.34210088E-06,2.10600770E-07,-0.00000000E+00,-0.00000000E+00,2.34209907E-06,2.10600608E-07,-2.60494996E+04,-2.39956239E+03,-3.79030965E+00,-4.18317846E-01,2.60495115E+03,2.39956349E+02,2.49600000E+03,2.40000000E+02,1.04980872E+06,7.61134963E+01,6.75144369E+02
1.15000000E+01,1.00000000E-01,1.58507093E-03,1.04980872E+06,7.61134875E+01,6.76130278E+02,-0.00000000E+00,-0.00000000E+00,-3.82753581E-34,-3.75782643E-35,3.92889379E+06,3.41677228E+05,4.11557627E-04,3.57960544E-05,-3.90523341E+06,-3.39517631E+05,-8.74449632E-01,-1.05924184E-01,-0.00000000E+00,-0.00000000E+00,2.36316096E-06,2.10600794E-07,-0.00000000E+00,-0.00000000E+00,2.36315913E-06,2.10600632E-07,-2.62894558E+04,-2.39956239E+03,-3.83214145E+00,-4.18318126E-01,2.62894678E+03,2.39956349E+02,2.52000000E+03,2.40000000E+02,1.04980872E+06,7.61134875E+01,6.76130278E+02
1.16000000E+01,1.00000000E-01,1.58510086E-03,1.04980872E+06,7.61134786E+01,6.77086570E+02,-0.00000000E+00,-0.00000000E+00,-3.86511407E-34,-3.75782599E-35,3.96306152E+06,3.41677328E+05,4.15137234E-04,3.57960647E-05,-3.93918518E+06,-3.39517731E+05,-8.85042061E-01,-1.05924364E-01,-0.00000000E+00,-0.00000000E+00,2.38422105E-06,2.10600818E-07,-0.00000000E+00,-0.00000000E+00,2.38421920E-06,2.10600656E-07,-2.65294121E+04,-2.39956239E+03,-3.87397328E+00,-4.18318406E-01,2.65294242E+03,2.39956348E+02,2.54400000E+03,2.40000000E+02,1.04980872E+06,7.61134786E+01,6.77086570E+02
1.17000000E+01,1.00000000E-01,1.58513078E-03,1.04980871E+06,7.61134698E+01,6.78014134E+02,-0.00000000E+00,-0.00000000E+00,-3.90269232E-34,-3.75782555E-35,3.99722926E+06,3.41677428E+05,4.18716841E-04,3.57960749E-05,-3.97313696E+06,-3.39517831E+05,-8.95634509E-01,-1.05924543E-01,-0.00000000E+00,-0.00000000E+00,2.40528113E-06,2.10600842E-07,-0.00000000E+00,-0.00000000E+00,2.40527926E-06,2.10600680E-07,-2.67693683E+04,-2.39956238E+03,-3.91580514E+00,-4.18318686E-01,2.67693805E+03,2.39956348E+02,2.56800000E+03,2.40000000E+02,1.04980871E+06,7.61134698E+01,6.78014134E+02
1.18000000E+01,1.00000000E-01,1.58516070E-03,1.04980871E+06,7.61134609E+01,6.78913833E+02,-0.00000000E+00,-0.00000000E+00,-3.94027058E-34,-3.75782512E-35,4.03139701E+06,3.41677528E+05,4.22296450E-04,3.57960852E-05,-4.00708875E+06,-3.39517931E+05,-9.06226975E-01,-1.05924722E-01,-0.00000000E+00,-0.00000000E+00,2.42634122E-06,2.10600865E-07,-0.00000000E+00,-0.00000000E+00,2.42633933E-06,2.10600703E-07,-2.70093246E+04,-2.39956238E+03,-3.95763702E+00,-4.18318966E-01,2.70093369E+03,2.39956348E+02,2.59200000E+03,2.40000000E+02,1.04980871E+06,7.61134609E+01,6.78913833E+02
1.19000000E+01,1.00000000E-01,1.58519062E-03,1.04980871E+06,7.61134521E+01,6.79786505E+02,-0.00000000E+00,-0.00000000E+00,-3.97784883E-34,-3.75782468E-35,4.06556478E+06,3.41677628E+05,4.25876059E-04,3.57960954E-05,-4.04104056E+06,-3.39518031E+05,-9.16819459E-01,-1.05924902E-01,-0.00000000E+00,-0.00000000E+00,2.44740130E-06,2.10600889E-07,-0.00000000E+00,-0.00000000E+00,2.44739941E-06,2.10600727E-07,-2.72492808E+04,-2.39956238E+03,-3.99946894E+00,-4.18319246E-01,2.72492932E+03,2.39956348E+02,2.61600000E+03,2.40000000E+02,1.04980871E+06,7.61134521E+01,6.79786505E+02
1.20000000E+01,1.00000000E-01,1.58522053E-03,1.04980871E+06,7.61134432E+01,6.80632961E+02,-0.00000000E+00,-0.00000000E+00,-4.01542707E-34,-3.75782424E-35,4.09973255E+06,3.41677728E+05,4.29455670E-04,3.57961056E-05,-4.07499237E+06,-3.39518131E+05,-9.27411961E-01,-1.05925081E-01,-0.00000000E+00,-0.00000000E+00,2.46846140E-06,2.10600912E-07,-0.00000000E+00,-0.00000000E+00,2.46845948E-06,2.10600750E-07,-2.74892370E+04,-2.39956238E+03,-4.04130088E+00,-4.18319526E-01,2.74892496E+03,2.39956347E+02,2.64000000E+03,2.40000000E+02,1.04980871E+06,7.61134432E+01,6.80632961E+02
1.21000000E+01,1.00000000E-01,1.58525044E-03,1.04980871E+06,7.61134344E+01,6.81453990E+02,-0.00000000E+00,-0.00000000E+00,-4.05300531E-34,-3.75782381E-35,4.13390033E+06,3.41677828E+05,4.33035281E-04,3.57961158E-05,-4.10894419E+06,-3.39518231E+05,-9.38004480E-01,-1.05925260E-01,-0.00000000E+00,-0.00000000E+00,2.48952149E-06,2.10600935E-07,-0.00000000E+00,-0.00000000E+00,2.48951956E-06,2.10600773E-07,-2.77291933E+04,-2.39956237E+03,-4.08313285E+00,-4.18319806E-01,2.77292059E+03,2.39956347E+02,2.66400000E+03,2.40000000E+02,1.04980871E+06,7.61134344E+01,6.81453990E+02
1.22000000E+01,1.00000000E-01,1.58528035E-03,1.04980871E+06,7.61134255E+01,6.82250354E+02,-0.00000000E+00,-0.00000000E+00,-4.09058355E-34,-3.75782337E-35,4.16806813E+06,3.41677927E+05,4.36614894E-04,3.57961260E-05,-4.14289603E+06,-3.39518330E+05,-9.48597018E-01,-1.05925440E-01,-0.00000000E+00,-0.00000000E+00,2.51058159E-06,2.10600958E-07,-0.00000000E+00,-0.00000000E+00,2.51057964E-06,2.10600796E-07,-2.79691495E+04,-2.39956237E+03,-4.12496484E+00,-4.18320086E-01,2.79691623E+03,2.39956347E+02,2.68800000E+03,2.40000000E+02,1.04980871E+06,7.61134255E+01,6.82250354E+02
1.23000000E+01,1.00000000E-01,1.58531025E-03,1.04980871E+06,7.61134167E+01,6.83022795E+02,-0.00000000E+00,-0.00000000E+00,-4.12816178E-34,-3.75782293E-35,4.20223593E+06,3.41678027E+05,4.40194507E-04,3.57961361E-05,-4.17684787E+06,-3.39518430E+05,-9.59189573E-01,-1.05925619E-01,-0.00000000E+00,-0.00000000E+00,2.53164168E-06,2.10600981E-07,-0.00000000E+00,-0.00000000E+00,2.53163972E-06,2.10600819E-07,-2.82091057E+04,-2.39956237E+03,-4.16679687E+00,-4.18320366E-01,2.82091186E+03,2.39956347E+02,2.71200000E+03,2.40000000E+02,1.04980871E+06,7.61134167E+01,6.83022795E+02
1.24000000E+01,1.00000000E-01,1.58534015E-03,1.04980871E+06,7.61134079E+01,6.83772031E+02,-0.00000000E+00,-0.00000000E+00,-4.16574000E-34,-3.75782250E-35,4.23640374E+06,3.41678126E+05,4.43774122E-04,3.57961463E-05,-4.21079972E+06,-3.39518529E+05,-9.69782147E-01,-1.05925798E-01,-0.00000000E+00,-0.00000000E+00,2.55270178E-06,2.10601004E-07,-0.00000000E+00,-0.00000000E+00,2.55269981E-06,2.10600842E-07,-2.84490620E+04,-2.39956237E+03,-4.20862892E+00,-4.18320646E-01,2.84490749E+03,2.39956347E+02,2.73600000E+03,2.40000000E+02,1.04980871E+06,7.61134079E+01,6.83772031E+02
1.25000000E+01,1.00000000E-01,1.58537004E-03,1.04980871E+06,7.61133990E+01,6.84498760E+02,-0.00000000E+00,-0.00000000E+00,-4.20331823E-34,-3.75782206E-35,4.27057156E+06,3.41678225E+05,4.47353738E-04,3.57961564E-05,-4.24475159E+06,-3.39518628E+05,-9.80374738E-01,-1.05925977E-01,-0.00000000E+00,-0.00000000E+00,2.57376189E-06,2.10601027E-07,-0.00000000E+00,-0.00000000E+00,2.57375989E-06,2.10600865E-07,-2.86890182E+04,-2.39956236E+03,-4.25046100E+00,-4.18320926E-01,2.86890313E+03,2.39956346E+02,2.76000000E+03,2.40000000E+02,1.04980871E+06,7.61133990E+01,6.84498760E+02
1.26000000E+01,1.00000000E-01,1.58539994E-03,1.04980871E+06,7.61133902E+01,6.85203658E+02,-0.00000000E+00,-0.00000000E+00,-4.24089644E-34,-3.75782162E-35,4.30473940E+06,3.41678324E+05,4.50933354E-04,3.57961666E-05,-4.27870346E+06,-3.39518727E+05,-9.90967347E-01,-1.05926157E-01,-0.00000000E+00,-0.00000000E+00,2.59482199E-06,2.10601050E-07,-0.00000000E+00,-0.00000000E+00,2.59481998E-06,2.10600888E-07,-2.89289744E+04,-2.39956236E+03,-4.29229311E+00,-4.18321206E-01,2.89289876E+03,2.39956346E+02,2.78400000E+03,2.40000000E+02,1.04980871E+06,7.61133902E+01,6.85203658E+02
1.27000000E+01,1.00000000E-01,1.58542983E-03,1.04980871E+06,7.61133813E+01,6.85887380E+02,-0.00000000E+00,-0.00000000E+00,-4.27847466E-34,-3.75782119E-35,4.33890724E+06,3.41678423E+05,4.54512972E-04,3.57961767E-05,-4.31265534E+06,-3.39518826E+05,-1.00155997E+00,-1.05926336E-01,-0.00000000E+00,-0.00000000E+00,2.61588210E-06,2.10601072E-07,-0.00000000E+00,-0.00000000E+00,2.61588007E-06,2.10600910E-07,-2.91689307E+04,-2.39956236E+03,-4.33412524E+00,-4.18321486E-01,2.91689440E+03,2.39956346E+02,2.80800000E+03,2.40000000E+02,1.04980871E+06,7.61133813E+01,6.85887380E+02
1.28000000E+01,1.00000000E-01,1.58545971E-03,1.04980870E+06,7.61133725E+01,6.86550563E+02,-0.00000000E+00,-0.00000000E+00,-4.31605287E-34,-3.75782075E-35,4.37307509E+06,3.41678522E+05,4.58092591E-04,3.57961868E-05,-4.34660723E+06,-3.39518925E+05,-1.01215262E+00,-1.05926515E-01,-0.00000000E+00,-0.00000000E+00,2.63694221E-06,2.10601094E-07,-0.00000000E+00,-0.00000000E+00,2.63694017E-06,2.10600933E-07,-2.94088869E+04,-2.39956236E+03,-4.37595741E+00,-4.18321766E-01,2.94089003E+03,2.39956346E+02,2.83200000E+03,2.40000000E+02,1.04980870E+06,7.61133725E+01,6.86550563E+02
1.29000000E+01,1.00000000E-01,1.58548960E-03,1.04980870E+06,7.61133637E+01,6.87193823E+02,-0.00000000E+00,-0.00000000E+00,-4.35363107E-34,-3.75782031E-35,4.40724295E+06,3.41678621E+05,4.61672210E-04,3.57961969E-05,-4.38055914E+06,-3.39519024E+05,-1.02274528E+00,-1.05926694E-01,-0.00000000E+00,-0.00000000E+00,2.65800232E-06,2.10601117E-07,-0.00000000E+00,-0.00000000E+00,2.65800026E-06,2.10600955E-07,-2.96488432E+04,-2.39956235E+03,-4.41778960E+00,-4.18322045E-01,2.96488567E+03,2.39956345E+02,2.85600000E+03,2.40000000E+02,1.04980870E+06,7.61133637E+01,6.87193823E+02
1.30000000E+01,1.00000000E-01,1.58551947E-03,1.04980870E+06,7.61133548E+01,6.87817760E+02,-0.00000000E+00,-0.00000000E+00,-4.39120927E-34,-3.75781988E-35,4.44141082E+06,3.41678720E+05,4.65251831E-04,3.57962070E-05,-4.41451105E+06,-3.39519123E+05,-1.03333796E+00,-1.05926873E-01,-0.00000000E+00,-0.00000000E+00,2.67906243E-06,2.10601139E-07,-0.00000000E+00,-0.00000000E+00,2.67906036E-06,2.10600977E-07,-2.98887994E+04,-2.39956235E+03,-4.45962182E+00,-4.18322325E-01,2.98888130E+03,2.39956345E+02,2.88000000E+03,2.40000000E+02,1.04980870E+06,7.61133548E+01,6.87817760E+02
1.31000000E+01,1.00000000E-01,1.58554935E-03,1.04980870E+06,7.61133460E+01,6.88422953E+02,-0.00000000E+00,-0.00000000E+00,-4.42878747E-34,-3.75781944E-35,4.47557871E+06,3.41678818E+05,4.68831453E-04,3.57962171E-05,-4.44846297E+06,-3.39519222E+05,-1.04393066E+00,-1.05927052E-01,-0.00000000E+00,-0.00000000E+00,2.70012255E-06,2.10601161E-07,-0.00000000E+00,-0.00000000E+00,2.70012046E-06,2.10600999E-07,-3.01287556E+04,-2.39956235E+03,-4.50145407E+00,-4.18322605E-01,3.01287694E+03,2.39956345E+02,2.90400000E+03,2.40000000E+02,1.04980870E+06,7.61133460E+01,6.88422953E+02
1.32000000E+01,1.00000000E-01,1.58557922E-03,1.04980870E+06,7.61133372E+01,6.89009966E+02,-0.00000000E+00,-0.00000000E+00,-4.46636566E-34,-3.75781900E-35,4.50974660E+06,3.41678917E+05,4.72411076E-04,3.57962272E-05,-4.48241490E+06,-3.39519320E+05,-1.05452338E+00,-1.05927232E-01,-0.00000000E+00,-0.00000000E+00,2.72118267E-06,2.10601183E-07,-0.00000000E+00,-0.00000000E+00,2.72118056E-06,2.10601021E-07,-3.03687119E+04,-2.39956235E+03,-4.54328635E+00,-4.18322884E-01,3.03687257E+03,2.39956345E+02,2.92800000E+03,2.40000000E+02,1.04980870E+06,7.61133372E+01,6.89009966E+02
1.33000000E+01,1.00000000E-01,1.58560909E-03,1.04980870E+06,7.61133283E+01,6.89579345E+02,-0.00000000E+00,-0.00000000E+00,-4.50394385E-34,-3.75781857E-35,4.54391450E+06,3.41679015E+05,4.75990699E-04,3.57962372E-05,-4.51636684E+06,-3.39519418E+05,-1.06511611E+00,-1.05927411E-01,-0.00000000E+00,-0.00000000E+00,2.74224279E-06,2.10601205E-07,-0.00000000E+00,-0.00000000E+00,2.74224067E-06,2.10601043E-07,-3.06086681E+04,-2.39956234E+03,-4.58511865E+00,-4.18323164E-01,3.06086821E+03,2.39956344E+02,2.95200000E+03,2.40000000E+02,1.04980870E+06,7.61133283E+01,6.89579345E+02
1.34000000E+01,1.00000000E-01,1.58563896E-03,1.04980870E+06,7.61133195E+01,6.90131620E+02,-0.00000000E+00,-0.00000000E+00,-4.54152203E-34,-3.75781813E-35,4.57808241E+06,3.41679114E+05,4.79570324E-04,3.57962473E-05,-4.55031880E+06,-3.39519517E+05,-1.07570887E+00,-1.05927590E-01,-0.00000000E+00,-0.00000000E+00,2.76330291E-06,2.10601227E-07,-0.00000000E+00,-0.00000000E+00,2.76330077E-06,2.10601065E-07,-3.08486243E+04,-2.39956234E+03,-4.62695098E+00,-4.18323444E-01,3.08486384E+03,2.39956344E+02,2.97600000E+03,2.40000000E+02,1.04980870E+06,7.61133195E+01,6.90131620E+02
1.35000000E+01,1.00000000E-01,1.58566882E-03,1.04980870E+06,7.61133107E+01,6.90667304E+02,-0.00000000E+00,-0.00000000E+00,-4.57910021E-34,-3.75781770E-35,4.61225033E+06,3.41679212E+05,4.83149950E-04,3.57962573E-05,-4.58427076E+06,-3.39519615E+05,-1.08630164E+00,-1.05927769E-01,-0.00000000E+00,-0.00000000E+00,2.78436304E-06,2.10601248E-07,-0.00000000E+00,-0.00000000E+00,2.78436088E-06,2.10601087E-07,-3.10885806E+04,-2.39956234E+03,-4.66878334E+00,-4.18323723E-01,3.10885947E+03,2.39956344E+02,3.00000000E+03,2.40000000E+02,1.04980870E+06,7.61133107E+01,6.90667304E+02
1.36000000E+01,1.00000000E-01,1.58569868E-03,1.04980870E+06,7.61133018E+01,6.91186895E+02,-0.00000000E+00,-0.00000000E+00,-4.61667839E-34,-3.75781726E-35,4.64641826E+06,3.41679310E+05,4.86729577E-04,3.57962674E-05,-4.61822273E+06,-3.39519713E+05,-1.09689443E+00,-1.05927948E-01,-0.00000000E+00,-0.00000000E+00,2.80542316E-06,2.10601270E-07,-0.00000000E+00,-0.00000000E+00,2.80542099E-06,2.10601108E-07,-3.13285368E+04,-2.39956234E+03,-4.71061573E+00,-4.18324003E-01,3.13285511E+03,2.39956344E+02,3.02400000E+03,2.40000000E+02,1.04980870E+06,7.61133018E+01,6.91186895E+02
1.37000000E+01,1.00000000E-01,1.58572853E-03,1.04980870E+06,7.61132930E+01,6.91690878E+02,-0.00000000E+00,-0.00000000E+00,-4.65425656E-34,-3.75781682E-35,4.68058620E+06,3.41679408E+05,4.90309204E-04,3.57962774E-05,-4.65217471E+06,-3.39519811E+05,-1.10748723E+00,-1.05928127E-01,-0.00000000E+00,-0.00000000E+00,2.82648329E-06,2.10601292E-07,-0.00000000E+00,-0.00000000E+00,2.82648110E-06,2.10601130E-07,-3.15684930E+04,-2.39956233E+03,-4.75244815E+00,-4.18324282E-01,3.15685074E+03,2.39956343E+02,3.04800000E+03,2.40000000E+02,1.04980870E+06,7.61132930E+01,6.91690878E+02
1.38000000E+01,1.00000000E-01,1.58575839E-03,1.04980870E+06,7.61132842E+01,6.92179721E+02,-0.00000000E+00,-0.00000000E+00,-4.69183472E-34,-3.75781639E-35,4.71475415E+06,3.41679506E+05,4.93888833E-04,3.57962874E-05,-4.68612670E+06,-3.39519909E+05,-1.11808006E+00,-1.05928306E-01,-0.00000000E+00,-0.00000000E+00,2.84754343E-06,2.10601313E-07,-0.00000000E+00,-0.00000000E+00,2.84754122E-06,2.10601151E-07,-3.18084493E+04,-2.39956233E+03,-4.79428059E+00,-4.18324562E-01,3.18084638E+03,2.39956343E+02,3.07200000E+03,2.40000000E+02,1.04980870E+06,7.61132842E+01,6.92179721E+02
1.39000000E+01,1.00000000E-01,1.58578823E-03,1.04980869E+06,7.61132753E+01,6.92653880E+02,-0.00000000E+00,-0.00000000E+00,-4.72941288E-34,-3.75781595E-35,4.74892211E+06,3.41679604E+05,4.97468463E-04,3.57962974E-05,-4.72007870E+06,-3.39520007E+05,-1.12867290E+00,-1.05928485E-01,-0.00000000E+00,-0.00000000E+00,2.86860356E-06,2.10601334E-07,-0.00000000E+00,-0.00000000E+00,2.86860134E-06,2.10601172E-07,-3.20484055E+04,-2.39956233E+03,-4.83611306E+00,-4.18324841E-01,3.20484201E+03,2.39956343E+02,3.09600000E+03,2.40000000E+02,1.04980869E+06,7.61132753E+01,6.92653880E+02
