"Time [h]","dt_tran [h]","Global Vaq [mol]","Global Vim [mol]","Bottom Vaq [mol]","Bottom Vaq [mol/h]","Top Vaq [mol]","Top Vaq [mol/h]"
1.11111111E-01,2.77777778E-02,4.38744238E-02,1.15216243E-03,4.52602597E-02,3.43162783E-01,-3.40012188E-12,-3.00344959E-11
2.22222222E-01,2.77777778E-02,7.74026659E-02,3.71319598E-03,8.18763609E-02,3.25037752E-01,-6.64237911E-12,-2.86419056E-11
3.33333333E-01,2.77777778E-02,1.08600092E-01,7.54671592E-03,1.17707693E-01,3.21510002E-01,-9.73259399E-12,-2.73249494E-11
4.44444444E-01,2.77777778E-02,1.38177427E-01,1.25501227E-02,1.53348393E-01,3.20462103E-01,-1.27092733E-11,-2.67806233E-11
5.55555556E-01,2.77777778E-02,1.66338426E-01,1.86552178E-02,1.88926686E-01,3.20094318E-01,-1.71769153E-11,-6.18528279E-11
6.66666667E-01,2.77777778E-02,1.93190828E-01,2.57996902E-02,2.24481489E-01,3.19947965E-01,-6.70595402E-11,-9.82926256E-10
7.77777778E-01,2.77777778E-02,2.18812480E-01,3.39251748E-02,2.60026224E-01,3.19881190E-01,-8.59694288E-10,-1.47396441E-08
8.88888889E-01,2.77777778E-02,2.43269241E-01,4.29765423E-02,2.95565902E-01,3.19844930E-01,-9.51591344E-09,-1.48909544E-07
1.00000000E+00,2.77777778E-02,2.66620714E-01,5.29015583E-02,3.31102496E-01,3.19820945E-01,-7.65699815E-08,-1.07339948E-06
1.11111111E+00,2.77777778E-02,2.88922199E-01,6.36506659E-02,3.66636820E-01,3.19802101E-01,-4.66205150E-07,-5.84344216E-06
1.22222222E+00,2.77777778E-02,3.10225001E-01,7.51768057E-02,4.02169221E-01,3.19785504E-01,-2.24277412E-06,-2.51195407E-05
1.33333333E+00,2.77777778E-02,3.30575374E-01,8.74352146E-02,4.37699857E-01,3.19769943E-01,-8.83120501E-06,-8.83378335E-05
1.44444444E+00,2.77777778E-02,3.50011685E-01,1.00383142E-01,4.73228803E-01,3.19754903E-01,-2.92906616E-05,-2.61508563E-04
1.55555556E+00,2.77777778E-02,3.68559516E-01,1.13979406E-01,5.08756100E-01,3.19740158E-01,-8.37825365E-05,-6.67163418E-04
1.66666667E+00,2.77777778E-02,3.86225280E-01,1.28183713E-01,5.44281772E-01,3.19725610E-01,-2.10780710E-04,-1.49587420E-03
1.77777778E+00,2.77777778E-02,4.02990209E-01,1.42955733E-01,5.79805839E-01,3.19711213E-01,-4.74203311E-04,-2.99682557E-03
1.88888889E+00,2.77777778E-02,4.18807479E-01,1.58254013E-01,6.15328315E-01,3.19696945E-01,-9.67597189E-04,-5.44089297E-03
2.00000000E+00,2.77777778E-02,4.33605035E-01,1.74034922E-01,6.50849215E-01,3.19682799E-01,-1.81259626E-03,-9.06188425E-03
2.11111111E+00,2.77777778E-02,4.47295096E-01,1.90251872E-01,6.86368550E-01,3.19668767E-01,-3.15035626E-03,-1.39933202E-02
2.22222222E+00,2.77777778E-02,4.59789040E-01,2.06855085E-01,7.21886335E-01,3.19654848E-01,-5.12697680E-03,-2.02223403E-02
2.33333333E+00,2.77777778E-02,4.71014428E-01,2.23791998E-01,7.57402580E-01,3.19641039E-01,-7.87600480E-03,-2.75766356E-02
2.44444444E+00,2.77777778E-02,4.80930114E-01,2.41008326E-01,7.92917299E-01,3.19627340E-01,-1.15020626E-02,-3.57481032E-02
2.55555556E+00,2.77777778E-02,4.89536104E-01,2.58449580E-01,8.28430503E-01,3.19613749E-01,-1.60691671E-02,-4.43444948E-02
2.66666667E+00,2.77777778E-02,4.96876436E-01,2.76062806E-01,8.63942205E-01,3.19600266E-01,-2.15957652E-02,-5.29529375E-02
2.77777778E+00,2.77777778E-02,5.03035281E-01,2.93798244E-01,8.99452415E-01,3.19586889E-01,-2.80566235E-02,-6.11986527E-02
2.88888889E+00,2.77777778E-02,5.08127957E-01,3.11610688E-01,9.34961147E-01,3.19573618E-01,-3.53901581E-02,-6.87870000E-02
3.00000000E+00,2.77777778E-02,5.12289280E-01,3.29460406E-01,9.70468412E-01,3.19560452E-01,-4.35089521E-02,-7.55239876E-02
3.11111111E+00,2.77777778E-02,5.15661645E-01,3.47313573E-01,1.00597422E+00,3.19547390E-01,-5.23111253E-02,-8.13167291E-02
3.22222222E+00,2.77777778E-02,5.18384657E-01,3.65142258E-01,1.04147859E+00,3.19534431E-01,-6.16906838E-02,-8.61592997E-02
3.33333333E+00,2.77777778E-02,5.20587352E-01,3.82924069E-01,1.07698152E+00,3.19521574E-01,-7.15456905E-02,-9.01106978E-02
3.44444444E+00,2.77777778E-02,5.22383335E-01,4.00641549E-01,1.11248303E+00,3.19508819E-01,-8.17838241E-02,-9.32710878E-02
3.55555556E+00,2.77777778E-02,5.23868552E-01,4.18281470E-01,1.14798313E+00,3.19496164E-01,-9.23254349E-02,-9.57604438E-02
3.66666667E+00,2.77777778E-02,5.25121159E-01,4.35834079E-01,1.18348183E+00,3.19483610E-01,-1.03104547E-01,-9.77019498E-02
3.77777778E+00,2.77777778E-02,5.26202831E-01,4.53292397E-01,1.21897914E+00,3.19471154E-01,-1.14068390E-01,-9.92107514E-02
3.88888889E+00,2.77777778E-02,5.27160866E-01,4.70651591E-01,1.25447508E+00,3.19458797E-01,-1.25176021E-01,-1.00387566E-01
4.00000000E+00,2.77777778E-02,5.28030627E-01,4.87908441E-01,1.28996965E+00,3.19446538E-01,-1.36396516E-01,-1.01316104E-01
4.11111111E+00,2.77777778E-02,5.28837951E-01,5.05060918E-01,1.32546286E+00,3.19434375E-01,-1.47707067E-01,-1.02063128E-01
4.22222222E+00,2.77777778E-02,5.29601318E-01,5.22107849E-01,1.36095473E+00,3.19422308E-01,-1.59091201E-01,-1.02680061E-01
4.33333333E+00,2.77777778E-02,5.30333702E-01,5.39048662E-01,1.39644527E+00,3.19410337E-01,-1.70537235E-01,-1.03205358E-01
4.44444444E+00,2.77777778E-02,5.31044050E-01,5.55883201E-01,1.43193448E+00,3.19398460E-01,-1.82037012E-01,-1.03667032E-01
4.55555556E+00,2.77777778E-02,5.31738439E-01,5.72611594E-01,1.46742238E+00,3.19386677E-01,-1.93584909E-01,-1.04085027E-01
4.66666667E+00,2.77777778E-02,5.32420935E-01,5.89234157E-01,1.50290897E+00,3.19374987E-01,-2.05177084E-01,-1.04473255E-01
4.77777778E+00,2.77777778E-02,5.33094226E-01,6.05751330E-01,1.53839428E+00,3.19363390E-01,-2.16810921E-01,-1.04841241E-01
4.88888889E+00,2.77777778E-02,5.33760071E-01,6.22163631E-01,1.57387830E+00,3.19351883E-01,-2.28484641E-01,-1.05195397E-01
5.00000000E+00,2.77777778E-02,5.34419607E-01,6.38471629E-01,1.60936105E+00,3.19340468E-01,-2.40197017E-01,-1.05539977E-01
5.11111111E+00,2.77777778E-02,5.35073570E-01,6.54675922E-01,1.64484253E+00,3.19329143E-01,-2.51947188E-01,-1.05877766E-01
5.22222222E+00,2.77777778E-02,5.35722431E-01,6.70777126E-01,1.68032277E+00,3.19317908E-01,-2.63734533E-01,-1.06210561E-01
5.33333333E+00,2.77777778E-02,5.36366496E-01,6.86775867E-01,1.71580176E+00,3.19306761E-01,-2.75558580E-01,-1.06539512E-01
5.44444444E+00,2.77777778E-02,5.37005962E-01,7.02672775E-01,1.75127952E+00,3.19295702E-01,-2.87418956E-01,-1.06865350E-01
5.55555556E+00,2.77777778E-02,5.37640964E-01,7.18468481E-01,1.78675606E+00,3.19284731E-01,-2.99315348E-01,-1.07188533E-01
5.66666667E+00,1.38888889E-02,4.94397238E-01,7.33013012E-01,1.77697114E+00,-2.38889384E-02,-3.11246929E-01,-1.07509382E-01
5.77777778E+00,2.77777778E-02,4.61528449E-01,7.46027651E-01,1.77583859E+00,-5.92487290E-03,-3.23214561E-01,-1.07828009E-01
5.88888889E+00,2.77777778E-02,4.30944917E-01,7.57691232E-01,1.77547339E+00,-2.29044342E-03,-3.35217452E-01,-1.08144563E-01
6.00000000E+00,2.77777778E-02,4.01982516E-01,7.68086049E-01,1.77530269E+00,-1.22985441E-03,-3.47255375E-01,-1.08459117E-01
6.11111111E+00,2.77777778E-02,3.74433570E-01,7.77281014E-01,1.77519442E+00,-8.66313322E-04,-3.59328114E-01,-1.08771720E-01
6.22222222E+00,2.77777778E-02,3.48189498E-01,7.85339080E-01,1.77510882E+00,-7.28418269E-04,-3.71435452E-01,-1.09082403E-01
6.33333333E+00,2.77777778E-02,3.23172236E-01,7.92319234E-01,1.77503226E+00,-6.71317171E-04,-3.83577178E-01,-1.09391178E-01
6.44444444E+00,2.77777778E-02,2.99315873E-01,7.98277217E-01,1.77495965E+00,-6.45090116E-04,-3.95753076E-01,-1.09697948E-01
6.55555556E+00,2.77777778E-02,2.76560805E-01,8.03265872E-01,1.77488900E+00,-6.31216919E-04,-4.07962884E-01,-1.10002034E-01
6.66666667E+00,2.77777778E-02,2.54851758E-01,8.07335359E-01,1.77481950E+00,-6.22465929E-04,-4.20206125E-01,-1.10300315E-01
6.77777778E+00,2.77777778E-02,2.34137467E-01,8.10533336E-01,1.77475081E+00,-6.15905581E-04,-4.32481505E-01,-1.10581971E-01
6.88888889E+00,2.77777778E-02,2.14371749E-01,8.12905165E-01,1.77468277E+00,-6.10313032E-04,-4.44785348E-01,-1.10817294E-01
7.00000000E+00,2.77777778E-02,1.95516344E-01,8.14494192E-01,1.77461531E+00,-6.05166559E-04,-4.57108305E-01,-1.10939958E-01
7.11111111E+00,2.77777778E-02,1.77545796E-01,8.15342196E-01,1.77454842E+00,-6.00239436E-04,-4.69429900E-01,-1.10827247E-01
7.22222222E+00,2.77777778E-02,1.60453816E-01,8.15490068E-01,1.77448206E+00,-5.95431576E-04,-4.81711345E-01,-1.10288737E-01
7.33333333E+00,2.77777778E-02,1.44259246E-01,8.14978732E-01,1.77441623E+00,-5.90698159E-04,-4.93888453E-01,-1.09075838E-01
7.44444444E+00,2.77777778E-02,1.29008895E-01,8.13850233E-01,1.77435092E+00,-5.86018814E-04,-5.05867504E-01,-1.06918626E-01
7.55555556E+00,2.77777778E-02,1.14774693E-01,8.12148789E-01,1.77428613E+00,-5.81384117E-04,-5.17526802E-01,-1.03584317E-01
7.66666667E+00,2.77777778E-02,1.01644210E-01,8.09921555E-01,1.77422185E+00,-5.76789591E-04,-5.28725228E-01,-9.89401448E-02
7.77777778E+00,2.77777778E-02,8.97058207E-02,8.07218872E-01,1.77415808E+00,-5.72233014E-04,-5.39316769E-01,-9.29991874E-02
7.88888889E+00,2.77777778E-02,7.90317537E-02,8.04093842E-01,1.77409481E+00,-5.67713225E-04,-5.49167944E-01,-8.59333832E-02
8.00000000E+00,2.77777778E-02,6.96630268E-02,8.00601281E-01,1.77403204E+00,-5.63229506E-04,-5.58174125E-01,-7.80500207E-02
8.11111111E+00,2.77777778E-02,6.15996053E-02,7.96796211E-01,1.77396977E+00,-5.58781349E-04,-5.66271184E-01,-6.97403479E-02
8.22222222E+00,2.77777778E-02,5.47975384E-02,7.92732111E-01,1.77390799E+00,-5.54368400E-04,-5.73440453E-01,-6.14163132E-02
8.33333333E+00,2.77777778E-02,4.91728236E-02,7.88459268E-01,1.77384670E+00,-5.49990340E-04,-5.79706862E-01,-5.34520388E-02
8.44444444E+00,2.77777778E-02,4.46103532E-02,7.84023415E-01,1.77378589E+00,-5.45646875E-04,-5.85131639E-01,-4.61418537E-02
8.55555556E+00,2.77777778E-02,4.09755232E-02,7.79464818E-01,1.77372556E+00,-5.41337722E-04,-5.89801835E-01,-3.96797574E-02
8.66666667E+00,2.77777778E-02,3.81261270E-02,7.74817841E-01,1.77366571E+00,-5.37062605E-04,-5.93818982E-01,-3.41588758E-02
8.77777778E+00,2.77777778E-02,3.59227076E-02,7.70110952E-01,1.77360633E+00,-5.32821254E-04,-5.97288762E-01,-2.95855059E-02
8.88888889E+00,2.77777778E-02,3.42363256E-02,7.65367087E-01,1.77354742E+00,-5.28613400E-04,-6.00312843E-01,-2.59010214E-02
9.00000000E+00,2.77777778E-02,3.29534358E-02,7.60604237E-01,1.77348898E+00,-5.24438779E-04,-6.02983317E-01,-2.30056077E-02
9.11111111E+00,2.77777778E-02,3.19781179E-02,7.55836169E-01,1.77343100E+00,-5.20297128E-04,-6.05379638E-01,-2.07795632E-02
9.22222222E+00,2.77777778E-02,3.12322162E-02,7.51073166E-01,1.77337347E+00,-5.16188187E-04,-6.07567610E-01,-1.90998903E-02
9.33333333E+00,2.77777778E-02,3.06540482E-02,7.46322734E-01,1.77331640E+00,-5.12111697E-04,-6.09599849E-01,-1.78515523E-02
9.44444444E+00,2.77777778E-02,3.01962983E-02,7.41590231E-01,1.77325978E+00,-5.08067401E-04,-6.11517148E-01,-1.69338806E-02
9.55555556E+00,2.77777778E-02,2.98235883E-02,7.36879391E-01,1.77320361E+00,-5.04055046E-04,-6.13350286E-01,-1.62631701E-02
9.66666667E+00,2.77777778E-02,2.95100719E-02,7.32192758E-01,1.77314788E+00,-5.00074379E-04,-6.15121922E-01,-1.57726442E-02
9.77777778E+00,2.77777778E-02,2.92372602E-02,7.27532014E-01,1.77309259E+00,-4.96125149E-04,-6.16848382E-01,-1.54108479E-02
9.88888889E+00,2.77777778E-02,2.89921799E-02,7.22898236E-01,1.77303774E+00,-4.92207110E-04,-6.18541194E-01,-1.51392977E-02
1.00000000E+01,2.77777778E-02,2.87658871E-02,7.18292080E-01,1.77298332E+00,-4.88320013E-04,-6.20208358E-01,-1.49299512E-02
1.01111111E+01,2.77777778E-02,2.85523148E-02,7.13713915E-01,1.77292933E+00,-4.84463616E-04,-6.21855339E-01,-1.47628410E-02
1.02222222E+01,2.77777778E-02,2.83474083E-02,7.09163919E-01,1.77287576E+00,-4.80637675E-04,-6.23485817E-01,-1.46240394E-02
1.03333333E+01,2.77777778E-02,2.81484943E-02,7.04642142E-01,1.77282262E+00,-4.76841949E-04,-6.25102244E-01,-1.45040109E-02
1.04444444E+01,2.77777778E-02,2.79538321E-02,7.00148552E-01,1.77276990E+00,-4.73076201E-04,-6.26706237E-01,-1.43963362E-02
1.05555556E+01,2.77777778E-02,2.77623005E-02,6.95683064E-01,1.77271760E+00,-4.69340194E-04,-6.28298859E-01,-1.42967598E-02
1.06666667E+01,2.77777778E-02,2.75731846E-02,6.91245562E-01,1.77266571E+00,-4.65633692E-04,-6.29880805E-01,-1.42024997E-02
1.07777778E+01,2.77777778E-02,2.73860320E-02,6.86835906E-01,1.77261423E+00,-4.61956462E-04,-6.31452534E-01,-1.41117608E-02
1.08888889E+01,2.77777778E-02,2.72005580E-02,6.82453945E-01,1.77256315E+00,-4.58308274E-04,-6.33014354E-01,-1.40233979E-02
1.10000000E+01,2.77777778E-02,2.70165840E-02,6.78099520E-01,1.77251248E+00,-4.54688898E-04,-6.34566476E-01,-1.39366886E-02
1.11111111E+01,2.77777778E-02,2.68339976E-02,6.73772471E-01,1.77246221E+00,-4.51098106E-04,-6.36109050E-01,-1.38511809E-02
1.12222222E+01,2.77777778E-02,2.66527276E-02,6.69472631E-01,1.77241233E+00,-4.47535673E-04,-6.37642189E-01,-1.37665948E-02
1.13333333E+01,2.77777778E-02,2.64727277E-02,6.65199835E-01,1.77236285E+00,-4.44001374E-04,-6.39165983E-01,-1.36827579E-02
1.14444444E+01,2.77777778E-02,2.62939671E-02,6.60953919E-01,1.77231376E+00,-4.40494988E-04,-6.40680506E-01,-1.35995642E-02
1.15555556E+01,2.77777778E-02,2.61164245E-02,6.56734716E-01,1.77226506E+00,-4.37016294E-04,-6.42185827E-01,-1.35169489E-02
1.16666667E+01,2.77777778E-02,2.59400838E-02,6.52542063E-01,1.77221674E+00,-4.33565073E-04,-6.43682006E-01,-1.34348722E-02
1.17777778E+01,2.77777778E-02,2.57649325E-02,6.48375795E-01,1.77216881E+00,-4.30141109E-04,-6.45169101E-01,-1.33533094E-02
1.18888889E+01,2.77777778E-02,2.55909600E-02,6.44235749E-01,1.77212125E+00,-4.26744186E-04,-6.46647168E-01,-1.32722447E-02
1.20000000E+01,2.77777778E-02,2.54181569E-02,6.40121763E-01,1.77207407E+00,-4.23374090E-04,-6.48116262E-01,-1.31916678E-02
1.21111111E+01,2.77777778E-02,2.52465144E-02,6.36033677E-01,1.77202726E+00,-4.20030610E-04,-6.49576437E-01,-1.31115716E-02
1.22222222E+01,2.77777778E-02,2.50760245E-02,6.31971330E-01,1.77198082E+00,-4.16713535E-04,-6.51027745E-01,-1.30319509E-02
1.23333333E+01,2.77777778E-02,2.49066790E-02,6.27934562E-01,1.77193475E+00,-4.13422657E-04,-6.52470239E-01,-1.29528014E-02
1.24444444E+01,2.77777778E-02,2.47384703E-02,6.23923216E-01,1.77188904E+00,-4.10157769E-04,-6.53903971E-01,-1.28741197E-02
1.25555556E+01,2.77777778E-02,2.45713906E-02,6.19937135E-01,1.77184369E+00,-4.06918666E-04,-6.55328993E-01,-1.27959027E-02
1.26666667E+01,2.77777778E-02,2.44054323E-02,6.15976161E-01,1.77179870E+00,-4.03705143E-04,-6.56745356E-01,-1.27181474E-02
1.27777778E+01,2.77777778E-02,2.42405880E-02,6.12040140E-01,1.77175407E+00,-4.00517000E-04,-6.58153112E-01,-1.26408511E-02
1.28888889E+01,2.77777778E-02,2.40768502E-02,6.08128917E-01,1.77170978E+00,-3.97354035E-04,-6.59552311E-01,-1.25640111E-02
1.30000000E+01,2.77777778E-02,2.39142115E-02,6.04242338E-01,1.77166585E+00,-3.94216050E-04,-6.60943004E-01,-1.24876248E-02
1.31111111E+01,2.77777778E-02,2.37526647E-02,6.00380251E-01,1.77162227E+00,-3.91102848E-04,-6.62325240E-01,-1.24116895E-02
1.32222222E+01,2.77777778E-02,2.35922023E-02,5.96542504E-01,1.77157903E+00,-3.88014232E-04,-6.63699071E-01,-1.23362028E-02
1.33333333E+01,2.77777778E-02,2.34328173E-02,5.92728947E-01,1.77153613E+00,-3.84950008E-04,-6.65064545E-01,-1.22611619E-02
1.34444444E+01,2.77777778E-02,2.32745023E-02,5.88939429E-01,1.77149356E+00,-3.81909985E-04,-6.66421712E-01,-1.21865646E-02
1.35555556E+01,2.77777778E-02,2.31172504E-02,5.85173802E-01,1.77145134E+00,-3.78893970E-04,-6.67770621E-01,-1.21124081E-02
1.36666667E+01,2.77777778E-02,2.29610543E-02,5.81431917E-01,1.77140945E+00,-3.75901774E-04,-6.69111321E-01,-1.20386900E-02
1.37777778E+01,2.77777778E-02,2.28059070E-02,5.77713628E-01,1.77136789E+00,-3.72933209E-04,-6.70443861E-01,-1.19654078E-02
1.38888889E+01,2.77777778E-02,2.26518016E-02,5.74018787E-01,1.77132666E+00,-3.69988089E-04,-6.71768288E-01,-1.18925590E-02
1.40000000E+01,2.77777778E-02,2.24987311E-02,5.70347251E-01,1.77128575E+00,-3.67066227E-04,-6.73084651E-01,-1.18201412E-02
1.41111111E+01,2.77777778E-02,2.23466886E-02,5.66698874E-01,1.77124517E+00,-3.64167442E-04,-6.74392997E-01,-1.17481520E-02
1.42222222E+01,2.77777778E-02,2.21956673E-02,5.63073513E-01,1.77120490E+00,-3.61291549E-04,-6.75693373E-01,-1.16765888E-02
1.43333333E+01,2.77777778E-02,2.20456603E-02,5.59471024E-01,1.77116496E+00,-3.58438369E-04,-6.76985828E-01,-1.16054492E-02
1.44444444E+01,2.77777778E-02,2.18966609E-02,5.55891267E-01,1.77112533E+00,-3.55607722E-04,-6.78270408E-01,-1.15347310E-02
1.45555556E+01,2.77777778E-02,2.17486623E-02,5.52334100E-01,1.77108601E+00,-3.52799430E-04,-6.79547159E-01,-1.14644315E-02
1.46666667E+01,2.77777778E-02,2.16016579E-02,5.48799383E-01,1.77104700E+00,-3.50013317E-04,-6.80816128E-01,-1.13945486E-02
1.47777778E+01,2.77777778E-02,2.14556410E-02,5.45286976E-01,1.77100831E+00,-3.47249207E-04,-6.82077362E-01,-1.13250797E-02
1.48888889E+01,2.77777778E-02,2.13106051E-02,5.41796742E-01,1.77096991E+00,-3.44506926E-04,-6.83330905E-01,-1.12560226E-02
1.50000000E+01,2.77777778E-02,2.11665436E-02,5.38328542E-01,1.77093182E+00,-3.41786303E-04,-6.84576803E-01,-1.11873748E-02
1.51111111E+01,2.77777778E-02,2.10234500E-02,5.34882240E-01,1.77089404E+00,-3.39087166E-04,-6.85815102E-01,-1.11191342E-02
1.52222222E+01,2.77777778E-02,2.08813179E-02,5.31457700E-01,1.77085655E+00,-3.36409345E-04,-6.87045847E-01,-1.10512982E-02
1.53333333E+01,2.77777778E-02,2.07401408E-02,5.28054786E-01,1.77081935E+00,-3.33752672E-04,-6.88269083E-01,-1.09838647E-02
1.54444444E+01,2.77777778E-02,2.05999124E-02,5.24673365E-01,1.77078245E+00,-3.31116981E-04,-6.89484854E-01,-1.09168314E-02
1.55555556E+01,2.77777778E-02,2.04606263E-02,5.21313303E-01,1.77074584E+00,-3.28502105E-04,-6.90693204E-01,-1.08501958E-02
1.56666667E+01,2.77777778E-02,2.03222763E-02,5.17974467E-01,1.77070952E+00,-3.25907880E-04,-6.91894178E-01,-1.07839559E-02
1.57777778E+01,2.77777778E-02,2.01848560E-02,5.14656725E-01,1.77067349E+00,-3.23334142E-04,-6.93087819E-01,-1.07181093E-02
1.58888889E+01,2.77777778E-02,2.00483594E-02,5.11359947E-01,1.77063774E+00,-3.20780731E-04,-6.94274171E-01,-1.06526537E-02
1.60000000E+01,2.77777778E-02,1.99127801E-02,5.08084002E-01,1.77060227E+00,-3.18247485E-04,-6.95453278E-01,-1.05875870E-02
1.61111111E+01,2.77777778E-02,1.97781122E-02,5.04828760E-01,1.77056709E+00,-3.15734246E-04,-6.96625181E-01,-1.05229069E-02
1.62222222E+01,2.77777778E-02,1.96443495E-02,5.01594094E-01,1.77053218E+00,-3.13240854E-04,-6.97789925E-01,-1.04586112E-02
1.63333333E+01,2.77777778E-02,1.95114860E-02,4.98379874E-01,1.77049755E+00,-3.10767155E-04,-6.98947551E-01,-1.03946977E-02
1.64444444E+01,2.77777778E-02,1.93795157E-02,4.95185975E-01,1.77046319E+00,-3.08312991E-04,-7.00098102E-01,-1.03311643E-02
1.65555556E+01,2.77777778E-02,1.92484326E-02,4.92012268E-01,1.77042910E+00,-3.05878209E-04,-7.01241620E-01,-1.02680086E-02
1.66666667E+01,2.77777778E-02,1.91182307E-02,4.88858630E-01,1.77039528E+00,-3.03462655E-04,-7.02378147E-01,-1.02052287E-02
