Time [d],dt_flow [d],dt_tran [d],Global Water Mass in Liquid Phas [kg],Global Vaq [mol],Global Vim [mol],Top Water Mass [kg],Top Water Mass [kg/d],Top Vaq [mol],Top Vaq [mol/d],Right Water Mass [kg],Right Water Mass [kg/d],Right Vaq [mol],Right Vaq [mol/d],Left Water Mass [kg],Left Water Mass [kg/d],Left Vaq [mol],Left Vaq [mol/d],North Water Mass [kg],North Water Mass [kg/d],North Vaq [mol],North Vaq [mol/d],South Water Mass [kg],South Water Mass [kg/d],South Vaq [mol],South Vaq [mol/d],ExtractWell Water Mass [kg],ExtractWell Water Mass [kg/d],ExtractWell Vaq [mol],ExtractWell Vaq [mol/d],InjectWell Water Mass [kg],InjectWell Water Mass [kg/d],InjectWell Vaq [mol],InjectWell Vaq [mol/d],Region Region__all Water Mass [kg],Region Region__all Total Mass [kg]
1.00000000E+00,4.89000000E-01,1.05000000E-01,1.39977841E+08,1.04491058E-02,2.97108677E-05,-0.00000000E+00,-0.00000000E+00,2.69727553E-40,4.38281802E-40,3.64953140E+06,3.64972032E+06,3.65010556E-04,3.65029452E-04,-3.64880465E+06,-3.64861725E+06,-3.07352949E-04,-2.71052113E-04,-0.00000000E+00,-0.00000000E+00,2.68052298E-40,4.35559734E-40,-0.00000000E+00,-0.00000000E+00,2.68052298E-40,4.35559734E-40,-8.08069680E+02,-1.22620589E+03,-6.49188807E-08,-9.11064776E-08,8.08069707E+01,1.22620593E+02,8.08197600E-09,1.22640000E-08,7.76992502E+06,1.63109144E+09
2.00000000E+00,4.88000000E-01,4.00000000E-02,1.39977841E+08,2.02405009E+02,2.19851824E-05,-0.00000000E+00,-0.00000000E+00,-1.43245990E-35,-2.49808331E-35,7.29978098E+06,3.65025064E+06,7.30092942E-04,3.65082492E-04,-7.29689507E+06,-3.64809147E+06,-5.38085350E-04,-2.00541808E-04,-0.00000000E+00,-0.00000000E+00,8.86686078E-40,7.54645877E-40,-0.00000000E+00,-0.00000000E+00,8.86686078E-40,7.54645877E-40,-3.20768980E+03,-2.39962012E+03,-2.15441062E+00,-4.23551868E+00,3.20768991E+02,2.39962020E+02,2.40000000E+02,2.40000000E+02,7.76992499E+06,1.63109164E+09
3.00000000E+00,1.00000000E+00,4.00000000E-02,1.39977840E+08,3.48858022E+02,1.62759057E-05,-0.00000000E+00,-0.00000000E+00,-4.97530507E-35,-4.30573193E-35,1.09500358E+07,3.65025479E+06,1.09517585E-03,3.65082908E-04,-1.09449907E+07,-3.64809561E+06,-7.08596766E-04,-1.48464128E-04,-0.00000000E+00,-0.00000000E+00,1.77421716E-39,9.84213085E-40,-0.00000000E+00,-0.00000000E+00,1.77421716E-39,9.84213085E-40,-5.60730992E+03,-2.39962011E+03,-8.02961200E+00,-6.81093291E+00,5.60731010E+02,2.39962019E+02,4.80000000E+02,2.40000000E+02,7.76992497E+06,1.63109179E+09
4.00000000E+00,1.00000000E+00,1.04000000E-01,1.39977840E+08,4.56008096E+02,1.20520455E-05,-0.00000000E+00,-0.00000000E+00,-1.00477393E-34,-5.62826998E-35,1.46002946E+07,3.65025884E+06,1.46025916E-03,3.65083313E-04,-1.45930903E+07,-3.64809964E+06,-8.34762550E-04,-1.09997627E-04,-0.00000000E+00,-0.00000000E+00,2.85451346E-39,1.14946029E-39,-0.00000000E+00,-0.00000000E+00,2.85451346E-39,1.14946029E-39,-8.00693002E+03,-2.39962010E+03,-1.53581177E+01,-7.59594684E+00,8.00693029E+02,2.39962018E+02,7.20000000E+02,2.40000000E+02,7.76992494E+06,1.63109190E+09
5.00000000E+00,1.00000000E+00,2.32000000E-01,1.39977839E+08,5.33950140E+02,8.96663307E-06,-0.00000000E+00,-0.00000000E+00,-1.62841630E-34,-6.59029750E-35,1.82505574E+07,3.65026278E+06,1.82534287E-03,3.65083708E-04,-1.82411939E+07,-3.64810357E+06,-9.28639756E-04,-8.61869245E-05,-0.00000000E+00,-0.00000000E+00,4.07832366E-39,1.26670186E-39,-0.00000000E+00,-0.00000000E+00,4.07832366E-39,1.26670186E-39,-1.04065501E+04,-2.39962009E+03,-2.30917678E+01,-7.78979684E+00,1.04065505E+03,2.39962017E+02,9.60000000E+02,2.40000000E+02,7.76992492E+06,1.63109198E+09
6.00000000E+00,1.00000000E+00,2.32000000E-01,1.39977839E+08,5.91863772E+02,6.67110898E-06,-0.00000000E+00,-0.00000000E+00,-2.33262660E-34,-7.30511718E-35,2.19008240E+07,3.65026661E+06,2.19042696E-03,3.65084093E-04,-2.18893013E+07,-3.64810739E+06,-1.02991961E-03,-1.29381480E-04,-0.00000000E+00,-0.00000000E+00,5.39881796E-39,1.35151839E-39,-0.00000000E+00,-0.00000000E+00,5.39881796E-39,1.35151839E-39,-1.28061702E+04,-2.39962009E+03,-3.09172863E+01,-7.83984144E+00,1.28061706E+03,2.39962017E+02,1.20000000E+03,2.40000000E+02,7.76992489E+06,1.63109203E+09
7.00000000E+00,1.00000000E+00,2.32000000E-01,1.39977838E+08,6.34932037E+02,4.96325596E-06,-0.00000000E+00,-0.00000000E+00,-3.09673556E-34,-7.83670262E-35,2.55510943E+07,3.65027034E+06,2.55551143E-03,3.65084466E-04,-2.55374124E+07,-3.64811111E+06,-1.36643075E-03,-5.65240584E-04,-0.00000000E+00,-0.00000000E+00,6.78922418E-39,1.41282798E-39,-0.00000000E+00,-0.00000000E+00,6.78922417E-39,1.41282798E-39,-1.52057903E+04,-2.39962008E+03,-3.87660117E+01,-7.85224729E+00,1.52057908E+03,2.39962016E+02,1.44000000E+03,2.40000000E+02,7.76992487E+06,1.63109208E+09
8.00000000E+00,1.00000000E+00,2.32000000E-01,1.39977838E+08,6.66968848E+02,3.69262589E-06,-0.00000000E+00,-0.00000000E+00,-3.90539720E-34,-8.23212842E-35,2.92013683E+07,3.65027397E+06,2.92059626E-03,3.65084829E-04,-2.91855271E+07,-3.64811472E+06,-2.92942012E-03,-2.52719093E-03,-0.00000000E+00,-0.00000000E+00,8.23014120E-39,1.45710768E-39,-0.00000000E+00,-0.00000000E+00,8.23014120E-39,1.45710768E-39,-1.76054103E+04,-2.39962007E+03,-4.66204041E+01,-7.85523531E+00,1.76054109E+03,2.39962015E+02,1.68000000E+03,2.40000000E+02,7.76992484E+06,1.63109211E+09
9.00000000E+00,1.00000000E+00,2.32000000E-01,1.39977837E+08,6.90799279E+02,2.74728650E-06,-0.00000000E+00,-0.00000000E+00,-4.74720012E-34,-8.52626402E-35,3.28516458E+07,3.65027748E+06,3.28568144E-03,3.65085182E-04,-3.28336454E+07,-3.64811823E+06,-8.71268873E-03,-8.65736759E-03,-0.00000000E+00,-0.00000000E+00,9.70751958E-39,1.48905882E-39,-0.00000000E+00,-0.00000000E+00,9.70751958E-39,1.48905882E-39,-2.00050304E+04,-2.39962006E+03,-5.44761448E+01,-7.85593763E+00,2.00050311E+03,2.39962014E+02,1.92000000E+03,2.40000000E+02,7.76992482E+06,1.63109213E+09
1.00000000E+01,1.00000000E+00,2.32000000E-01,1.39977837E+08,7.08519323E+02,2.04396096E-06,-0.00000000E+00,-0.00000000E+00,-5.61365089E-34,-8.74497999E-35,3.65019267E+07,3.65028089E+06,3.65076697E-03,3.65085523E-04,-3.64817670E+07,-3.64812162E+06,-2.54584014E-02,-2.33972349E-02,-0.00000000E+00,-0.00000000E+00,1.12111929E-38,1.51209172E-39,-0.00000000E+00,-0.00000000E+00,1.12111929E-38,1.51209172E-39,-2.24046505E+04,-2.39962006E+03,-6.23321980E+01,-7.85609736E+00,2.24046512E+03,2.39962014E+02,2.16000000E+03,2.40000000E+02,7.76992480E+06,1.63109215E+09
1.10000000E+01,1.00000000E+00,2.32000000E-01,1.39977837E+08,7.21683363E+02,1.52069194E-06,-0.00000000E+00,-0.00000000E+00,-6.49842063E-34,-8.90746186E-35,4.01522109E+07,3.65028419E+06,4.01585282E-03,3.65085854E-04,-4.01298919E+07,-3.64812491E+06,-6.51113839E-02,-5.22718774E-02,-0.00000000E+00,-0.00000000E+00,1.27338105E-38,1.52867857E-39,-0.00000000E+00,-0.00000000E+00,1.27338105E-38,1.52867857E-39,-2.48042705E+04,-2.39962005E+03,-7.01883198E+01,-7.85613050E+00,2.48042713E+03,2.39962013E+02,2.40000000E+03,2.40000000E+02,7.76992478E+06,1.63109216E+09
1.20000000E+01,1.00000000E+00,2.32000000E-01,1.39977836E+08,7.31443270E+02,1.13138362E-06,-0.00000000E+00,-0.00000000E+00,-7.39678492E-34,-9.02792699E-35,4.38024983E+07,3.65028739E+06,4.38093899E-03,3.65086174E-04,-4.37780200E+07,-3.64812809E+06,-1.44915064E-01,-1.00172758E-01,-0.00000000E+00,-0.00000000E+00,1.42700618E-38,1.54061029E-39,-0.00000000E+00,-0.00000000E+00,1.42700618E-38,1.54061029E-39,-2.72038906E+04,-2.39962004E+03,-7.80444537E+01,-7.85613456E+00,2.72038915E+03,2.39962012E+02,2.64000000E+03,2.40000000E+02,7.76992476E+06,1.63109217E+09
1.30000000E+01,1.00000000E+00,2.32000000E-01,1.39977836E+08,7.38653157E+02,8.41741102E-07,-0.00000000E+00,-0.00000000E+00,-8.30520853E-34,-9.11691759E-35,4.74527887E+07,3.65029048E+06,4.74602548E-03,3.65086484E-04,-4.74261512E+07,-3.64813117E+06,-2.85559244E-01,-1.69391067E-01,-0.00000000E+00,-0.00000000E+00,1.58161140E-38,1.54918326E-39,-0.00000000E+00,-0.00000000E+00,1.58161140E-38,1.54918326E-39,-2.96035106E+04,-2.39962004E+03,-8.59005870E+01,-7.85613211E+00,2.96035116E+03,2.39962012E+02,2.88000000E+03,2.40000000E+02,7.76992474E+06,1.63109218E+09
1.40000000E+01,1.00000000E+00,2.32000000E-01,1.39977836E+08,7.43948534E+02,6.26249193E-07,-0.00000000E+00,-0.00000000E+00,-9.22103958E-34,-9.18227768E-35,5.11030822E+07,3.65029346E+06,5.11111226E-03,3.65086784E-04,-5.10742853E+07,-3.64813415E+06,-5.07747610E-01,-2.58400728E-01,-0.00000000E+00,-0.00000000E+00,1.73692030E-38,1.55533520E-39,-0.00000000E+00,-0.00000000E+00,1.73692030E-38,1.55533520E-39,-3.20031306E+04,-2.39962003E+03,-9.37567168E+01,-7.85612828E+00,3.20031317E+03,2.39962011E+02,3.12000000E+03,2.40000000E+02,7.76992472E+06,1.63109219E+09
1.50000000E+01,1.00000000E+00,2.32000000E-01,1.39977835E+08,7.47805509E+02,4.65924797E-07,-0.00000000E+00,-0.00000000E+00,-1.01422859E-33,-9.22988377E-35,5.47533786E+07,3.65029636E+06,5.47619933E-03,3.65087073E-04,-5.47224223E+07,-3.64813703E+06,-8.28339858E-01,-3.61971149E-01,-0.00000000E+00,-0.00000000E+00,1.89273376E-38,1.55974386E-39,-0.00000000E+00,-0.00000000E+00,1.89273376E-38,1.55974386E-39,-3.44027507E+04,-2.39962003E+03,-1.01612843E+02,-7.85612426E+00,3.44027518E+03,2.39962011E+02,3.36000000E+03,2.40000000E+02,7.76992470E+06,1.63109219E+09
1.60000000E+01,1.00000000E+00,2.32000000E-01,1.39977835E+08,7.50584061E+02,3.46644625E-07,-0.00000000E+00,-0.00000000E+00,-1.10674521E-33,-9.26417904E-35,5.84036777E+07,3.65029916E+06,5.84128669E-03,3.65087354E-04,-5.83705622E+07,-3.64813982E+06,-1.25737216E+00,-4.72478311E-01,-0.00000000E+00,-0.00000000E+00,2.04890850E-38,1.56289860E-39,-0.00000000E+00,-0.00000000E+00,2.04890850E-38,1.56289860E-39,-3.68023707E+04,-2.39962002E+03,-1.09468964E+02,-7.85612029E+00,3.68023719E+03,2.39962010E+02,3.60000000E+03,2.40000000E+02,7.76992468E+06,1.63109219E+09
1.70000000E+01,1.00000000E+00,2.32000000E-01,1.39977835E+08,7.52558805E+02,2.57901053E-07,-0.00000000E+00,-0.00000000E+00,-1.19954206E-33,-9.28855302E-35,6.20539796E+07,3.65030187E+06,6.20637431E-03,3.65087627E-04,-6.20187047E+07,-3.64814253E+06,-1.79678607E+00,-5.81769655E-01,-0.00000000E+00,-0.00000000E+00,2.20534154E-38,1.56515252E-39,-0.00000000E+00,-0.00000000E+00,2.20534154E-38,1.56515252E-39,-3.92019907E+04,-2.39962002E+03,-1.17325082E+02,-7.85611643E+00,3.92019920E+03,2.39962010E+02,3.84000000E+03,2.40000000E+02,7.76992467E+06,1.63109219E+09
1.80000000E+01,1.00000000E+00,2.32000000E-01,1.39977834E+08,7.53940362E+02,1.91876488E-07,-0.00000000E+00,-0.00000000E+00,-1.29253630E-33,-9.30560538E-35,6.57042841E+07,3.65030451E+06,6.57146221E-03,3.65087891E-04,-6.56668498E+07,-3.64814516E+06,-2.44096587E+00,-6.82853072E-01,-0.00000000E+00,-0.00000000E+00,2.36195893E-38,1.56676008E-39,-0.00000000E+00,-0.00000000E+00,2.36195893E-38,1.56676008E-39,-4.16016107E+04,-2.39962001E+03,-1.25181197E+02,-7.85611267E+00,4.16016121E+03,2.39962009E+02,4.08000000E+03,2.40000000E+02,7.76992465E+06,1.63109220E+09
1.90000000E+01,1.00000000E+00,2.32000000E-01,1.39977834E+08,7.54890166E+02,1.42754697E-07,-0.00000000E+00,-0.00000000E+00,-1.38566725E-33,-9.31732868E-35,6.93545912E+07,3.65030708E+06,6.93655035E-03,3.65088149E-04,-6.93149976E+07,-3.64814772E+06,-3.17859192E+00,-7.70935917E-01,-0.00000000E+00,-0.00000000E+00,2.51870767E-38,1.56790451E-39,-0.00000000E+00,-0.00000000E+00,2.51870767E-38,1.56790451E-39,-4.40012307E+04,-2.39962001E+03,-1.33037307E+02,-7.85610902E+00,4.40012322E+03,2.39962009E+02,4.32000000E+03,2.40000000E+02,7.76992463E+06,1.63109220E+09
2.00000000E+01,1.00000000E+00,2.32000000E-01,1.39977834E+08,7.55531027E+02,1.06208446E-07,-0.00000000E+00,-0.00000000E+00,-1.47889120E-33,-9.32523874E-35,7.30049008E+07,3.65030959E+06,7.30163876E-03,3.65088400E-04,-7.29631478E+07,-3.64815022E+06,-3.99506550E+00,-8.43702985E-01,-0.00000000E+00,-0.00000000E+00,2.67554981E-38,1.56871757E-39,-0.00000000E+00,-0.00000000E+00,2.67554981E-38,1.56871757E-39,-4.64008507E+04,-2.39962000E+03,-1.40893414E+02,-7.85610545E+00,4.64008523E+03,2.39962009E+02,4.56000000E+03,2.40000000E+02,7.76992462E+06,1.63109220E+09
2.10000000E+01,1.00000000E+00,2.32000000E-01,1.39977833E+08,7.55955075E+02,7.90183029E-08,-0.00000000E+00,-0.00000000E+00,-1.57217718E-33,-9.33047270E-35,7.66552128E+07,3.65031205E+06,7.66672740E-03,3.65088647E-04,-7.66113005E+07,-3.64815267E+06,-4.87482905E+00,-9.00998825E-01,-0.00000000E+00,-0.00000000E+00,2.83245821E-38,1.56929392E-39,-0.00000000E+00,-0.00000000E+00,2.83245821E-38,1.56929392E-39,-4.88004707E+04,-2.39962000E+03,-1.48749517E+02,-7.85610197E+00,4.88004724E+03,2.39962008E+02,4.80000000E+03,2.40000000E+02,7.76992460E+06,1.63109220E+09
2.20000000E+01,1.00000000E+00,2.32000000E-01,1.39977833E+08,7.56230132E+02,5.87890366E-08,-0.00000000E+00,-0.00000000E+00,-1.66550376E-33,-9.33386769E-35,8.03055273E+07,3.65031446E+06,8.03181629E-03,3.65088889E-04,-8.02594555E+07,-3.64815508E+06,-5.80315418E+00,-9.44194782E-01,-0.00000000E+00,-0.00000000E+00,2.98941353E-38,1.56970147E-39,-0.00000000E+00,-0.00000000E+00,2.98941353E-38,1.56970147E-39,-5.12000907E+04,-2.39962000E+03,-1.56605617E+02,-7.85609856E+00,5.12000924E+03,2.39962008E+02,5.04000000E+03,2.40000000E+02,7.76992459E+06,1.63109220E+09
2.30000000E+01,1.00000000E+00,2.32000000E-01,1.39977833E+08,7.56405022E+02,4.37386112E-08,-0.00000000E+00,-0.00000000E+00,-1.75885636E-33,-9.33602633E-35,8.39558441E+07,3.65031683E+06,8.39690542E-03,3.65089127E-04,-8.39076130E+07,-3.64815745E+06,-6.76724519E+00,-9.75499938E-01,-0.00000000E+00,-0.00000000E+00,3.14640196E-38,1.56998889E-39,-0.00000000E+00,-0.00000000E+00,3.14640196E-38,1.56998889E-39,-5.35997107E+04,-2.39961999E+03,-1.64461714E+02,-7.85609521E+00,5.35997125E+03,2.39962007E+02,5.28000000E+03,2.40000000E+02,7.76992457E+06,1.63109220E+09
2.40000000E+01,1.00000000E+00,2.32000000E-01,1.39977833E+08,7.56514048E+02,3.25412053E-08,-0.00000000E+00,-0.00000000E+00,-1.85222532E-33,-9.33737203E-35,8.76061633E+07,3.65031918E+06,8.76199478E-03,3.65089362E-04,-8.75557728E+07,-3.64815979E+06,-7.75671306E+00,-9.97384752E-01,-0.00000000E+00,-0.00000000E+00,3.30341372E-38,1.57019098E-39,-0.00000000E+00,-0.00000000E+00,3.30341372E-38,1.57019098E-39,-5.59993307E+04,-2.39961999E+03,-1.72317807E+02,-7.85609191E+00,5.59993326E+03,2.39962007E+02,5.52000000E+03,2.40000000E+02,7.76992456E+06,1.63109220E+09
2.50000000E+01,1.00000000E+00,2.32000000E-01,1.39977832E+08,7.56580713E+02,2.42104176E-08,-0.00000000E+00,-0.00000000E+00,-1.94560438E-33,-9.33819486E-35,9.12564848E+07,3.65032149E+06,9.12708437E-03,3.65089594E-04,-9.12039349E+07,-3.64816210E+06,-8.76358215E+00,-1.01218752E+00,-0.00000000E+00,-0.00000000E+00,3.46044183E-38,1.57033260E-39,-0.00000000E+00,-0.00000000E+00,3.46044183E-38,1.57033260E-39,-5.83989507E+04,-2.39961998E+03,-1.80173897E+02,-7.85608864E+00,5.83989526E+03,2.39962006E+02,5.76000000E+03,2.40000000E+02,7.76992454E+06,1.63109220E+09
2.60000000E+01,1.00000000E+00,2.32000000E-01,1.39977832E+08,7.56620715E+02,1.80123727E-08,-0.00000000E+00,-0.00000000E+00,-2.03898953E-33,-9.33868860E-35,9.49068086E+07,3.65032379E+06,9.49217420E-03,3.65089825E-04,-9.48520993E+07,-3.64816440E+06,-9.78201541E+00,-1.02190121E+00,-0.00000000E+00,-0.00000000E+00,3.61748139E-38,1.57043148E-39,-0.00000000E+00,-0.00000000E+00,3.61748139E-38,1.57043148E-39,-6.07985706E+04,-2.39961998E+03,-1.88029983E+02,-7.85608541E+00,6.07985727E+03,2.39962006E+02,6.00000000E+03,2.40000000E+02,7.76992453E+06,1.63109220E+09
2.70000000E+01,1.00000000E+00,2.32000000E-01,1.39977832E+08,7.56644286E+02,1.34010729E-08,-0.00000000E+00,-0.00000000E+00,-2.13237831E-33,-9.33897953E-35,9.85571346E+07,3.65032607E+06,9.85726425E-03,3.65090054E-04,-9.85002659E+07,-3.64816668E+06,-1.08079153E+01,-1.02809999E+00,-0.00000000E+00,-0.00000000E+00,3.77452892E-38,1.57050024E-39,-0.00000000E+00,-0.00000000E+00,3.77452892E-38,1.57050024E-39,-6.31981906E+04,-2.39961997E+03,-1.95886067E+02,-7.85608221E+00,6.31981928E+03,2.39962005E+02,6.24000000E+03,2.40000000E+02,7.76992451E+06,1.63109220E+09
2.80000000E+01,1.00000000E+00,2.32000000E-01,1.39977832E+08,7.56657933E+02,9.97029978E-09,-0.00000000E+00,-0.00000000E+00,-2.22576921E-33,-9.33914798E-35,1.02207463E+08,3.65032834E+06,1.02223545E-02,3.65090281E-04,-1.02148435E+08,-3.64816894E+06,-1.18385097E+01,-1.03195522E+00,-0.00000000E+00,-0.00000000E+00,3.93158198E-38,1.57054784E-39,-0.00000000E+00,-0.00000000E+00,3.93158198E-38,1.57054784E-39,-6.55978106E+04,-2.39961997E+03,-2.03742147E+02,-7.85607902E+00,6.55978128E+03,2.39962005E+02,6.48000000E+03,2.40000000E+02,7.76992450E+06,1.63109220E+09
2.90000000E+01,1.00000000E+00,2.32000000E-01,1.39977831E+08,7.56665704E+02,7.41782976E-09,-0.00000000E+00,-0.00000000E+00,-2.31916131E-33,-9.33924388E-35,1.05857794E+08,3.65033060E+06,1.05874450E-02,3.65090508E-04,-1.05796606E+08,-3.64817120E+06,-1.28719841E+01,-1.03429662E+00,-0.00000000E+00,-0.00000000E+00,4.08863886E-38,1.57058062E-39,-0.00000000E+00,-0.00000000E+00,4.08863886E-38,1.57058062E-39,-6.79974306E+04,-2.39961996E+03,-2.11598224E+02,-7.85607586E+00,6.79974329E+03,2.39962005E+02,6.72000000E+03,2.40000000E+02,7.76992448E+06,1.63109220E+09
3.00000000E+01,1.00000000E+00,2.32000000E-01,1.39977831E+08,7.56670057E+02,5.51881083E-09,-0.00000000E+00,-0.00000000E+00,-2.41255410E-33,-9.33929762E-35,1.09508126E+08,3.65033285E+06,1.09525358E-02,3.65090734E-04,-1.09444780E+08,-3.64817345E+06,-1.39071858E+01,-1.03568783E+00,-0.00000000E+00,-0.00000000E+00,4.24569835E-38,1.57060308E-39,-0.00000000E+00,-0.00000000E+00,4.24569835E-38,1.57060308E-39,-7.03970505E+04,-2.39961996E+03,-2.19454298E+02,-7.85607270E+00,7.03970529E+03,2.39962004E+02,6.96000000E+03,2.40000000E+02,7.76992447E+06,1.63109220E+09
3.10000000E+01,1.00000000E+00,2.32000000E-01,1.39977831E+08,7.56672458E+02,4.10595469E-09,-0.00000000E+00,-0.00000000E+00,-2.50594727E-33,-9.33932726E-35,1.13158462E+08,3.65033510E+06,1.13176267E-02,3.65090959E-04,-1.13092955E+08,-3.64817570E+06,-1.49434020E+01,-1.03649805E+00,-0.00000000E+00,-0.00000000E+00,4.40275964E-38,1.57061838E-39,-0.00000000E+00,-0.00000000E+00,4.40275964E-38,1.57061838E-39,-7.27966705E+04,-2.39961996E+03,-2.27310369E+02,-7.85606955E+00,7.27966729E+03,2.39962004E+02,7.20000000E+03,2.40000000E+02,7.76992446E+06,1.63109220E+09
3.20000000E+01,1.00000000E+00,2.32000000E-01,1.39977831E+08,7.56673764E+02,3.05480012E-09,-0.00000000E+00,-0.00000000E+00,-2.59934065E-33,-9.33934337E-35,1.16808799E+08,3.65033734E+06,1.16827179E-02,3.65091184E-04,-1.16741133E+08,-3.64817794E+06,-1.59802030E+01,-1.03696146E+00,-0.00000000E+00,-0.00000000E+00,4.55982214E-38,1.57062872E-39,-0.00000000E+00,-0.00000000E+00,4.55982214E-38,1.57062872E-39,-7.51962904E+04,-2.39961995E+03,-2.35166437E+02,-7.85606641E+00,7.51962930E+03,2.39962003E+02,7.44000000E+03,2.40000000E+02,7.76992444E+06,1.63109220E+09
3.30000000E+01,1.00000000E+00,2.32000000E-01,1.39977830E+08,7.56674464E+02,2.27274884E-09,-0.00000000E+00,-0.00000000E+00,-2.69273414E-33,-9.33935201E-35,1.20459138E+08,3.65033958E+06,1.20478093E-02,3.65091408E-04,-1.20389313E+08,-3.64818017E+06,-1.70173354E+01,-1.03722236E+00,-0.00000000E+00,-0.00000000E+00,4.71688545E-38,1.57063566E-39,-0.00000000E+00,-0.00000000E+00,4.71688545E-38,1.57063566E-39,-7.75959104E+04,-2.39961995E+03,-2.43022501E+02,-7.85606328E+00,7.75959130E+03,2.39962003E+02,7.68000000E+03,2.40000000E+02,7.76992443E+06,1.63109220E+09
3.40000000E+01,1.00000000E+00,2.32000000E-01,1.39977830E+08,7.56674834E+02,1.69090843E-09,-0.00000000E+00,-0.00000000E+00,-2.78612769E-33,-9.33935658E-35,1.24109480E+08,3.65034181E+06,1.24129010E-02,3.65091632E-04,-1.24037496E+08,-3.64818241E+06,-1.80546530E+01,-1.03736743E+00,-0.00000000E+00,-0.00000000E+00,4.87394932E-38,1.57064028E-39,-0.00000000E+00,-0.00000000E+00,4.87394932E-38,1.57064028E-39,-7.99955303E+04,-2.39961994E+03,-2.50878563E+02,-7.85606015E+00,7.99955330E+03,2.39962002E+02,7.92000000E+03,2.40000000E+02,7.76992441E+06,1.63109220E+09
3.50000000E+01,1.00000000E+00,2.32000000E-01,1.39977830E+08,7.56675027E+02,1.25802345E-09,-0.00000000E+00,-0.00000000E+00,-2.87952127E-33,-9.33935896E-35,1.27759824E+08,3.65034404E+06,1.27779928E-02,3.65091856E-04,-1.27685680E+08,-3.64818464E+06,-1.90920732E+01,-1.03744747E+00,-0.00000000E+00,-0.00000000E+00,5.03101354E-38,1.57064332E-39,-0.00000000E+00,-0.00000000E+00,5.03101354E-38,1.57064332E-39,-8.23951502E+04,-2.39961994E+03,-2.58734621E+02,-7.85605702E+00,8.23951530E+03,2.39962002E+02,8.16000000E+03,2.40000000E+02,7.76992440E+06,1.63109220E+09
3.60000000E+01,1.00000000E+00,2.32000000E-01,1.39977830E+08,7.56675127E+02,9.35960198E-10,-0.00000000E+00,-0.00000000E+00,-2.97291487E-33,-9.33936019E-35,1.31410171E+08,3.65034627E+06,1.31430849E-02,3.65092079E-04,-1.31333867E+08,-3.64818686E+06,-2.01295499E+01,-1.03749165E+00,-0.00000000E+00,-0.00000000E+00,5.18807800E-38,1.57064530E-39,-0.00000000E+00,-0.00000000E+00,5.18807800E-38,1.57064530E-39,-8.47947702E+04,-2.39961993E+03,-2.66590676E+02,-7.85605390E+00,8.47947731E+03,2.39962002E+02,8.40000000E+03,2.40000000E+02,7.76992439E+06,1.63109220E+09
3.70000000E+01,1.00000000E+00,2.32000000E-01,1.39977829E+08,7.56675178E+02,6.96347508E-10,-0.00000000E+00,-0.00000000E+00,-3.06630848E-33,-9.33936082E-35,1.35060519E+08,3.65034849E+06,1.35081772E-02,3.65092303E-04,-1.34982056E+08,-3.64818909E+06,-2.11670579E+01,-1.03751638E+00,-0.00000000E+00,-0.00000000E+00,5.34514261E-38,1.57064657E-39,-0.00000000E+00,-0.00000000E+00,5.34514261E-38,1.57064657E-39,-8.71943901E+04,-2.39961993E+03,-2.74446728E+02,-7.85605077E+00,8.71943931E+03,2.39962001E+02,8.64000000E+03,2.40000000E+02,7.76992437E+06,1.63109220E+09
3.80000000E+01,1.00000000E+00,2.32000000E-01,1.39977829E+08,7.56675203E+02,5.18077429E-10,-0.00000000E+00,-0.00000000E+00,-3.15970209E-33,-9.33936114E-35,1.38710870E+08,3.65035072E+06,1.38732697E-02,3.65092526E-04,-1.38630248E+08,-3.64819132E+06,-2.22045839E+01,-1.03753071E+00,-0.00000000E+00,-0.00000000E+00,5.50220732E-38,1.57064737E-39,-0.00000000E+00,-0.00000000E+00,5.50220732E-38,1.57064737E-39,-8.95940100E+04,-2.39961992E+03,-2.82302777E+02,-7.85604765E+00,8.95940131E+03,2.39962001E+02,8.88000000E+03,2.40000000E+02,7.76992436E+06,1.63109220E+09
3.90000000E+01,1.00000000E+00,2.32000000E-01,1.39977829E+08,7.56675216E+02,3.85445799E-10,-0.00000000E+00,-0.00000000E+00,-3.25309570E-33,-9.33936130E-35,1.42361223E+08,3.65035294E+06,1.42383625E-02,3.65092749E-04,-1.42278441E+08,-3.64819354E+06,-2.32421206E+01,-1.03753958E+00,-0.00000000E+00,-0.00000000E+00,5.65927209E-38,1.57064786E-39,-0.00000000E+00,-0.00000000E+00,5.65927209E-38,1.57064786E-39,-9.19936300E+04,-2.39961992E+03,-2.90158823E+02,-7.85604453E+00,9.19936331E+03,2.39962000E+02,9.12000000E+03,2.40000000E+02,7.76992434E+06,1.63109220E+09
4.00000000E+01,1.00000000E+00,2.32000000E-01,1.39977829E+08,7.56675222E+02,2.86768842E-10,-0.00000000E+00,-0.00000000E+00,-3.34648931E-33,-9.33936137E-35,1.46011578E+08,3.65035516E+06,1.46034554E-02,3.65092972E-04,-1.45926637E+08,-3.64819576E+06,-2.42796642E+01,-1.03754560E+00,-0.00000000E+00,-0.00000000E+00,5.81633689E-38,1.57064814E-39,-0.00000000E+00,-0.00000000E+00,5.81633689E-38,1.57064814E-39,-9.43932499E+04,-2.39961992E+03,-2.98014865E+02,-7.85604141E+00,9.43932531E+03,2.39962000E+02,9.36000000E+03,2.40000000E+02,7.76992433E+06,1.63109220E+09
4.10000000E+01,1.00000000E+00,2.32000000E-01,1.39977828E+08,7.56675226E+02,2.13353911E-10,-0.00000000E+00,-0.00000000E+00,-3.43988293E-33,-9.33936141E-35,1.49661935E+08,3.65035738E+06,1.49685486E-02,3.65093194E-04,-1.49574835E+08,-3.64819798E+06,-2.53172130E+01,-1.03755016E+00,-0.00000000E+00,-0.00000000E+00,5.97340171E-38,1.57064830E-39,-0.00000000E+00,-0.00000000E+00,5.97340171E-38,1.57064830E-39,-9.67928698E+04,-2.39961991E+03,-3.05870905E+02,-7.85603829E+00,9.67928731E+03,2.39961999E+02,9.60000000E+03,2.40000000E+02,7.76992431E+06,1.63109220E+09
4.20000000E+01,1.00000000E+00,2.32000000E-01,1.39977828E+08,7.56675227E+02,1.58733742E-10,-0.00000000E+00,-0.00000000E+00,-3.53327654E-33,-9.33936143E-35,1.53312295E+08,3.65035960E+06,1.53336421E-02,3.65093417E-04,-1.53223035E+08,-3.64820020E+06,-2.63547657E+01,-1.03755398E+00,-0.00000000E+00,-0.00000000E+00,6.13046655E-38,1.57064837E-39,-0.00000000E+00,-0.00000000E+00,6.13046655E-38,1.57064837E-39,-9.91924897E+04,-2.39961991E+03,-3.13726941E+02,-7.85603518E+00,9.91924931E+03,2.39961999E+02,9.84000000E+03,2.40000000E+02,7.76992430E+06,1.63109220E+09
4.30000000E+01,1.00000000E+00,2.32000000E-01,1.39977828E+08,7.56675228E+02,1.18096737E-10,-0.00000000E+00,-0.00000000E+00,-3.62667016E-33,-9.33936144E-35,1.56962657E+08,3.65036182E+06,1.56987357E-02,3.65093639E-04,-1.56871238E+08,-3.64820241E+06,-2.73923221E+01,-1.03755742E+00,-0.00000000E+00,-0.00000000E+00,6.28753139E-38,1.57064838E-39,-0.00000000E+00,-0.00000000E+00,6.28753139E-38,1.57064838E-39,-1.01592110E+05,-2.39961990E+03,-3.21582974E+02,-7.85603206E+00,1.01592113E+04,2.39961998E+02,1.00800000E+04,2.40000000E+02,7.76992429E+06,1.63109220E+09
4.40000000E+01,1.00000000E+00,2.32000000E-01,1.39977828E+08,7.56675228E+02,8.78631045E-11,-0.00000000E+00,-0.00000000E+00,-3.72006377E-33,-9.33936145E-35,1.60613021E+08,3.65036403E+06,1.60638296E-02,3.65093861E-04,-1.60519442E+08,-3.64820463E+06,-2.84298818E+01,-1.03756069E+00,-0.00000000E+00,-0.00000000E+00,6.44459622E-38,1.57064837E-39,-0.00000000E+00,-0.00000000E+00,6.44459622E-38,1.57064837E-39,-1.03991729E+05,-2.39961990E+03,-3.29439005E+02,-7.85602895E+00,1.03991733E+04,2.39961998E+02,1.03200000E+04,2.40000000E+02,7.76992427E+06,1.63109220E+09
4.50000000E+01,1.00000000E+00,2.32000000E-01,1.39977827E+08,7.56675228E+02,6.53695040E-11,-0.00000000E+00,-0.00000000E+00,-3.81345739E-33,-9.33936145E-35,1.64263387E+08,3.65036624E+06,1.64289236E-02,3.65094083E-04,-1.64167649E+08,-3.64820684E+06,-2.94674447E+01,-1.03756386E+00,-0.00000000E+00,-0.00000000E+00,6.60166106E-38,1.57064833E-39,-0.00000000E+00,-0.00000000E+00,6.60166106E-38,1.57064833E-39,-1.06391349E+05,-2.39961989E+03,-3.37295032E+02,-7.85602583E+00,1.06391353E+04,2.39961998E+02,1.05600000E+04,2.40000000E+02,7.76992426E+06,1.63109220E+09
4.60000000E+01,1.00000000E+00,2.32000000E-01,1.39977827E+08,7.56675229E+02,4.86344306E-11,-0.00000000E+00,-0.00000000E+00,-3.90685100E-33,-9.33936145E-35,1.67913755E+08,3.65036846E+06,1.67940179E-02,3.65094305E-04,-1.67815858E+08,-3.64820905E+06,-3.05050107E+01,-1.03756699E+00,-0.00000000E+00,-0.00000000E+00,6.75872589E-38,1.57064828E-39,-0.00000000E+00,-0.00000000E+00,6.75872589E-38,1.57064828E-39,-1.08790969E+05,-2.39961989E+03,-3.45151056E+02,-7.85602272E+00,1.08790973E+04,2.39961997E+02,1.08000000E+04,2.40000000E+02,7.76992424E+06,1.63109220E+09
4.70000000E+01,1.00000000E+00,2.32000000E-01,1.39977827E+08,7.56675229E+02,3.61836589E-11,-0.00000000E+00,-0.00000000E+00,-4.00024461E-33,-9.33936145E-35,1.71564126E+08,3.65037067E+06,1.71591125E-02,3.65094527E-04,-1.71464069E+08,-3.64821126E+06,-3.15425799E+01,-1.03757010E+00,-0.00000000E+00,-0.00000000E+00,6.91579071E-38,1.57064822E-39,-0.00000000E+00,-0.00000000E+00,6.91579071E-38,1.57064822E-39,-1.11190589E+05,-2.39961988E+03,-3.53007076E+02,-7.85601960E+00,1.11190593E+04,2.39961997E+02,1.10400000E+04,2.40000000E+02,7.76992423E+06,1.63109220E+09
4.80000000E+01,1.00000000E+00,2.32000000E-01,1.39977827E+08,7.56675229E+02,2.69203763E-11,-0.00000000E+00,-0.00000000E+00,-4.09363823E-33,-9.33936145E-35,1.75214499E+08,3.65037288E+06,1.75242072E-02,3.65094748E-04,-1.75112283E+08,-3.64821347E+06,-3.25801521E+01,-1.03757319E+00,-0.00000000E+00,-0.00000000E+00,7.07285553E-38,1.57064816E-39,-0.00000000E+00,-0.00000000E+00,7.07285553E-38,1.57064816E-39,-1.13590209E+05,-2.39961988E+03,-3.60863094E+02,-7.85601649E+00,1.13590213E+04,2.39961996E+02,1.12800000E+04,2.40000000E+02,7.76992422E+06,1.63109220E+09
4.90000000E+01,1.00000000E+00,2.32000000E-01,1.39977826E+08,7.56675229E+02,2.00285621E-11,-0.00000000E+00,-0.00000000E+00,-4.18703184E-33,-9.33936145E-35,1.78864874E+08,3.65037508E+06,1.78893022E-02,3.65094970E-04,-1.78760498E+08,-3.64821568E+06,-3.36177275E+01,-1.03757628E+00,-0.00000000E+00,-0.00000000E+00,7.22992034E-38,1.57064809E-39,-0.00000000E+00,-0.00000000E+00,7.22992034E-38,1.57064809E-39,-1.15989829E+05,-2.39961988E+03,-3.68719109E+02,-7.85601338E+00,1.15989833E+04,2.39961996E+02,1.15200000E+04,2.40000000E+02,7.76992420E+06,1.63109220E+09
5.00000000E+01,1.00000000E+00,2.32000000E-01,1.39977826E+08,7.56675229E+02,1.49011030E-11,-0.00000000E+00,-0.00000000E+00,-4.28042546E-33,-9.33936145E-35,1.82515251E+08,3.65037729E+06,1.82543974E-02,3.65095191E-04,-1.82408716E+08,-3.64821788E+06,-3.46553059E+01,-1.03757937E+00,-0.00000000E+00,-0.00000000E+00,7.38698515E-38,1.57064803E-39,-0.00000000E+00,-0.00000000E+00,7.38698515E-38,1.57064803E-39,-1.18389449E+05,-2.39961987E+03,-3.76575120E+02,-7.85601027E+00,1.18389453E+04,2.39961995E+02,1.17600000E+04,2.40000000E+02,7.76992419E+06,1.63109220E+09
