Time [d],dt_flow [d],dt_tran [d],Global Water Mass in Liquid Phas [kg],Global Vaq [mol],Global Vim [mol],Top Water Mass [kg],Top Water Mass [kg/d],Top Vaq [mol],Top Vaq [mol/d],Right Water Mass [kg],Right Water Mass [kg/d],Right Vaq [mol],Right Vaq [mol/d],Left Water Mass [kg],Left Water Mass [kg/d],Left Vaq [mol],Left Vaq [mol/d],North Water Mass [kg],North Water Mass [kg/d],North Vaq [mol],North Vaq [mol/d],South Water Mass [kg],South Water Mass [kg/d],South Vaq [mol],South Vaq [mol/d],ExtractWell Water Mass [kg],ExtractWell Water Mass [kg/d],ExtractWell Vaq [mol],ExtractWell Vaq [mol/d],InjectWell Water Mass [kg],InjectWell Water Mass [kg/d],InjectWell Vaq [mol],InjectWell Vaq [mol/d],Region Region__all Water Mass [kg],Region Region__all Total Mass [kg]
1.00000000E+00,4.89000000E-01,1.05000000E-01,1.39977796E+08,1.04323411E-02,2.97108677E-05,-0.00000000E+00,-0.00000000E+00,2.70710605E-40,4.40351040E-40,2.43313948E+06,2.43332737E+06,2.43352385E-04,2.43371177E-04,-2.43241245E+06,-2.43222402E+06,-2.04892004E-04,-1.80687486E-04,-0.00000000E+00,-0.00000000E+00,2.69029244E-40,4.37616120E-40,-0.00000000E+00,-0.00000000E+00,2.69029244E-40,4.37616120E-40,-8.08069418E+02,-1.22620549E+03,-6.49181464E-08,-9.11045762E-08,8.08069436E+01,1.22620552E+02,8.08197600E-09,1.22640000E-08,7.76992251E+06,1.63109144E+09
2.00000000E+00,4.88000000E-01,4.00000000E-02,1.39977796E+08,2.02677831E+02,2.19851824E-05,-0.00000000E+00,-0.00000000E+00,-1.43399282E-35,-2.50145072E-35,4.86699385E+06,2.43385470E+06,4.86776272E-04,2.43423919E-04,-4.86410740E+06,-2.43169526E+06,-3.58690507E-04,-1.33674441E-04,-0.00000000E+00,-0.00000000E+00,8.91888267E-40,7.60897776E-40,-0.00000000E+00,-0.00000000E+00,8.91888267E-40,7.60897776E-40,-3.20768877E+03,-2.39961935E+03,-1.84359216E+00,-3.85311187E+00,3.20768884E+02,2.39961940E+02,2.40000000E+02,2.40000000E+02,7.76992249E+06,1.63109165E+09
3.00000000E+00,1.00000000E+00,4.00000000E-02,1.39977795E+08,3.48986045E+02,1.62759057E-05,-0.00000000E+00,-0.00000000E+00,-4.98011771E-35,-4.30731210E-35,7.30084981E+06,2.43385596E+06,7.30200317E-04,2.43424045E-04,-7.29580391E+06,-2.43169651E+06,-4.72347577E-04,-9.89609110E-05,-0.00000000E+00,-0.00000000E+00,1.78848896E-39,9.95643959E-40,-0.00000000E+00,-0.00000000E+00,1.78848896E-39,9.95643959E-40,-5.60730812E+03,-2.39961935E+03,-7.78237124E+00,-7.31616748E+00,5.60730824E+02,2.39961940E+02,4.80000000E+02,2.40000000E+02,7.76992248E+06,1.63109179E+09
4.00000000E+00,1.00000000E+00,1.04000000E-01,1.39977795E+08,4.54678416E+02,1.20735676E-05,-0.00000000E+00,-0.00000000E+00,-1.00701870E-34,-5.61185794E-35,9.73470700E+06,2.43385719E+06,9.73624485E-04,2.43424169E-04,-9.72750166E+06,-2.43169775E+06,-5.56005426E-04,-7.34099400E-05,-0.00000000E+00,-0.00000000E+00,2.88600816E-39,1.16534178E-39,-0.00000000E+00,-0.00000000E+00,2.88600816E-39,1.16534178E-39,-8.00692746E+03,-2.39961934E+03,-1.61321237E+01,-8.92215944E+00,8.00692764E+02,2.39961940E+02,7.20000000E+02,2.40000000E+02,7.76992247E+06,1.63109190E+09
5.00000000E+00,1.00000000E+00,2.32000000E-01,1.39977795E+08,5.31597142E+02,8.98264534E-06,-0.00000000E+00,-0.00000000E+00,-1.62825871E-34,-6.56125478E-35,1.21685654E+07,2.43385841E+06,1.21704878E-03,2.43424291E-04,-1.21592006E+07,-2.43169896E+06,-6.17540355E-04,-5.46229978E-05,-0.00000000E+00,-0.00000000E+00,4.12897578E-39,1.28789980E-39,-0.00000000E+00,-0.00000000E+00,4.12897578E-39,1.28789980E-39,-1.04065468E+04,-2.39961934E+03,-2.54834660E+01,-9.55175456E+00,1.04065470E+03,2.39961939E+02,9.60000000E+02,2.40000000E+02,7.76992246E+06,1.63109197E+09
6.00000000E+00,1.00000000E+00,2.32000000E-01,1.39977795E+08,5.88525301E+02,6.68302196E-06,-0.00000000E+00,-0.00000000E+00,-2.32881183E-34,-7.26391092E-35,1.46024250E+07,2.43385961E+06,1.46047319E-03,2.43424411E-04,-1.45909008E+07,-2.43170016E+06,-6.63379174E-04,-4.07642662E-05,-0.00000000E+00,-0.00000000E+00,5.47361113E-39,1.37747208E-39,-0.00000000E+00,-0.00000000E+00,5.47361113E-39,1.37747208E-39,-1.28061661E+04,-2.39961933E+03,-3.51993627E+01,-9.79119002E+00,1.28061664E+03,2.39961939E+02,1.20000000E+03,2.40000000E+02,7.76992245E+06,1.63109203E+09
7.00000000E+00,1.00000000E+00,2.32000000E-01,1.39977794E+08,6.30768623E+02,4.97211911E-06,-0.00000000E+00,-0.00000000E+00,-3.08816280E-34,-7.78531420E-35,1.70362858E+07,2.43386078E+06,1.70389772E-03,2.43424529E-04,-1.70226021E+07,-2.43170133E+06,-6.98100738E-04,-3.15140096E-05,-0.00000000E+00,-0.00000000E+00,6.89253702E-39,1.44291538E-39,-0.00000000E+00,-0.00000000E+00,6.89253702E-39,1.44291538E-39,-1.52057855E+04,-2.39961933E+03,-4.50505796E+01,-9.87842818E+00,1.52057858E+03,2.39961938E+02,1.44000000E+03,2.40000000E+02,7.76992244E+06,1.63109207E+09
8.00000000E+00,1.00000000E+00,2.32000000E-01,1.39977794E+08,6.62157647E+02,3.69922001E-06,-0.00000000E+00,-0.00000000E+00,-3.89118236E-34,-8.17274445E-35,1.94701477E+07,2.43386194E+06,1.94732236E-03,2.43424644E-04,-1.94543046E+07,-2.43170248E+06,-7.28017541E-04,-3.05192614E-05,-0.00000000E+00,-0.00000000E+00,8.36573051E-39,1.49071355E-39,-0.00000000E+00,-0.00000000E+00,8.36573050E-39,1.49071355E-39,-1.76054048E+04,-2.39961933E+03,-5.49503030E+01,-9.90929618E+00,1.76054052E+03,2.39961938E+02,1.68000000E+03,2.40000000E+02,7.76992243E+06,1.63109210E+09
9.00000000E+00,1.00000000E+00,2.32000000E-01,1.39977794E+08,6.85496964E+02,2.75219245E-06,-0.00000000E+00,-0.00000000E+00,-4.72666396E-34,-8.46081829E-35,2.19040108E+07,2.43386307E+06,2.19074712E-03,2.43424758E-04,-2.18860082E+07,-2.43170361E+06,-7.69252556E-04,-5.29358878E-05,-0.00000000E+00,-0.00000000E+00,9.87855171E-39,1.52561200E-39,-0.00000000E+00,-0.00000000E+00,9.87855171E-39,1.52561200E-39,-2.00050241E+04,-2.39961932E+03,-6.48669897E+01,-9.91998793E+00,2.00050246E+03,2.39961938E+02,1.92000000E+03,2.40000000E+02,7.76992242E+06,1.63109213E+09
1.00000000E+01,1.00000000E+00,2.32000000E-01,1.39977794E+08,7.02856432E+02,2.04761091E-06,-0.00000000E+00,-0.00000000E+00,-5.58628769E-34,-8.67508373E-35,2.43378750E+07,2.43386419E+06,2.43417199E-03,2.43424870E-04,-2.43177129E+07,-2.43170472E+06,-8.67363135E-04,-1.39604941E-04,-0.00000000E+00,-0.00000000E+00,1.14202999E-38,1.55108291E-39,-0.00000000E+00,-0.00000000E+00,1.14202999E-38,1.55108291E-39,-2.24046434E+04,-2.39961932E+03,-7.47894999E+01,-9.92363107E+00,2.24046439E+03,2.39961937E+02,2.16000000E+03,2.40000000E+02,7.76992240E+06,1.63109215E+09
1.10000000E+01,1.00000000E+00,2.32000000E-01,1.39977794E+08,7.15769992E+02,1.52340747E-06,-0.00000000E+00,-0.00000000E+00,-6.46386966E-34,-8.83447396E-35,2.67717403E+07,2.43386528E+06,2.67759697E-03,2.43424979E-04,-2.67494187E+07,-2.43170581E+06,-1.13426473E-03,-3.75718308E-04,-0.00000000E+00,-0.00000000E+00,1.29831561E-38,1.56966608E-39,-0.00000000E+00,-0.00000000E+00,1.29831561E-38,1.56966608E-39,-2.48042627E+04,-2.39961932E+03,-8.47139801E+01,-9.92485587E+00,2.48042633E+03,2.39961937E+02,2.40000000E+03,2.40000000E+02,7.76992239E+06,1.63109216E+09
1.20000000E+01,1.00000000E+00,2.32000000E-01,1.39977794E+08,7.25376705E+02,1.13340396E-06,-0.00000000E+00,-0.00000000E+00,-7.35481104E-34,-8.95304825E-35,2.92056066E+07,2.43386635E+06,2.92102205E-03,2.43425086E-04,-2.91811256E+07,-2.43170688E+06,-1.80262887E-03,-9.06216001E-04,-0.00000000E+00,-0.00000000E+00,1.45614088E-38,1.58321877E-39,-0.00000000E+00,-0.00000000E+00,1.45614088E-38,1.58321877E-39,-2.72038821E+04,-2.39961931E+03,-9.46391183E+01,-9.92526248E+00,2.72038827E+03,2.39961937E+02,2.64000000E+03,2.40000000E+02,7.76992238E+06,1.63109217E+09
1.30000000E+01,1.00000000E+00,2.32000000E-01,1.39977793E+08,7.32523158E+02,8.43244219E-07,-0.00000000E+00,-0.00000000E+00,-8.25569071E-34,-9.04125589E-35,3.16394740E+07,2.43386740E+06,3.16444724E-03,2.43425191E-04,-3.16128335E+07,-2.43170792E+06,-3.28793352E-03,-1.93709823E-03,-0.00000000E+00,-0.00000000E+00,1.61508876E-38,1.59309872E-39,-0.00000000E+00,-0.00000000E+00,1.61508876E-38,1.59309872E-39,-2.96035014E+04,-2.39961931E+03,-1.04564473E+02,-9.92539536E+00,2.96035020E+03,2.39961936E+02,2.88000000E+03,2.40000000E+02,7.76992237E+06,1.63109217E+09
1.40000000E+01,1.00000000E+00,2.32000000E-01,1.39977793E+08,7.37838765E+02,6.27367502E-07,-0.00000000E+00,-0.00000000E+00,-9.16396302E-34,-9.10686567E-35,3.40733425E+07,2.43386843E+06,3.40787254E-03,2.43425294E-04,-3.40445425E+07,-2.43170895E+06,-6.23879854E-03,-3.71477478E-03,-0.00000000E+00,-0.00000000E+00,1.77485482E-38,1.60029820E-39,-0.00000000E+00,-0.00000000E+00,1.77485482E-38,1.60029820E-39,-3.20031207E+04,-2.39961931E+03,-1.14489898E+02,-9.92543751E+00,3.20031214E+03,2.39961936E+02,3.12000000E+03,2.40000000E+02,7.76992236E+06,1.63109218E+09
1.50000000E+01,1.00000000E+00,2.32000000E-01,1.39977793E+08,7.41791520E+02,4.66756810E-07,-0.00000000E+00,-0.00000000E+00,-1.00777333E-33,-9.15565396E-35,3.65072119E+07,2.43386943E+06,3.65129793E-03,2.43425395E-04,-3.64762524E+07,-2.43170995E+06,-1.15531938E-02,-6.48400558E-03,-0.00000000E+00,-0.00000000E+00,1.93521693E-38,1.60554210E-39,-0.00000000E+00,-0.00000000E+00,1.93521693E-38,1.60554210E-39,-3.44027400E+04,-2.39961930E+03,-1.24415344E+02,-9.92544982E+00,3.44027407E+03,2.39961936E+02,3.36000000E+03,2.40000000E+02,7.76992235E+06,1.63109218E+09
1.60000000E+01,1.00000000E+00,2.32000000E-01,1.39977793E+08,7.44729398E+02,3.47263637E-07,-0.00000000E+00,-0.00000000E+00,-1.09955908E-33,-9.19191578E-35,3.89410823E+07,2.43387042E+06,3.89472343E-03,2.43425494E-04,-3.89079634E+07,-2.43171093E+06,-2.03446328E-02,-1.04345903E-02,-0.00000000E+00,-0.00000000E+00,2.09601308E-38,1.60935986E-39,-0.00000000E+00,-0.00000000E+00,2.09601308E-38,1.60935986E-39,-3.68023593E+04,-2.39961930E+03,-1.34340796E+02,-9.92545241E+00,3.68023601E+03,2.39961935E+02,3.60000000E+03,2.40000000E+02,7.76992234E+06,1.63109219E+09
1.70000000E+01,1.00000000E+00,2.32000000E-01,1.39977793E+08,7.46911177E+02,2.58361593E-07,-0.00000000E+00,-0.00000000E+00,-1.19164848E-33,-9.21884515E-35,4.13749537E+07,2.43387138E+06,4.13814902E-03,2.43425591E-04,-4.13396753E+07,-2.43171189E+06,-3.38565291E-02,-1.56526137E-02,-0.00000000E+00,-0.00000000E+00,2.25712513E-38,1.61213801E-39,-0.00000000E+00,-0.00000000E+00,2.25712513E-38,1.61213801E-39,-3.92019786E+04,-2.39961930E+03,-1.44266249E+02,-9.92545186E+00,3.92019794E+03,2.39961935E+02,3.84000000E+03,2.40000000E+02,7.76992234E+06,1.63109219E+09
1.80000000E+01,1.00000000E+00,2.32000000E-01,1.39977792E+08,7.48529377E+02,1.92219127E-07,-0.00000000E+00,-0.00000000E+00,-1.28396323E-33,-9.23881837E-35,4.38088260E+07,2.43387232E+06,4.38157470E-03,2.43425685E-04,-4.37713881E+07,-2.43171283E+06,-5.33386351E-02,-2.20910752E-02,-0.00000000E+00,-0.00000000E+00,2.41846699E-38,1.61415861E-39,-0.00000000E+00,-0.00000000E+00,2.41846699E-38,1.61415861E-39,-4.16015979E+04,-2.39961929E+03,-1.54191700E+02,-9.92545033E+00,4.16015988E+03,2.39961935E+02,4.08000000E+03,2.40000000E+02,7.76992233E+06,1.63109219E+09
1.90000000E+01,1.00000000E+00,2.32000000E-01,1.39977792E+08,7.49727345E+02,1.43009618E-07,-0.00000000E+00,-0.00000000E+00,-1.37644493E-33,-9.25360472E-35,4.62426993E+07,2.43387324E+06,4.62500048E-03,2.43425777E-04,-4.62031018E+07,-2.43171375E+06,-7.99105937E-02,-2.95680798E-02,-0.00000000E+00,-0.00000000E+00,2.57997596E-38,1.61562747E-39,-0.00000000E+00,-0.00000000E+00,2.57997595E-38,1.61562747E-39,-4.40012172E+04,-2.39961929E+03,-1.64117149E+02,-9.92544852E+00,4.40012181E+03,2.39961935E+02,4.32000000E+03,2.40000000E+02,7.76992232E+06,1.63109219E+09
2.00000000E+01,1.00000000E+00,2.32000000E-01,1.39977792E+08,7.50611942E+02,1.06398104E-07,-0.00000000E+00,-0.00000000E+00,-1.46905006E-33,-9.26452318E-35,4.86765734E+07,2.43387414E+06,4.86842635E-03,2.43425867E-04,-4.86348165E+07,-2.43171464E+06,-1.14440416E-01,-3.77918754E-02,-0.00000000E+00,-0.00000000E+00,2.74160635E-38,1.61669465E-39,-0.00000000E+00,-0.00000000E+00,2.74160635E-38,1.61669465E-39,-4.64008364E+04,-2.39961929E+03,-1.74042596E+02,-9.92544663E+00,4.64008375E+03,2.39961934E+02,4.56000000E+03,2.40000000E+02,7.76992231E+06,1.63109219E+09
2.10000000E+01,1.00000000E+00,2.32000000E-01,1.39977792E+08,7.51262955E+02,7.91594078E-08,-0.00000000E+00,-0.00000000E+00,-1.56174616E-33,-9.27255853E-35,5.11104484E+07,2.43387502E+06,5.11185230E-03,2.43425955E-04,-5.10665320E+07,-2.43171552E+06,-1.57460231E-01,-4.64046047E-02,-0.00000000E+00,-0.00000000E+00,2.90332494E-38,1.61746955E-39,-0.00000000E+00,-0.00000000E+00,2.90332494E-38,1.61746955E-39,-4.88004557E+04,-2.39961929E+03,-1.83968042E+02,-9.92544476E+00,4.88004568E+03,2.39961934E+02,4.80000000E+03,2.40000000E+02,7.76992230E+06,1.63109219E+09
2.20000000E+01,1.00000000E+00,2.32000000E-01,1.39977792E+08,7.51740054E+02,5.88940176E-08,-0.00000000E+00,-0.00000000E+00,-1.65450904E-33,-9.27844729E-35,5.35443243E+07,2.43387588E+06,5.35527834E-03,2.43426041E-04,-5.34982484E+07,-2.43171637E+06,-2.09130986E-01,-5.50330116E-02,-0.00000000E+00,-0.00000000E+00,3.06510754E-38,1.61803188E-39,-0.00000000E+00,-0.00000000E+00,3.06510754E-38,1.61803188E-39,-5.12000750E+04,-2.39961928E+03,-1.93893485E+02,-9.92544292E+00,5.12000762E+03,2.39961934E+02,5.04000000E+03,2.40000000E+02,7.76992229E+06,1.63109219E+09
2.30000000E+01,1.00000000E+00,2.32000000E-01,1.39977792E+08,7.52087934E+02,4.38167163E-08,-0.00000000E+00,-0.00000000E+00,-1.74732073E-33,-9.28274113E-35,5.59782010E+07,2.43387672E+06,5.59870447E-03,2.43426126E-04,-5.59299656E+07,-2.43171721E+06,-2.69255979E-01,-6.33347957E-02,-0.00000000E+00,-0.00000000E+00,3.22693658E-38,1.61843968E-39,-0.00000000E+00,-0.00000000E+00,3.22693658E-38,1.61843968E-39,-5.35996943E+04,-2.39961928E+03,-2.03818927E+02,-9.92544111E+00,5.35996955E+03,2.39961934E+02,5.28000000E+03,2.40000000E+02,7.76992228E+06,1.63109219E+09
2.40000000E+01,1.00000000E+00,2.32000000E-01,1.39977792E+08,7.52340103E+02,3.25993149E-08,-0.00000000E+00,-0.00000000E+00,-1.84016788E-33,-9.28585361E-35,5.84120786E+07,2.43387754E+06,5.84213068E-03,2.43426208E-04,-5.83616836E+07,-2.43171802E+06,-3.37333720E-01,-7.10326815E-02,-0.00000000E+00,-0.00000000E+00,3.38879929E-38,1.61873523E-39,-0.00000000E+00,-0.00000000E+00,3.38879929E-38,1.61873523E-39,-5.59993136E+04,-2.39961928E+03,-2.13744367E+02,-9.92543935E+00,5.59993148E+03,2.39961934E+02,5.52000000E+03,2.40000000E+02,7.76992228E+06,1.63109219E+09
2.50000000E+01,1.00000000E+00,2.32000000E-01,1.39977791E+08,7.52521676E+02,2.42536507E-08,-0.00000000E+00,-0.00000000E+00,-1.93304064E-33,-9.28809474E-35,6.08459569E+07,2.43387834E+06,6.08555697E-03,2.43426288E-04,-6.07934024E+07,-2.43171882E+06,-4.12635390E-01,-7.79327602E-02,-0.00000000E+00,-0.00000000E+00,3.55068639E-38,1.61894926E-39,-0.00000000E+00,-0.00000000E+00,3.55068639E-38,1.61894926E-39,-5.83989329E+04,-2.39961928E+03,-2.23669806E+02,-9.92543762E+00,5.83989342E+03,2.39961933E+02,5.76000000E+03,2.40000000E+02,7.76992227E+06,1.63109219E+09
2.60000000E+01,1.00000000E+00,2.32000000E-01,1.39977791E+08,7.52651458E+02,1.80445379E-08,-0.00000000E+00,-0.00000000E+00,-2.02593177E-33,-9.28969663E-35,6.32798360E+07,2.43387913E+06,6.32898333E-03,2.43426367E-04,-6.32251220E+07,-2.43171961E+06,-4.94291253E-01,-8.39277298E-02,-0.00000000E+00,-0.00000000E+00,3.71259114E-38,1.61910415E-39,-0.00000000E+00,-0.00000000E+00,3.71259114E-38,1.61910415E-39,-6.07985521E+04,-2.39961928E+03,-2.33595242E+02,-9.92543593E+00,6.07985535E+03,2.39961933E+02,6.00000000E+03,2.40000000E+02,7.76992226E+06,1.63109220E+09
2.70000000E+01,1.00000000E+00,2.32000000E-01,1.39977791E+08,7.52743487E+02,1.34250036E-08,-0.00000000E+00,-0.00000000E+00,-2.11883596E-33,-9.29083253E-35,6.57137159E+07,2.43387990E+06,6.57240978E-03,2.43426444E-04,-6.56568424E+07,-2.43172038E+06,-5.81372834E-01,-8.89883779E-02,-0.00000000E+00,-0.00000000E+00,3.87450866E-38,1.61921614E-39,-0.00000000E+00,-0.00000000E+00,3.87450866E-38,1.61921614E-39,-6.31981714E+04,-2.39961927E+03,-2.43520677E+02,-9.92543427E+00,6.31981728E+03,2.39961933E+02,6.24000000E+03,2.40000000E+02,7.76992225E+06,1.63109220E+09
2.80000000E+01,1.00000000E+00,2.32000000E-01,1.39977791E+08,7.52808197E+02,9.98810398E-09,-0.00000000E+00,-0.00000000E+00,-2.21174937E-33,-9.29163123E-35,6.81475966E+07,2.43388066E+06,6.81583630E-03,2.43426520E-04,-6.80885635E+07,-2.43172113E+06,-6.72961801E-01,-9.31478176E-02,-0.00000000E+00,-0.00000000E+00,4.03643540E-38,1.61929705E-39,-0.00000000E+00,-0.00000000E+00,4.03643540E-38,1.61929705E-39,-6.55977907E+04,-2.39961927E+03,-2.53446111E+02,-9.92543265E+00,6.55977922E+03,2.39961933E+02,6.48000000E+03,2.40000000E+02,7.76992225E+06,1.63109220E+09
2.90000000E+01,1.00000000E+00,2.32000000E-01,1.39977791E+08,7.52853298E+02,7.43107596E-09,-0.00000000E+00,-0.00000000E+00,-2.30466923E-33,-9.29218790E-35,7.05814780E+07,2.43388140E+06,7.05926289E-03,2.43426595E-04,-7.05202854E+07,-2.43172187E+06,-7.68201009E-01,-9.64828466E-02,-0.00000000E+00,-0.00000000E+00,4.19836881E-38,1.61935545E-39,-0.00000000E+00,-0.00000000E+00,4.19836881E-38,1.61935545E-39,-6.79974099E+04,-2.39961927E+03,-2.63371542E+02,-9.92543105E+00,6.79974115E+03,2.39961933E+02,6.72000000E+03,2.40000000E+02,7.76992224E+06,1.63109220E+09
3.00000000E+01,1.00000000E+00,2.32000000E-01,1.39977791E+08,7.52884448E+02,5.52866590E-09,-0.00000000E+00,-0.00000000E+00,-2.39759357E-33,-9.29257238E-35,7.30153601E+07,2.43388213E+06,7.30268956E-03,2.43426668E-04,-7.29520080E+07,-2.43172260E+06,-8.66327037E-01,-9.90958720E-02,-0.00000000E+00,-0.00000000E+00,4.36030703E-38,1.61939757E-39,-0.00000000E+00,-0.00000000E+00,4.36030703E-38,1.61939757E-39,-7.03970292E+04,-2.39961927E+03,-2.73296973E+02,-9.92542949E+00,7.03970308E+03,2.39961932E+02,6.96000000E+03,2.40000000E+02,7.76992223E+06,1.63109220E+09
3.10000000E+01,1.00000000E+00,2.32000000E-01,1.39977791E+08,7.52905764E+02,4.11328680E-09,-0.00000000E+00,-0.00000000E+00,-2.49052097E-33,-9.29283549E-35,7.54492430E+07,2.43388285E+06,7.54611630E-03,2.43426740E-04,-7.53837313E+07,-2.43172332E+06,-9.66686198E-01,-1.01099595E-01,-0.00000000E+00,-0.00000000E+00,4.52224871E-38,1.61942790E-39,-0.00000000E+00,-0.00000000E+00,4.52224871E-38,1.61942790E-39,-7.27966485E+04,-2.39961927E+03,-2.83222401E+02,-9.92542795E+00,7.27966501E+03,2.39961932E+02,7.20000000E+03,2.40000000E+02,7.76992223E+06,1.63109220E+09
3.20000000E+01,1.00000000E+00,2.32000000E-01,1.39977791E+08,7.52920216E+02,3.06025515E-09,-0.00000000E+00,-0.00000000E+00,-2.58345047E-33,-9.29301386E-35,7.78831265E+07,2.43388356E+06,7.78954311E-03,2.43426812E-04,-7.78154553E+07,-2.43172403E+06,-1.06873750E+00,-1.02605471E-01,-0.00000000E+00,-0.00000000E+00,4.68419289E-38,1.61944973E-39,-0.00000000E+00,-0.00000000E+00,4.68419289E-38,1.61944973E-39,-7.51962677E+04,-2.39961926E+03,-2.93147828E+02,-9.92542643E+00,7.51962694E+03,2.39961932E+02,7.44000000E+03,2.40000000E+02,7.76992222E+06,1.63109220E+09
3.30000000E+01,1.00000000E+00,2.32000000E-01,1.39977790E+08,7.52929922E+02,2.27680734E-09,-0.00000000E+00,-0.00000000E+00,-2.67638137E-33,-9.29313367E-35,8.03170108E+07,2.43388426E+06,8.03296999E-03,2.43426882E-04,-8.02471801E+07,-2.43172473E+06,-1.17204644E+00,-1.03716054E-01,-0.00000000E+00,-0.00000000E+00,4.84613885E-38,1.61946541E-39,-0.00000000E+00,-0.00000000E+00,4.84613885E-38,1.61946541E-39,-7.75958870E+04,-2.39961926E+03,-3.03073254E+02,-9.92542493E+00,7.75958888E+03,2.39961932E+02,7.68000000E+03,2.40000000E+02,7.76992221E+06,1.63109220E+09
3.40000000E+01,1.00000000E+00,2.32000000E-01,1.39977790E+08,7.52936382E+02,1.69392793E-09,-0.00000000E+00,-0.00000000E+00,-2.76931322E-33,-9.29321340E-35,8.27508958E+07,2.43388496E+06,8.27639695E-03,2.43426952E-04,-8.26789055E+07,-2.43172542E+06,-1.27627329E+00,-1.04520743E-01,-0.00000000E+00,-0.00000000E+00,5.00808611E-38,1.61947667E-39,-0.00000000E+00,-0.00000000E+00,5.00808611E-38,1.61947667E-39,-7.99955063E+04,-2.39961926E+03,-3.12998678E+02,-9.92542345E+00,7.99955081E+03,2.39961932E+02,7.92000000E+03,2.40000000E+02,7.76992221E+06,1.63109220E+09
3.50000000E+01,1.00000000E+00,2.32000000E-01,1.39977790E+08,7.52940641E+02,1.26026993E-09,-0.00000000E+00,-0.00000000E+00,-2.86224569E-33,-9.29326597E-35,8.51847814E+07,2.43388565E+06,8.51982397E-03,2.43427021E-04,-8.51106316E+07,-2.43172611E+06,-1.38115875E+00,-1.05094176E-01,-0.00000000E+00,-0.00000000E+00,5.17003429E-38,1.61948473E-39,-0.00000000E+00,-0.00000000E+00,5.17003429E-38,1.61948473E-39,-8.23951255E+04,-2.39961926E+03,-3.22924100E+02,-9.92542199E+00,8.23951274E+03,2.39961931E+02,8.16000000E+03,2.40000000E+02,7.76992220E+06,1.63109220E+09
3.60000000E+01,1.00000000E+00,2.32000000E-01,1.39977790E+08,7.52943424E+02,9.37631564E-10,-0.00000000E+00,-0.00000000E+00,-2.95517857E-33,-9.29330032E-35,8.76186677E+07,2.43388633E+06,8.76325106E-03,2.43427089E-04,-8.75423584E+07,-2.43172679E+06,-1.48650928E+00,-1.05496470E-01,-0.00000000E+00,-0.00000000E+00,5.33198313E-38,1.61949050E-39,-0.00000000E+00,-0.00000000E+00,5.33198313E-38,1.61949050E-39,-8.47947448E+04,-2.39961926E+03,-3.32849522E+02,-9.92542054E+00,8.47947467E+03,2.39961931E+02,8.40000000E+03,2.40000000E+02,7.76992219E+06,1.63109220E+09
3.70000000E+01,1.00000000E+00,2.32000000E-01,1.39977790E+08,7.52945227E+02,6.97590993E-10,-0.00000000E+00,-0.00000000E+00,-3.04811172E-33,-9.29332258E-35,9.00525548E+07,2.43388701E+06,9.00667821E-03,2.43427157E-04,-8.99740858E+07,-2.43172747E+06,-1.59218328E+00,-1.05774572E-01,-0.00000000E+00,-0.00000000E+00,5.49393244E-38,1.61949462E-39,-0.00000000E+00,-0.00000000E+00,5.49393244E-38,1.61949462E-39,-8.71943640E+04,-2.39961925E+03,-3.42774941E+02,-9.92541910E+00,8.71943660E+03,2.39961931E+02,8.64000000E+03,2.40000000E+02,7.76992219E+06,1.63109220E+09
3.80000000E+01,1.00000000E+00,2.32000000E-01,1.39977790E+08,7.52946386E+02,5.19002572E-10,-0.00000000E+00,-0.00000000E+00,-3.14104504E-33,-9.29333688E-35,9.24864424E+07,2.43388768E+06,9.25010544E-03,2.43427225E-04,-9.24058140E+07,-2.43172814E+06,-1.69807908E+00,-1.05964172E-01,-0.00000000E+00,-0.00000000E+00,5.65588209E-38,1.61949755E-39,-0.00000000E+00,-0.00000000E+00,5.65588209E-38,1.61949755E-39,-8.95939833E+04,-2.39961925E+03,-3.52700359E+02,-9.92541767E+00,8.95939853E+03,2.39961931E+02,8.88000000E+03,2.40000000E+02,7.76992218E+06,1.63109220E+09
3.90000000E+01,1.00000000E+00,2.32000000E-01,1.39977790E+08,7.52947124E+02,3.86134099E-10,-0.00000000E+00,-0.00000000E+00,-3.23397846E-33,-9.29334599E-35,9.49203308E+07,2.43388835E+06,9.49353273E-03,2.43427292E-04,-9.48375428E+07,-2.43172881E+06,-1.80412496E+00,-1.06091757E-01,-0.00000000E+00,-0.00000000E+00,5.81783198E-38,1.61949964E-39,-0.00000000E+00,-0.00000000E+00,5.81783198E-38,1.61949964E-39,-9.19936025E+04,-2.39961925E+03,-3.62625776E+02,-9.92541625E+00,9.19936046E+03,2.39961931E+02,9.12000000E+03,2.40000000E+02,7.76992217E+06,1.63109220E+09
4.00000000E+01,1.00000000E+00,2.32000000E-01,1.39977790E+08,7.52947592E+02,2.87280932E-10,-0.00000000E+00,-0.00000000E+00,-3.32691196E-33,-9.29335176E-35,9.73542198E+07,2.43388902E+06,9.73696009E-03,2.43427359E-04,-9.72692723E+07,-2.43172948E+06,-1.91027112E+00,-1.06176566E-01,-0.00000000E+00,-0.00000000E+00,5.97978203E-38,1.61950112E-39,-0.00000000E+00,-0.00000000E+00,5.97978203E-38,1.61950112E-39,-9.43932218E+04,-2.39961925E+03,-3.72551192E+02,-9.92541484E+00,9.43932239E+03,2.39961930E+02,9.36000000E+03,2.40000000E+02,7.76992217E+06,1.63109220E+09
4.10000000E+01,1.00000000E+00,2.32000000E-01,1.39977790E+08,7.52947885E+02,2.13734902E-10,-0.00000000E+00,-0.00000000E+00,-3.41984550E-33,-9.29335539E-35,9.97881095E+07,2.43388968E+06,9.98038752E-03,2.43427426E-04,-9.97010024E+07,-2.43173014E+06,-2.01648348E+00,-1.06232297E-01,-0.00000000E+00,-0.00000000E+00,6.14173221E-38,1.61950216E-39,-0.00000000E+00,-0.00000000E+00,6.14173221E-38,1.61950216E-39,-9.67928410E+04,-2.39961925E+03,-3.82476606E+02,-9.92541343E+00,9.67928432E+03,2.39961930E+02,9.60000000E+03,2.40000000E+02,7.76992216E+06,1.63109220E+09
4.20000000E+01,1.00000000E+00,2.32000000E-01,1.39977789E+08,7.52948069E+02,1.59017196E-10,-0.00000000E+00,-0.00000000E+00,-3.51277907E-33,-9.29335766E-35,1.02222000E+08,2.43389035E+06,1.02238150E-02,2.43427492E-04,-1.02132733E+08,-2.43173080E+06,-2.12273909E+00,-1.06268534E-01,-0.00000000E+00,-0.00000000E+00,6.30368247E-38,1.61950289E-39,-0.00000000E+00,-0.00000000E+00,6.30368247E-38,1.61950289E-39,-9.91924603E+04,-2.39961924E+03,-3.92402018E+02,-9.92541203E+00,9.91924625E+03,2.39961930E+02,9.84000000E+03,2.40000000E+02,7.76992215E+06,1.63109220E+09
4.30000000E+01,1.00000000E+00,2.32000000E-01,1.39977789E+08,7.52948184E+02,1.18307625E-10,-0.00000000E+00,-0.00000000E+00,-3.60571266E-33,-9.29335907E-35,1.04655891E+08,2.43389101E+06,1.04672426E-02,2.43427559E-04,-1.04564465E+08,-2.43173147E+06,-2.22902265E+00,-1.06291870E-01,-0.00000000E+00,-0.00000000E+00,6.46563280E-38,1.61950340E-39,-0.00000000E+00,-0.00000000E+00,6.46563280E-38,1.61950340E-39,-1.01592080E+05,-2.39961924E+03,-4.02327430E+02,-9.92541063E+00,1.01592082E+04,2.39961930E+02,1.00800000E+04,2.40000000E+02,7.76992215E+06,1.63109220E+09
4.40000000E+01,1.00000000E+00,2.32000000E-01,1.39977789E+08,7.52948256E+02,8.80200038E-11,-0.00000000E+00,-0.00000000E+00,-3.69864625E-33,-9.29335996E-35,1.07089783E+08,2.43389167E+06,1.07106702E-02,2.43427625E-04,-1.06996197E+08,-2.43173212E+06,-2.33532414E+00,-1.06306772E-01,-0.00000000E+00,-0.00000000E+00,6.62758316E-38,1.61950376E-39,-0.00000000E+00,-0.00000000E+00,6.62758316E-38,1.61950376E-39,-1.03991699E+05,-2.39961924E+03,-4.12252839E+02,-9.92540924E+00,1.03991701E+04,2.39961930E+02,1.03200000E+04,2.40000000E+02,7.76992214E+06,1.63109220E+09
4.50000000E+01,1.00000000E+00,2.32000000E-01,1.39977789E+08,7.52948301E+02,6.54862359E-11,-0.00000000E+00,-0.00000000E+00,-3.79157986E-33,-9.29336052E-35,1.09523675E+08,2.43389233E+06,1.09540979E-02,2.43427691E-04,-1.09427930E+08,-2.43173278E+06,-2.44163701E+00,-1.06316223E-01,-0.00000000E+00,-0.00000000E+00,6.78953355E-38,1.61950400E-39,-0.00000000E+00,-0.00000000E+00,6.78953355E-38,1.61950400E-39,-1.06391318E+05,-2.39961924E+03,-4.22178248E+02,-9.92540785E+00,1.06391320E+04,2.39961929E+02,1.05600000E+04,2.40000000E+02,7.76992214E+06,1.63109220E+09
4.60000000E+01,1.00000000E+00,2.32000000E-01,1.39977789E+08,7.52948330E+02,4.87212783E-11,-0.00000000E+00,-0.00000000E+00,-3.88451346E-33,-9.29336087E-35,1.11957568E+08,2.43389299E+06,1.11975256E-02,2.43427757E-04,-1.11859663E+08,-2.43173344E+06,-2.54795710E+00,-1.06322189E-01,-0.00000000E+00,-0.00000000E+00,6.95148396E-38,1.61950417E-39,-0.00000000E+00,-0.00000000E+00,6.95148396E-38,1.61950417E-39,-1.08790937E+05,-2.39961924E+03,-4.32103655E+02,-9.92540646E+00,1.08790940E+04,2.39961929E+02,1.08000000E+04,2.40000000E+02,7.76992213E+06,1.63109220E+09
4.70000000E+01,1.00000000E+00,2.32000000E-01,1.39977789E+08,7.52948349E+02,3.62482730E-11,-0.00000000E+00,-0.00000000E+00,-3.97744707E-33,-9.29336110E-35,1.14391461E+08,2.43389364E+06,1.14409535E-02,2.43427823E-04,-1.14291397E+08,-2.43173410E+06,-2.65428172E+00,-1.06325950E-01,-0.00000000E+00,-0.00000000E+00,7.11343438E-38,1.61950428E-39,-0.00000000E+00,-0.00000000E+00,7.11343438E-38,1.61950428E-39,-1.11190556E+05,-2.39961923E+03,-4.42029061E+02,-9.92540507E+00,1.11190559E+04,2.39961929E+02,1.10400000E+04,2.40000000E+02,7.76992212E+06,1.63109220E+09
4.80000000E+01,1.00000000E+00,2.32000000E-01,1.39977789E+08,7.52948361E+02,2.69684487E-11,-0.00000000E+00,-0.00000000E+00,-4.07038069E-33,-9.29336126E-35,1.16825356E+08,2.43389430E+06,1.16843814E-02,2.43427889E-04,-1.16723132E+08,-2.43173475E+06,-2.76060922E+00,-1.06328330E-01,-0.00000000E+00,-0.00000000E+00,7.27538482E-38,1.61950435E-39,-0.00000000E+00,-0.00000000E+00,7.27538482E-38,1.61950435E-39,-1.13590176E+05,-2.39961923E+03,-4.51954465E+02,-9.92540369E+00,1.13590178E+04,2.39961929E+02,1.12800000E+04,2.40000000E+02,7.76992212E+06,1.63109220E+09
4.90000000E+01,1.00000000E+00,2.32000000E-01,1.39977789E+08,7.52948371E+02,2.00643276E-11,-0.00000000E+00,-0.00000000E+00,-4.16331430E-33,-9.29336137E-35,1.19259251E+08,2.43389495E+06,1.19278093E-02,2.43427954E-04,-1.19154867E+08,-2.43173541E+06,-2.86693854E+00,-1.06329852E-01,-0.00000000E+00,-0.00000000E+00,7.43733525E-38,1.61950439E-39,-0.00000000E+00,-0.00000000E+00,7.43733525E-38,1.61950439E-39,-1.15989795E+05,-2.39961923E+03,-4.61879868E+02,-9.92540230E+00,1.15989798E+04,2.39961929E+02,1.15200000E+04,2.40000000E+02,7.76992211E+06,1.63109220E+09
5.00000000E+01,1.00000000E+00,2.32000000E-01,1.39977788E+08,7.52948378E+02,1.49277123E-11,-0.00000000E+00,-0.00000000E+00,-4.25624791E-33,-9.29336146E-35,1.21693146E+08,2.43389561E+06,1.21712373E-02,2.43428020E-04,-1.21586603E+08,-2.43173606E+06,-2.97326904E+00,-1.06330846E-01,-0.00000000E+00,-0.00000000E+00,7.59928569E-38,1.61950441E-39,-0.00000000E+00,-0.00000000E+00,7.59928569E-38,1.61950441E-39,-1.18389414E+05,-2.39961923E+03,-4.71805269E+02,-9.92540092E+00,1.18389417E+04,2.39961928E+02,1.17600000E+04,2.40000000E+02,7.76992210E+06,1.63109220E+09
