Time [d],dt_flow [d],dt_tran [d],Global Water Mass in Liquid Phas [kg],Global Vaq [mol],Global Vim [mol],Top Water Mass [kg],Top Water Mass [kg/d],Top Vaq [mol],Top Vaq [mol/d],Right Water Mass [kg],Right Water Mass [kg/d],Right Vaq [mol],Right Vaq [mol/d],Left Water Mass [kg],Left Water Mass [kg/d],Left Vaq [mol],Left Vaq [mol/d],North Water Mass [kg],North Water Mass [kg/d],North Vaq [mol],North Vaq [mol/d],South Water Mass [kg],South Water Mass [kg/d],South Vaq [mol],South Vaq [mol/d],ExtractWell Water Mass [kg],ExtractWell Water Mass [kg/d],ExtractWell Vaq [mol],ExtractWell Vaq [mol/d],InjectWell Water Mass [kg],InjectWell Water Mass [kg/d],InjectWell Vaq [mol],InjectWell Vaq [mol/d],Region Region__all Water Mass [kg],Region Region__all Total Mass [kg]
1.00000000E+00,4.89000000E-01,1.05000000E-01,1.39977750E+08,1.04155763E-02,2.97108677E-05,-0.00000000E+00,-0.00000000E+00,2.71693665E-40,4.42420291E-40,1.21674998E+06,1.21693749E+06,1.21694299E-04,1.21713052E-04,-1.21602278E+06,-1.21583397E+06,-1.02431264E-04,-9.03230890E-05,-0.00000000E+00,-0.00000000E+00,2.70006198E-40,4.39672518E-40,-0.00000000E+00,-0.00000000E+00,2.70006198E-40,4.39672518E-40,-8.08069156E+02,-1.22620509E+03,-6.49167855E-08,-9.11008190E-08,8.08069165E+01,1.22620511E+02,8.08197600E-09,1.22640000E-08,7.76991999E+06,1.63109144E+09
2.00000000E+00,4.88000000E-01,1.04000000E-01,1.39977750E+08,2.03094203E+02,2.19902709E-05,-0.00000000E+00,-0.00000000E+00,-1.44204634E-35,-2.50658993E-35,2.43421363E+06,1.21746369E+06,2.43459975E-04,1.21765681E-04,-2.43132684E+06,-1.21530409E+06,-1.79245521E-04,-6.68228063E-05,-0.00000000E+00,-0.00000000E+00,8.97793170E-40,7.66928843E-40,-0.00000000E+00,-0.00000000E+00,8.97793170E-40,7.66928843E-40,-3.20768773E+03,-2.39961858E+03,-1.22787291E+00,-2.72123731E+00,3.20768777E+02,2.39961860E+02,2.40000000E+02,2.40000000E+02,7.76991998E+06,1.63109165E+09
3.00000000E+00,1.00000000E+00,1.04000000E-01,1.39977750E+08,3.50150137E+02,1.62834408E-05,-0.00000000E+00,-0.00000000E+00,-5.00356404E-35,-4.32168031E-35,3.65167748E+06,1.21746385E+06,3.65225673E-04,1.21765697E-04,-3.64663109E+06,-1.21530425E+06,-2.36024290E-04,-4.94812159E-05,-0.00000000E+00,-0.00000000E+00,1.80379240E-39,1.00675053E-39,-0.00000000E+00,-0.00000000E+00,1.80379240E-39,1.00675053E-39,-5.60730631E+03,-2.39961857E+03,-6.03797597E+00,-6.40015899E+00,5.60730637E+02,2.39961860E+02,4.80000000E+02,2.40000000E+02,7.76991998E+06,1.63109179E+09
4.00000000E+00,1.00000000E+00,2.32000000E-01,1.39977750E+08,4.54834681E+02,1.21147600E-05,-0.00000000E+00,-0.00000000E+00,-1.01442272E-34,-5.61378669E-35,4.86914149E+06,1.21746401E+06,4.86991386E-04,1.21765713E-04,-4.86193550E+06,-1.21530441E+06,-2.77499607E-04,-3.68136648E-05,-0.00000000E+00,-0.00000000E+00,2.92038547E-39,1.18037132E-39,-0.00000000E+00,-0.00000000E+00,2.92038546E-39,1.18037132E-39,-8.00692488E+03,-2.39961857E+03,-1.41435305E+01,-9.05761266E+00,8.00692497E+02,2.39961860E+02,7.20000000E+02,2.40000000E+02,7.76991998E+06,1.63109190E+09
5.00000000E+00,1.00000000E+00,2.32000000E-01,1.39977750E+08,5.31036748E+02,9.01329222E-06,-0.00000000E+00,-0.00000000E+00,-1.63539044E-34,-6.55433792E-35,6.08660565E+06,1.21746417E+06,6.08757115E-04,1.21765729E-04,-6.07724006E+06,-1.21530457E+06,-3.08356941E-04,-2.73890990E-05,-0.00000000E+00,-0.00000000E+00,4.18179238E-39,1.30845776E-39,-0.00000000E+00,-0.00000000E+00,4.18179238E-39,1.30845776E-39,-1.04065435E+04,-2.39961857E+03,-2.42788184E+01,-1.07175194E+01,1.04065436E+03,2.39961860E+02,9.60000000E+02,2.40000000E+02,7.76991998E+06,1.63109197E+09
6.00000000E+00,1.00000000E+00,2.32000000E-01,1.39977750E+08,5.86728300E+02,6.70582301E-06,-0.00000000E+00,-0.00000000E+00,-2.33435157E-34,-7.24173079E-35,7.30406998E+06,1.21746433E+06,7.30522859E-04,1.21765745E-04,-7.29254479E+06,-1.21530472E+06,-3.31314573E-04,-2.03772910E-05,-0.00000000E+00,-0.00000000E+00,5.55002931E-39,1.40294504E-39,-0.00000000E+00,-0.00000000E+00,5.55002931E-39,1.40294504E-39,-1.28061620E+04,-2.39961857E+03,-3.56251604E+01,-1.16796772E+01,1.28061622E+03,2.39961860E+02,1.20000000E+03,2.40000000E+02,7.76991997E+06,1.63109203E+09
7.00000000E+00,1.00000000E+00,2.32000000E-01,1.39977750E+08,6.27597708E+02,4.98908294E-06,-0.00000000E+00,-0.00000000E+00,-3.09045194E-34,-7.74617606E-35,8.52153446E+06,1.21746448E+06,8.52288620E-04,1.21765760E-04,-8.50784966E+06,-1.21530488E+06,-3.48394888E-04,-1.51605638E-05,-0.00000000E+00,-0.00000000E+00,6.99706966E-39,1.47264167E-39,-0.00000000E+00,-0.00000000E+00,6.99706966E-39,1.47264167E-39,-1.52057806E+04,-2.39961857E+03,-4.76545439E+01,-1.22124759E+01,1.52057808E+03,2.39961860E+02,1.44000000E+03,2.40000000E+02,7.76991997E+06,1.63109207E+09
8.00000000E+00,1.00000000E+00,2.32000000E-01,1.39977750E+08,6.57697387E+02,3.71184097E-06,-0.00000000E+00,-0.00000000E+00,-3.88857417E-34,-8.11769209E-35,9.73899910E+06,1.21746464E+06,9.74054396E-04,1.21765776E-04,-9.72315470E+06,-1.21530503E+06,-3.61102550E-04,-1.12794075E-05,-0.00000000E+00,-0.00000000E+00,8.50223521E-39,1.52404815E-39,-0.00000000E+00,-0.00000000E+00,8.50223521E-39,1.52404815E-39,-1.76053992E+04,-2.39961857E+03,-6.00553537E+01,-1.24985576E+01,1.76053994E+03,2.39961860E+02,1.68000000E+03,2.40000000E+02,7.76991997E+06,1.63109210E+09
9.00000000E+00,1.00000000E+00,2.32000000E-01,1.39977750E+08,6.79928759E+02,2.76158235E-06,-0.00000000E+00,-0.00000000E+00,-4.71769837E-34,-8.39209074E-35,1.09564639E+07,1.21746479E+06,1.09582019E-03,1.21765791E-04,-1.09384599E+07,-1.21530518E+06,-3.70557151E-04,-8.39212938E-06,-0.00000000E+00,-0.00000000E+00,1.00502706E-38,1.56196141E-39,-0.00000000E+00,-0.00000000E+00,1.00502706E-38,1.56196141E-39,-2.00050177E+04,-2.39961857E+03,-7.26530342E+01,-1.26487952E+01,2.00050180E+03,2.39961860E+02,1.92000000E+03,2.40000000E+02,7.76991996E+06,1.63109212E+09
1.00000000E+01,1.00000000E+00,2.32000000E-01,1.39977750E+08,6.96384216E+02,2.05459694E-06,-0.00000000E+00,-0.00000000E+00,-5.56975053E-34,-8.59519810E-35,1.21739288E+07,1.21746494E+06,1.21758599E-03,1.21765806E-04,-1.21537652E+07,-1.21530534E+06,-3.77592218E-04,-6.24516064E-06,-0.00000000E+00,-0.00000000E+00,1.16299218E-38,1.58992101E-39,-0.00000000E+00,-0.00000000E+00,1.16299218E-38,1.58992101E-39,-2.24046363E+04,-2.39961857E+03,-8.53531076E+01,-1.27263847E+01,2.24046366E+03,2.39961859E+02,2.16000000E+03,2.40000000E+02,7.76991996E+06,1.63109214E+09
1.10000000E+01,1.00000000E+00,2.32000000E-01,1.39977750E+08,7.08583645E+02,1.52860499E-06,-0.00000000E+00,-0.00000000E+00,-6.43879015E-34,-8.74577391E-35,1.33913939E+07,1.21746509E+06,1.33935181E-03,1.21765821E-04,-1.33690707E+07,-1.21530549E+06,-3.82829771E-04,-4.65174038E-06,-0.00000000E+00,-0.00000000E+00,1.32328875E-38,1.61053853E-39,-0.00000000E+00,-0.00000000E+00,1.32328875E-38,1.61053853E-39,-2.48042549E+04,-2.39961857E+03,-9.81056662E+01,-1.27659359E+01,2.48042551E+03,2.39961859E+02,2.40000000E+03,2.40000000E+02,7.76991996E+06,1.63109215E+09
1.20000000E+01,1.00000000E+00,2.32000000E-01,1.39977750E+08,7.17637989E+02,1.13727088E-06,-0.00000000E+00,-0.00000000E+00,-7.32043227E-34,-8.85753038E-35,1.46088592E+07,1.21746524E+06,1.46111765E-03,1.21765836E-04,-1.45843763E+07,-1.21530563E+06,-3.86737873E-04,-3.47754862E-06,-0.00000000E+00,-0.00000000E+00,1.48530446E-38,1.62574077E-39,-0.00000000E+00,-0.00000000E+00,1.48530446E-38,1.62574077E-39,-2.72038734E+04,-2.39961857E+03,-1.10884820E+02,-1.27858874E+01,2.72038737E+03,2.39961859E+02,2.64000000E+03,2.40000000E+02,7.76991996E+06,1.63109216E+09
1.30000000E+01,1.00000000E+00,2.32000000E-01,1.39977750E+08,7.24363343E+02,8.46121177E-07,-0.00000000E+00,-0.00000000E+00,-8.21143241E-34,-8.94054046E-35,1.58263245E+07,1.21746539E+06,1.58288350E-03,1.21765851E-04,-1.57996821E+07,-1.21530578E+06,-3.89677571E-04,-2.63239903E-06,-0.00000000E+00,-0.00000000E+00,1.64858770E-38,1.63694916E-39,-0.00000000E+00,-0.00000000E+00,1.64858770E-38,1.63694916E-39,-2.96034920E+04,-2.39961856E+03,-1.23677324E+02,-1.27958661E+01,2.96034923E+03,2.39961859E+02,2.88000000E+03,2.40000000E+02,7.76991995E+06,1.63109217E+09
1.40000000E+01,1.00000000E+00,2.32000000E-01,1.39977750E+08,7.29361472E+02,6.29507937E-07,-0.00000000E+00,-0.00000000E+00,-9.10938577E-34,-9.00223166E-35,1.70437901E+07,1.21746553E+06,1.70464937E-03,1.21765866E-04,-1.70149880E+07,-1.21530593E+06,-3.91944817E-04,-2.06723249E-06,-0.00000000E+00,-0.00000000E+00,1.81280544E-38,1.64521226E-39,-0.00000000E+00,-0.00000000E+00,1.81280544E-38,1.64521226E-39,-3.20031106E+04,-2.39961856E+03,-1.36476478E+02,-1.28008215E+01,3.20031109E+03,2.39961859E+02,3.12000000E+03,2.40000000E+02,7.76991995E+06,1.63109217E+09
1.50000000E+01,1.00000000E+00,2.32000000E-01,1.39977750E+08,7.33077330E+02,4.68349279E-07,-0.00000000E+00,-0.00000000E+00,-1.00125078E-33,-9.04809596E-35,1.82612558E+07,1.21746568E+06,1.82641525E-03,1.21765880E-04,-1.82302941E+07,-1.21530607E+06,-3.93812063E-04,-1.77534562E-06,-0.00000000E+00,-0.00000000E+00,1.97771207E-38,1.65130351E-39,-0.00000000E+00,-0.00000000E+00,1.97771207E-38,1.65130351E-39,-3.44027291E+04,-2.39961856E+03,-1.49278924E+02,-1.28032674E+01,3.44027295E+03,2.39961859E+02,3.36000000E+03,2.40000000E+02,7.76991995E+06,1.63109218E+09
1.60000000E+01,1.00000000E+00,2.32000000E-01,1.39977750E+08,7.35840566E+02,3.48448421E-07,-0.00000000E+00,-0.00000000E+00,-1.09194730E-33,-9.08220219E-35,1.94787216E+07,1.21746582E+06,1.94818114E-03,1.21765895E-04,-1.94456003E+07,-1.21530621E+06,-3.95572809E-04,-1.79617811E-06,-0.00000000E+00,-0.00000000E+00,2.14312651E-38,1.65579336E-39,-0.00000000E+00,-0.00000000E+00,2.14312651E-38,1.65579336E-39,-3.68023477E+04,-2.39961856E+03,-1.62082989E+02,-1.28044684E+01,3.68023481E+03,2.39961859E+02,3.60000000E+03,2.40000000E+02,7.76991994E+06,1.63109218E+09
1.70000000E+01,1.00000000E+00,2.32000000E-01,1.39977750E+08,7.37895739E+02,2.59243065E-07,-0.00000000E+00,-0.00000000E+00,-1.18292964E-33,-9.10756890E-35,2.06961875E+07,1.21746596E+06,2.06994705E-03,1.21765909E-04,-2.06609067E+07,-1.21530636E+06,-3.97590279E-04,-2.21933506E-06,-0.00000000E+00,-0.00000000E+00,2.30891523E-38,1.65910254E-39,-0.00000000E+00,-0.00000000E+00,2.30891523E-38,1.65910254E-39,-3.92019662E+04,-2.39961856E+03,-1.74887848E+02,-1.28050555E+01,3.92019667E+03,2.39961859E+02,3.84000000E+03,2.40000000E+02,7.76991994E+06,1.63109218E+09
1.80000000E+01,1.00000000E+00,2.32000000E-01,1.39977749E+08,7.39424453E+02,1.92874935E-07,-0.00000000E+00,-0.00000000E+00,-1.27412459E-33,-9.12643759E-35,2.19136536E+07,1.21746611E+06,2.19171297E-03,1.21765923E-04,-2.18762132E+07,-1.21530650E+06,-4.00348842E-04,-3.18616994E-06,-0.00000000E+00,-0.00000000E+00,2.47497980E-38,1.66154130E-39,-0.00000000E+00,-0.00000000E+00,2.47497980E-38,1.66154130E-39,-4.16015848E+04,-2.39961856E+03,-1.87693094E+02,-1.28053412E+01,4.16015853E+03,2.39961859E+02,4.08000000E+03,2.40000000E+02,7.76991994E+06,1.63109218E+09
1.90000000E+01,1.00000000E+00,2.32000000E-01,1.39977749E+08,7.40561649E+02,1.43497534E-07,-0.00000000E+00,-0.00000000E+00,-1.36547767E-33,-9.14047384E-35,2.31311199E+07,1.21746625E+06,2.31347891E-03,1.21765937E-04,-2.30915198E+07,-1.21530664E+06,-4.04504203E-04,-4.88645487E-06,-0.00000000E+00,-0.00000000E+00,2.64124764E-38,1.66333842E-39,-0.00000000E+00,-0.00000000E+00,2.64124764E-38,1.66333842E-39,-4.40012034E+04,-2.39961856E+03,-2.00498527E+02,-1.28054797E+01,4.40012039E+03,2.39961859E+02,4.32000000E+03,2.40000000E+02,7.76991994E+06,1.63109218E+09
2.00000000E+01,1.00000000E+00,2.32000000E-01,1.39977749E+08,7.41407638E+02,1.06761111E-07,-0.00000000E+00,-0.00000000E+00,-1.45694840E-33,-9.15091576E-35,2.43485863E+07,1.21746638E+06,2.43524486E-03,1.21765951E-04,-2.43068266E+07,-1.21530677E+06,-4.10926350E-04,-7.54849609E-06,-0.00000000E+00,-0.00000000E+00,2.80766527E-38,1.66466261E-39,-0.00000000E+00,-0.00000000E+00,2.80766527E-38,1.66466261E-39,-4.64008219E+04,-2.39961856E+03,-2.13304051E+02,-1.28055466E+01,4.64008224E+03,2.39961858E+02,4.56000000E+03,2.40000000E+02,7.76991993E+06,1.63109218E+09
2.10000000E+01,1.00000000E+00,2.32000000E-01,1.39977749E+08,7.42037008E+02,7.94294817E-08,-0.00000000E+00,-0.00000000E+00,-1.54850666E-33,-9.15868399E-35,2.55660528E+07,1.21746652E+06,2.55701083E-03,1.21765965E-04,-2.55221335E+07,-1.21530691E+06,-4.20728398E-04,-1.14223727E-05,-0.00000000E+00,-0.00000000E+00,2.97419327E-38,1.66563822E-39,-0.00000000E+00,-0.00000000E+00,2.97419327E-38,1.66563822E-39,-4.88004405E+04,-2.39961856E+03,-2.26109619E+02,-1.28055787E+01,4.88004410E+03,2.39961858E+02,4.80000000E+03,2.40000000E+02,7.76991993E+06,1.63109218E+09
2.20000000E+01,1.00000000E+00,2.32000000E-01,1.39977749E+08,7.42505234E+02,5.90949507E-08,-0.00000000E+00,-0.00000000E+00,-1.64013002E-33,-9.16446323E-35,2.67835195E+07,1.21746666E+06,2.67877681E-03,1.21765978E-04,-2.67374406E+07,-1.21530705E+06,-4.35275055E-04,-1.67574810E-05,-0.00000000E+00,-0.00000000E+00,3.14080257E-38,1.66635694E-39,-0.00000000E+00,-0.00000000E+00,3.14080257E-38,1.66635694E-39,-5.12000590E+04,-2.39961856E+03,-2.38915208E+02,-1.28055940E+01,5.12000596E+03,2.39961858E+02,5.04000000E+03,2.40000000E+02,7.76991993E+06,1.63109218E+09
2.30000000E+01,1.00000000E+00,2.32000000E-01,1.39977749E+08,7.42853577E+02,4.39662090E-08,-0.00000000E+00,-0.00000000E+00,-1.73180183E-33,-9.16876278E-35,2.80009862E+07,1.21746679E+06,2.80054280E-03,1.21765992E-04,-2.79527477E+07,-1.21530718E+06,-4.56166453E-04,-2.37768863E-05,-0.00000000E+00,-0.00000000E+00,3.30747176E-38,1.66688637E-39,-0.00000000E+00,-0.00000000E+00,3.30747176E-38,1.66688637E-39,-5.35996776E+04,-2.39961855E+03,-2.51720807E+02,-1.28056012E+01,5.35996782E+03,2.39961858E+02,5.28000000E+03,2.40000000E+02,7.76991993E+06,1.63109219E+09
2.40000000E+01,1.00000000E+00,2.32000000E-01,1.39977749E+08,7.43112731E+02,3.27105364E-08,-0.00000000E+00,-0.00000000E+00,-1.82350967E-33,-9.17196148E-35,2.92184532E+07,1.21746692E+06,2.92230880E-03,1.21766005E-04,-2.91680550E+07,-1.21530731E+06,-4.85196132E-04,-3.26518054E-05,-0.00000000E+00,-0.00000000E+00,3.47418508E-38,1.66727631E-39,-0.00000000E+00,-0.00000000E+00,3.47418508E-38,1.66727631E-39,-5.59992961E+04,-2.39961855E+03,-2.64526410E+02,-1.28056044E+01,5.59992968E+03,2.39961858E+02,5.52000000E+03,2.40000000E+02,7.76991992E+06,1.63109219E+09
2.50000000E+01,1.00000000E+00,2.32000000E-01,1.39977749E+08,7.43305530E+02,2.43363986E-08,-0.00000000E+00,-0.00000000E+00,-1.91524433E-33,-9.17434117E-35,3.04359202E+07,1.21746705E+06,3.04407482E-03,1.21766018E-04,-3.03833625E+07,-1.21530744E+06,-5.24285437E-04,-4.34796982E-05,-0.00000000E+00,-0.00000000E+00,3.64093088E-38,1.66756349E-39,-0.00000000E+00,-0.00000000E+00,3.64093088E-38,1.66756349E-39,-5.83989147E+04,-2.39961855E+03,-2.77332016E+02,-1.28056059E+01,5.83989154E+03,2.39961858E+02,5.76000000E+03,2.40000000E+02,7.76991992E+06,1.63109219E+09
2.60000000E+01,1.00000000E+00,2.32000000E-01,1.39977749E+08,7.43448960E+02,1.81061017E-08,-0.00000000E+00,-0.00000000E+00,-2.00699893E-33,-9.17611150E-35,3.16533874E+07,1.21746718E+06,3.16584085E-03,1.21766031E-04,-3.15986701E+07,-1.21530757E+06,-5.75399825E-04,-5.62689323E-05,-0.00000000E+00,-0.00000000E+00,3.80770061E-38,1.66777497E-39,-0.00000000E+00,-0.00000000E+00,3.80770061E-38,1.66777497E-39,-6.07985332E+04,-2.39961855E+03,-2.90137622E+02,-1.28056064E+01,6.07985339E+03,2.39961858E+02,6.00000000E+03,2.40000000E+02,7.76991992E+06,1.63109219E+09
2.70000000E+01,1.00000000E+00,2.32000000E-01,1.39977749E+08,7.43555659E+02,1.34708066E-08,-0.00000000E+00,-0.00000000E+00,-2.09876836E-33,-9.17742847E-35,3.28708547E+07,1.21746731E+06,3.28760690E-03,1.21766044E-04,-3.28139778E+07,-1.21530770E+06,-6.40454899E-04,-7.09319634E-05,-0.00000000E+00,-0.00000000E+00,3.97448796E-38,1.66793069E-39,-0.00000000E+00,-0.00000000E+00,3.97448796E-38,1.66793069E-39,-6.31981518E+04,-2.39961855E+03,-3.02943228E+02,-1.28056065E+01,6.31981525E+03,2.39961858E+02,6.24000000E+03,2.40000000E+02,7.76991992E+06,1.63109219E+09
2.80000000E+01,1.00000000E+00,2.32000000E-01,1.39977749E+08,7.43635029E+02,1.00221811E-08,-0.00000000E+00,-0.00000000E+00,-2.19054884E-33,-9.17840813E-35,3.40883222E+07,1.21746744E+06,3.40937295E-03,1.21766057E-04,-3.40292856E+07,-1.21530783E+06,-7.21221219E-04,-8.72876844E-05,-0.00000000E+00,-0.00000000E+00,4.14128829E-38,1.66804533E-39,-0.00000000E+00,-0.00000000E+00,4.14128829E-38,1.66804533E-39,-6.55977703E+04,-2.39961855E+03,-3.15748835E+02,-1.28056063E+01,6.55977711E+03,2.39961858E+02,6.48000000E+03,2.40000000E+02,7.76991991E+06,1.63109219E+09
2.90000000E+01,1.00000000E+00,2.32000000E-01,1.39977749E+08,7.43694065E+02,7.45642910E-09,-0.00000000E+00,-0.00000000E+00,-2.28233753E-33,-9.17913680E-35,3.53057897E+07,1.21746757E+06,3.53113902E-03,1.21766069E-04,-3.52445935E+07,-1.21530795E+06,-8.19236749E-04,-1.05072311E-04,-0.00000000E+00,-0.00000000E+00,4.30809816E-38,1.66812972E-39,-0.00000000E+00,-0.00000000E+00,4.30809816E-38,1.66812972E-39,-6.79973889E+04,-2.39961855E+03,-3.28554441E+02,-1.28056061E+01,6.79973897E+03,2.39961858E+02,6.72000000E+03,2.40000000E+02,7.76991991E+06,1.63109219E+09
3.00000000E+01,1.00000000E+00,2.32000000E-01,1.39977749E+08,7.43737972E+02,5.54752845E-09,-0.00000000E+00,-0.00000000E+00,-2.37413232E-33,-9.17967875E-35,3.65232574E+07,1.21746769E+06,3.65290510E-03,1.21766082E-04,-3.64599016E+07,-1.21530808E+06,-9.35734529E-04,-1.23957119E-04,-0.00000000E+00,-0.00000000E+00,4.47491506E-38,1.66819184E-39,-0.00000000E+00,-0.00000000E+00,4.47491506E-38,1.66819184E-39,-7.03970074E+04,-2.39961855E+03,-3.41360047E+02,-1.28056059E+01,7.03970082E+03,2.39961858E+02,6.96000000E+03,2.40000000E+02,7.76991991E+06,1.63109219E+09
3.10000000E+01,1.00000000E+00,2.32000000E-01,1.39977749E+08,7.43770623E+02,4.12732040E-09,-0.00000000E+00,-0.00000000E+00,-2.46593166E-33,-9.18008175E-35,3.77407252E+07,1.21746781E+06,3.77467120E-03,1.21766094E-04,-3.76752098E+07,-1.21530820E+06,-1.07159100E-03,-1.43570652E-04,-0.00000000E+00,-0.00000000E+00,4.64173714E-38,1.66823756E-39,-0.00000000E+00,-0.00000000E+00,4.64173714E-38,1.66823756E-39,-7.27966260E+04,-2.39961855E+03,-3.54165653E+02,-1.28056056E+01,7.27966268E+03,2.39961858E+02,7.20000000E+03,2.40000000E+02,7.76991991E+06,1.63109219E+09
3.20000000E+01,1.00000000E+00,2.32000000E-01,1.39977749E+08,7.43794899E+02,3.07069604E-09,-0.00000000E+00,-0.00000000E+00,-2.55773437E-33,-9.18038138E-35,3.89581932E+07,1.21746794E+06,3.89643730E-03,1.21766107E-04,-3.88905181E+07,-1.21530832E+06,-1.22729790E-03,-1.63522781E-04,-0.00000000E+00,-0.00000000E+00,4.80856303E-38,1.66827120E-39,-0.00000000E+00,-0.00000000E+00,4.80856303E-38,1.66827120E-39,-7.51962445E+04,-2.39961855E+03,-3.66971258E+02,-1.28056053E+01,7.51962454E+03,2.39961858E+02,7.44000000E+03,2.40000000E+02,7.76991990E+06,1.63109219E+09
3.30000000E+01,1.00000000E+00,2.32000000E-01,1.39977749E+08,7.43812943E+02,2.28457529E-09,-0.00000000E+00,-0.00000000E+00,-2.64953959E-33,-9.18060410E-35,4.01756612E+07,1.21746806E+06,4.01820342E-03,1.21766119E-04,-4.01058266E+07,-1.21530844E+06,-1.40295793E-03,-1.83428105E-04,-0.00000000E+00,-0.00000000E+00,4.97539171E-38,1.66829595E-39,-0.00000000E+00,-0.00000000E+00,4.97539171E-38,1.66829595E-39,-7.75958631E+04,-2.39961855E+03,-3.79776864E+02,-1.28056050E+01,7.75958640E+03,2.39961857E+02,7.68000000E+03,2.40000000E+02,7.76991990E+06,1.63109219E+09
3.40000000E+01,1.00000000E+00,2.32000000E-01,1.39977749E+08,7.43826352E+02,1.69970722E-09,-0.00000000E+00,-0.00000000E+00,-2.74134668E-33,-9.18076960E-35,4.13931294E+07,1.21746818E+06,4.13996955E-03,1.21766131E-04,-4.13211351E+07,-1.21530856E+06,-1.59830241E-03,-2.02926626E-04,-0.00000000E+00,-0.00000000E+00,5.14222246E-38,1.66831416E-39,-0.00000000E+00,-0.00000000E+00,5.14222246E-38,1.66831416E-39,-7.99954816E+04,-2.39961855E+03,-3.92582468E+02,-1.28056047E+01,7.99954825E+03,2.39961857E+02,7.92000000E+03,2.40000000E+02,7.76991990E+06,1.63109219E+09
3.50000000E+01,1.00000000E+00,2.32000000E-01,1.39977749E+08,7.43836312E+02,1.26456968E-09,-0.00000000E+00,-0.00000000E+00,-2.83315515E-33,-9.18089253E-35,4.26105977E+07,1.21746829E+06,4.26173570E-03,1.21766142E-04,-4.25364438E+07,-1.21530868E+06,-1.81272707E-03,-2.21700250E-04,-0.00000000E+00,-0.00000000E+00,5.30905472E-38,1.66832756E-39,-0.00000000E+00,-0.00000000E+00,5.30905472E-38,1.66832756E-39,-8.23951002E+04,-2.39961855E+03,-4.05388073E+02,-1.28056045E+01,8.23951011E+03,2.39961857E+02,8.16000000E+03,2.40000000E+02,7.76991990E+06,1.63109219E+09
3.60000000E+01,1.00000000E+00,2.32000000E-01,1.39977749E+08,7.43843707E+02,9.40830551E-10,-0.00000000E+00,-0.00000000E+00,-2.92496465E-33,-9.18098381E-35,4.38280661E+07,1.21746841E+06,4.38350185E-03,1.21766154E-04,-4.37517526E+07,-1.21530879E+06,-2.04534135E-03,-2.39484317E-04,-0.00000000E+00,-0.00000000E+00,5.47588810E-38,1.66833741E-39,-0.00000000E+00,-0.00000000E+00,5.47588810E-38,1.66833741E-39,-8.47947187E+04,-2.39961855E+03,-4.18193677E+02,-1.28056042E+01,8.47947197E+03,2.39961857E+02,8.40000000E+03,2.40000000E+02,7.76991989E+06,1.63109219E+09
3.70000000E+01,1.00000000E+00,2.32000000E-01,1.39977749E+08,7.43849195E+02,6.99971015E-10,-0.00000000E+00,-0.00000000E+00,-3.01677492E-33,-9.18105155E-35,4.50455346E+07,1.21746852E+06,4.50526802E-03,1.21766165E-04,-4.49670615E+07,-1.21530891E+06,-2.29502618E-03,-2.56074015E-04,-0.00000000E+00,-0.00000000E+00,5.64272230E-38,1.66834465E-39,-0.00000000E+00,-0.00000000E+00,5.64272230E-38,1.66834465E-39,-8.71943373E+04,-2.39961854E+03,-4.30999281E+02,-1.28056039E+01,8.71943383E+03,2.39961857E+02,8.64000000E+03,2.40000000E+02,7.76991989E+06,1.63109219E+09
3.80000000E+01,1.00000000E+00,2.32000000E-01,1.39977749E+08,7.43853265E+02,5.20773291E-10,-0.00000000E+00,-0.00000000E+00,-3.10858575E-33,-9.18110178E-35,4.62630033E+07,1.21746864E+06,4.62703419E-03,1.21766177E-04,-4.61823705E+07,-1.21530902E+06,-2.56049515E-03,-2.71326030E-04,-0.00000000E+00,-0.00000000E+00,5.80955711E-38,1.66834998E-39,-0.00000000E+00,-0.00000000E+00,5.80955711E-38,1.66834998E-39,-8.95939558E+04,-2.39961854E+03,-4.43804885E+02,-1.28056036E+01,8.95939568E+03,2.39961857E+02,8.88000000E+03,2.40000000E+02,7.76991989E+06,1.63109219E+09
3.90000000E+01,1.00000000E+00,2.32000000E-01,1.39977749E+08,7.43856281E+02,3.87451501E-10,-0.00000000E+00,-0.00000000E+00,-3.20039700E-33,-9.18113901E-35,4.74804720E+07,1.21746875E+06,4.74880038E-03,1.21766188E-04,-4.73976797E+07,-1.21530913E+06,-2.84035486E-03,-2.85156170E-04,-0.00000000E+00,-0.00000000E+00,5.97639235E-38,1.66835389E-39,-0.00000000E+00,-0.00000000E+00,5.97639235E-38,1.66835389E-39,-9.19935744E+04,-2.39961854E+03,-4.56610489E+02,-1.28056034E+01,9.19935754E+03,2.39961857E+02,9.12000000E+03,2.40000000E+02,7.76991989E+06,1.63109219E+09
4.00000000E+01,1.00000000E+00,2.32000000E-01,1.39977749E+08,7.43858515E+02,2.88261069E-10,-0.00000000E+00,-0.00000000E+00,-3.29220857E-33,-9.18116658E-35,4.86979409E+07,1.21746886E+06,4.87056658E-03,1.21766199E-04,-4.86129889E+07,-1.21530924E+06,-3.13316092E-03,-2.97533904E-04,-0.00000000E+00,-0.00000000E+00,6.14322792E-38,1.66835677E-39,-0.00000000E+00,-0.00000000E+00,6.14322792E-38,1.66835677E-39,-9.43931929E+04,-2.39961854E+03,-4.69416092E+02,-1.28056031E+01,9.43931940E+03,2.39961857E+02,9.36000000E+03,2.40000000E+02,7.76991989E+06,1.63109219E+09
4.10000000E+01,1.00000000E+00,2.32000000E-01,1.39977748E+08,7.43860167E+02,2.14464117E-10,-0.00000000E+00,-0.00000000E+00,-3.38402036E-33,-9.18118698E-35,4.99154098E+07,1.21746897E+06,4.99233279E-03,1.21766210E-04,-4.98282983E+07,-1.21530935E+06,-3.43746710E-03,-3.08474802E-04,-0.00000000E+00,-0.00000000E+00,6.31006373E-38,1.66835888E-39,-0.00000000E+00,-0.00000000E+00,6.31006373E-38,1.66835888E-39,-9.67928114E+04,-2.39961854E+03,-4.82221695E+02,-1.28056028E+01,9.67928125E+03,2.39961857E+02,9.60000000E+03,2.40000000E+02,7.76991988E+06,1.63109219E+09
4.20000000E+01,1.00000000E+00,2.32000000E-01,1.39977748E+08,7.43861388E+02,1.59559727E-10,-0.00000000E+00,-0.00000000E+00,-3.47583233E-33,-9.18120205E-35,5.11328789E+07,1.21746908E+06,5.11409901E-03,1.21766221E-04,-5.10436077E+07,-1.21530946E+06,-3.75186626E-03,-3.18031854E-04,-0.00000000E+00,-0.00000000E+00,6.47689972E-38,1.66836044E-39,-0.00000000E+00,-0.00000000E+00,6.47689972E-38,1.66836044E-39,-9.91924300E+04,-2.39961854E+03,-4.95027298E+02,-1.28056026E+01,9.91924311E+03,2.39961857E+02,9.84000000E+03,2.40000000E+02,7.76991988E+06,1.63109219E+09
4.30000000E+01,1.00000000E+00,2.32000000E-01,1.39977748E+08,7.43862290E+02,1.18711264E-10,-0.00000000E+00,-0.00000000E+00,-3.56764442E-33,-9.18121317E-35,5.23503481E+07,1.21746918E+06,5.23586524E-03,1.21766232E-04,-5.22589173E+07,-1.21530956E+06,-4.07502223E-03,-3.26286486E-04,-0.00000000E+00,-0.00000000E+00,6.64373584E-38,1.66836158E-39,-0.00000000E+00,-0.00000000E+00,6.64373584E-38,1.66836158E-39,-1.01592049E+05,-2.39961854E+03,-5.07832900E+02,-1.28056023E+01,1.01592050E+04,2.39961857E+02,1.00800000E+04,2.40000000E+02,7.76991988E+06,1.63109219E+09
4.40000000E+01,1.00000000E+00,2.32000000E-01,1.39977748E+08,7.43862954E+02,8.83203081E-11,-0.00000000E+00,-0.00000000E+00,-3.65945660E-33,-9.18122138E-35,5.35678174E+07,1.21746929E+06,5.35763148E-03,1.21766242E-04,-5.34742270E+07,-1.21530967E+06,-4.40569299E-03,-3.33339931E-04,-0.00000000E+00,-0.00000000E+00,6.81057205E-38,1.66836241E-39,-0.00000000E+00,-0.00000000E+00,6.81057205E-38,1.66836241E-39,-1.03991667E+05,-2.39961854E+03,-5.20638502E+02,-1.28056021E+01,1.03991668E+04,2.39961857E+02,1.03200000E+04,2.40000000E+02,7.76991988E+06,1.63109219E+09
4.50000000E+01,1.00000000E+00,2.32000000E-01,1.39977748E+08,7.43863443E+02,6.57096601E-11,-0.00000000E+00,-0.00000000E+00,-3.75126885E-33,-9.18122742E-35,5.47852868E+07,1.21746939E+06,5.47939774E-03,1.21766253E-04,-5.46895367E+07,-1.21530977E+06,-4.74274565E-03,-3.39305424E-04,-0.00000000E+00,-0.00000000E+00,6.97740833E-38,1.66836303E-39,-0.00000000E+00,-0.00000000E+00,6.97740833E-38,1.66836303E-39,-1.06391286E+05,-2.39961854E+03,-5.33444104E+02,-1.28056018E+01,1.06391287E+04,2.39961857E+02,1.05600000E+04,2.40000000E+02,7.76991988E+06,1.63109219E+09
4.60000000E+01,1.00000000E+00,2.32000000E-01,1.39977748E+08,7.43863803E+02,4.88875042E-11,-0.00000000E+00,-0.00000000E+00,-3.84308116E-33,-9.18123186E-35,5.60027563E+07,1.21746950E+06,5.60116400E-03,1.21766263E-04,-5.59048466E+07,-1.21530988E+06,-5.08516424E-03,-3.44301525E-04,-0.00000000E+00,-0.00000000E+00,7.14424466E-38,1.66836348E-39,-0.00000000E+00,-0.00000000E+00,7.14424466E-38,1.66836348E-39,-1.08790904E+05,-2.39961854E+03,-5.46249706E+02,-1.28056016E+01,1.08790905E+04,2.39961857E+02,1.08000000E+04,2.40000000E+02,7.76991987E+06,1.63109219E+09
4.70000000E+01,1.00000000E+00,2.32000000E-01,1.39977748E+08,7.43864067E+02,3.63719438E-11,-0.00000000E+00,-0.00000000E+00,-3.93489350E-33,-9.18123512E-35,5.72202259E+07,1.21746960E+06,5.72293027E-03,1.21766273E-04,-5.71201566E+07,-1.21530998E+06,-5.43205167E-03,-3.48446684E-04,-0.00000000E+00,-0.00000000E+00,7.31108103E-38,1.66836380E-39,-0.00000000E+00,-0.00000000E+00,7.31108103E-38,1.66836380E-39,-1.11190523E+05,-2.39961854E+03,-5.59055307E+02,-1.28056013E+01,1.11190524E+04,2.39961857E+02,1.10400000E+04,2.40000000E+02,7.76991987E+06,1.63109219E+09
4.80000000E+01,1.00000000E+00,2.32000000E-01,1.39977748E+08,7.43864261E+02,2.70604589E-11,-0.00000000E+00,-0.00000000E+00,-4.02670586E-33,-9.18123751E-35,5.84376956E+07,1.21746970E+06,5.84469656E-03,1.21766283E-04,-5.83354667E+07,-1.21531008E+06,-5.78262699E-03,-3.51855081E-04,-0.00000000E+00,-0.00000000E+00,7.47791742E-38,1.66836405E-39,-0.00000000E+00,-0.00000000E+00,7.47791742E-38,1.66836405E-39,-1.13590141E+05,-2.39961854E+03,-5.71860908E+02,-1.28056011E+01,1.13590143E+04,2.39961857E+02,1.12800000E+04,2.40000000E+02,7.76991987E+06,1.63109219E+09
4.90000000E+01,1.00000000E+00,2.32000000E-01,1.39977748E+08,7.43864403E+02,2.01327826E-11,-0.00000000E+00,-0.00000000E+00,-4.11851825E-33,-9.18123926E-35,5.96551654E+07,1.21746980E+06,5.96646285E-03,1.21766293E-04,-5.95507768E+07,-1.21531018E+06,-6.13621920E-03,-3.54633653E-04,-0.00000000E+00,-0.00000000E+00,7.64475384E-38,1.66836422E-39,-0.00000000E+00,-0.00000000E+00,7.64475384E-38,1.66836422E-39,-1.15989760E+05,-2.39961854E+03,-5.84666509E+02,-1.28056008E+01,1.15989761E+04,2.39961857E+02,1.15200000E+04,2.40000000E+02,7.76991987E+06,1.63109219E+09
5.00000000E+01,1.00000000E+00,2.32000000E-01,1.39977748E+08,7.43864506E+02,1.49786423E-11,-0.00000000E+00,-0.00000000E+00,-4.21033065E-33,-9.18124054E-35,6.08726353E+07,1.21746990E+06,6.08822915E-03,1.21766303E-04,-6.07660871E+07,-1.21531027E+06,-6.49225877E-03,-3.56880169E-04,-0.00000000E+00,-0.00000000E+00,7.81159027E-38,1.66836435E-39,-0.00000000E+00,-0.00000000E+00,7.81159027E-38,1.66836435E-39,-1.18389378E+05,-2.39961854E+03,-5.97472110E+02,-1.28056006E+01,1.18389380E+04,2.39961857E+02,1.17600000E+04,2.40000000E+02,7.76991987E+06,1.63109219E+09
