Time [d],dt_flow [d],dt_tran [d],Global Water Mass in Liquid Phas [kg],Global Vaq [mol],Global Vim [mol],Top Water Mass [kg],Top Water Mass [kg/d],Top Vaq [mol],Top Vaq [mol/d],Right Water Mass [kg],Right Water Mass [kg/d],Right Vaq [mol],Right Vaq [mol/d],Left Water Mass [kg],Left Water Mass [kg/d],Left Vaq [mol],Left Vaq [mol/d],North Water Mass [kg],North Water Mass [kg/d],North Vaq [mol],North Vaq [mol/d],South Water Mass [kg],South Water Mass [kg/d],South Vaq [mol],South Vaq [mol/d],ExtractWell Water Mass [kg],ExtractWell Water Mass [kg/d],ExtractWell Vaq [mol],ExtractWell Vaq [mol/d],InjectWell Water Mass [kg],InjectWell Water Mass [kg/d],InjectWell Vaq [mol],InjectWell Vaq [mol/d],Region Region__all Water Mass [kg],Region Region__all Total Mass [kg]
1.00000000E+00,4.89000000E-01,1.05000000E-01,1.39977957E+08,1.04922165E-02,2.97108677E-05,-0.00000000E+00,-0.00000000E+00,2.67199644E-40,4.32960707E-40,6.77726762E+06,6.77738974E+06,6.77832253E-04,6.77844468E-04,-6.77679797E+06,-6.77667615E+06,-5.70834199E-04,-5.03432410E-04,-0.00000000E+00,-0.00000000E+00,2.65540308E-40,4.30272236E-40,-0.00000000E+00,-0.00000000E+00,2.65540308E-40,4.30272236E-40,-8.08070350E+02,-1.22620690E+03,-6.49189468E-08,-9.11076873E-08,3.36696043E+02,5.10919639E+02,3.36749000E-08,5.11000000E-08,7.76993146E+06,1.63109144E+09
2.00000000E+00,4.88000000E-01,1.04000000E-01,1.39977955E+08,8.49733746E+02,2.19801284E-05,-0.00000000E+00,-0.00000000E+00,-5.97544906E-35,-1.04879694E-34,1.35549940E+07,6.77773286E+06,1.35571039E-03,6.77878790E-04,-1.35531262E+07,-6.77633470E+06,-9.99700197E-04,-3.72422760E-04,-0.00000000E+00,-0.00000000E+00,8.72670207E-40,7.38801309E-40,-0.00000000E+00,-0.00000000E+00,8.72670207E-40,7.38801309E-40,-3.20769244E+03,-2.39962209E+03,-2.40957138E+00,-6.23163987E+00,1.33653877E+03,9.99842726E+02,1.00000000E+03,1.00000000E+03,7.76993137E+06,1.63109229E+09
3.00000000E+00,1.00000000E+00,4.00000000E-02,1.39977954E+08,1.46980690E+03,1.62721641E-05,-0.00000000E+00,-0.00000000E+00,-2.08841315E-34,-1.81414438E-34,2.03327517E+07,6.77775776E+06,2.03359167E-03,6.77881284E-04,-2.03294857E+07,-6.77635952E+06,-1.31751758E-03,-2.81114711E-04,-0.00000000E+00,-0.00000000E+00,1.73707310E-39,9.54985580E-40,-0.00000000E+00,-0.00000000E+00,1.73707310E-39,9.54985580E-40,-5.60731450E+03,-2.39962206E+03,-1.34171518E+01,-1.39407876E+01,2.33638149E+03,9.99842714E+02,2.00000000E+03,1.00000000E+03,7.76993128E+06,1.63109291E+09
4.00000000E+00,1.00000000E+00,4.00000000E-02,1.39977952E+08,1.92513026E+03,1.20464868E-05,-0.00000000E+00,-0.00000000E+00,-4.22683890E-34,-2.37614350E-34,2.71105331E+07,6.77778141E+06,2.71147533E-03,6.77883654E-04,-2.71058688E+07,-6.77638309E+06,-1.74529793E-03,-8.69866264E-04,-0.00000000E+00,-0.00000000E+00,2.78013315E-39,1.10651482E-39,-0.00000000E+00,-0.00000000E+00,2.78013315E-39,1.10651482E-39,-8.00693653E+03,-2.39962203E+03,-2.89363124E+01,-1.62831736E+01,3.33622419E+03,9.99842703E+02,3.00000000E+03,1.00000000E+03,7.76993120E+06,1.63109337E+09
5.00000000E+00,1.00000000E+00,4.00000000E-02,1.39977951E+08,2.26133648E+03,8.91816492E-06,-0.00000000E+00,-0.00000000E+00,-6.84231409E-34,-2.79111803E-34,3.38883369E+07,6.77780380E+06,3.38936122E-03,6.77885898E-04,-3.38822742E+07,-6.77640541E+06,-8.32463932E-03,-1.72177275E-02,-0.00000000E+00,-0.00000000E+00,3.94821566E-39,1.21239022E-39,-0.00000000E+00,-0.00000000E+00,3.94821566E-39,1.21239022E-39,-1.04065585E+04,-2.39962200E+03,-4.55205826E+01,-1.67154850E+01,4.33606688E+03,9.99842693E+02,4.00000000E+03,1.00000000E+03,7.76993112E+06,1.63109370E+09
6.00000000E+00,1.00000000E+00,1.04000000E-01,1.39977950E+08,2.50986279E+03,6.60375721E-06,-0.00000000E+00,-0.00000000E+00,-9.81112076E-34,-3.09787050E-34,4.06661619E+07,6.77782496E+06,4.06724924E-03,6.77888019E-04,-4.06587007E+07,-6.77642649E+06,-8.76410064E-02,-1.69753374E-01,-0.00000000E+00,-0.00000000E+00,5.20364763E-39,1.28604717E-39,-0.00000000E+00,-0.00000000E+00,5.20364763E-39,1.28604717E-39,-1.28061805E+04,-2.39962198E+03,-6.22801532E+01,-1.67775172E+01,5.33590957E+03,9.99842685E+02,5.00000000E+03,1.00000000E+03,7.76993105E+06,1.63109395E+09
7.00000000E+00,1.00000000E+00,2.32000000E-01,1.39977948E+08,2.69095910E+03,4.91314671E-06,-0.00000000E+00,-0.00000000E+00,-1.30503424E-33,-3.32139509E-34,4.74440068E+07,6.77784494E+06,4.74513926E-03,6.77890021E-04,-4.74351471E+07,-6.77644640E+06,-6.59175377E-01,-9.55947418E-01,-0.00000000E+00,-0.00000000E+00,6.52172742E-39,1.33632412E-39,-0.00000000E+00,-0.00000000E+00,6.52172742E-39,1.33632412E-39,-1.52058025E+04,-2.39962196E+03,-7.90633289E+01,-1.67850318E+01,6.33575224E+03,9.99842677E+02,6.00000000E+03,1.00000000E+03,7.76993098E+06,1.63109413E+09
8.00000000E+00,1.00000000E+00,2.32000000E-01,1.39977947E+08,2.82436114E+03,3.65534498E-06,-0.00000000E+00,-0.00000000E+00,-1.64760174E-33,-3.48605132E-34,5.42218706E+07,6.77786382E+06,5.42303118E-03,6.77891913E-04,-5.42116123E+07,-6.77646520E+06,-2.78444177E+00,-3.09304343E+00,-0.00000000E+00,-0.00000000E+00,7.88033364E-39,1.37127739E-39,-0.00000000E+00,-0.00000000E+00,7.88033364E-39,1.37127739E-39,-1.76054244E+04,-2.39962194E+03,-9.58491430E+01,-1.67860597E+01,7.33559491E+03,9.99842670E+02,7.00000000E+03,1.00000000E+03,7.76993092E+06,1.63109427E+09
9.00000000E+00,1.00000000E+00,2.32000000E-01,1.39977946E+08,2.92087825E+03,2.71954980E-06,-0.00000000E+00,-0.00000000E+00,-2.00377455E-33,-3.60518102E-34,6.09997523E+07,6.77788171E+06,6.10092488E-03,6.77893707E-04,-6.09880953E+07,-6.77648304E+06,-8.12794390E+00,-7.02030017E+00,-0.00000000E+00,-0.00000000E+00,9.26703561E-39,1.39545778E-39,-0.00000000E+00,-0.00000000E+00,9.26703561E-39,1.39545778E-39,-2.00050463E+04,-2.39962193E+03,-1.12635294E+02,-1.67861731E+01,8.33543758E+03,9.99842663E+02,8.00000000E+03,1.00000000E+03,7.76993086E+06,1.63109436E+09
1.00000000E+01,1.00000000E+00,2.32000000E-01,1.39977945E+08,2.98855781E+03,2.02332506E-06,-0.00000000E+00,-0.00000000E+00,-2.36962420E-33,-3.68871693E-34,6.77776511E+07,6.77789876E+06,6.77882030E-03,6.77895416E-04,-6.77645953E+07,-6.77650003E+06,-1.83636548E+01,-1.24454772E+01,-0.00000000E+00,-0.00000000E+00,1.06731113E-38,1.41209038E-39,-0.00000000E+00,-0.00000000E+00,1.06731113E-38,1.41209038E-39,-2.24046683E+04,-2.39962191E+03,-1.29421466E+02,-1.67861650E+01,9.33528023E+03,9.99842656E+02,9.00000000E+03,1.00000000E+03,7.76993080E+06,1.63109443E+09
1.10000000E+01,1.00000000E+00,2.32000000E-01,1.39977944E+08,3.03398400E+03,1.50533898E-06,-0.00000000E+00,-0.00000000E+00,-2.74209593E-33,-3.74478583E-34,7.45555662E+07,6.77791511E+06,7.45671736E-03,6.77897056E-04,-7.45411117E+07,-6.77651634E+06,-3.44664029E+01,-1.84590322E+01,-0.00000000E+00,-0.00000000E+00,1.20924630E-38,1.42345514E-39,-0.00000000E+00,-0.00000000E+00,1.20924630E-38,1.42345514E-39,-2.48042901E+04,-2.39962189E+03,-1.46207618E+02,-1.67861422E+01,1.03351229E+04,9.99842650E+02,1.00000000E+04,1.00000000E+03,7.76993074E+06,1.63109448E+09
1.20000000E+01,1.00000000E+00,2.32000000E-01,1.39977943E+08,3.06290819E+03,1.11996114E-06,-0.00000000E+00,-0.00000000E+00,-3.11888233E-33,-3.78048655E-34,8.13334971E+07,6.77793091E+06,8.13461600E-03,6.77898641E-04,-8.13176438E+07,-6.77653211E+06,-5.63945405E+01,-2.40478807E+01,-0.00000000E+00,-0.00000000E+00,1.35208461E-38,1.43115964E-39,-0.00000000E+00,-0.00000000E+00,1.35208460E-38,1.43115964E-39,-2.72039120E+04,-2.39962188E+03,-1.62993747E+02,-1.67861186E+01,1.13349655E+04,9.99842644E+02,1.10000000E+04,1.00000000E+03,7.76993069E+06,1.63109451E+09
1.30000000E+01,1.00000000E+00,2.32000000E-01,1.39977942E+08,3.08029589E+03,8.33242854E-07,-0.00000000E+00,-0.00000000E+00,-3.49832811E-33,-3.80194793E-34,8.81114434E+07,6.77794629E+06,8.81251618E-03,6.77900184E-04,-8.80941912E+07,-6.77654746E+06,-8.32785463E+01,-2.85418150E+01,-0.00000000E+00,-0.00000000E+00,1.49553195E-38,1.43633421E-39,-0.00000000E+00,-0.00000000E+00,1.49553195E-38,1.43633421E-39,-2.96035339E+04,-2.39962186E+03,-1.79779852E+02,-1.67860955E+01,1.23348082E+04,9.99842637E+02,1.20000000E+04,1.00000000E+03,7.76993063E+06,1.63109452E+09
1.40000000E+01,1.00000000E+00,2.32000000E-01,1.39977941E+08,3.09015136E+03,6.19926560E-07,-0.00000000E+00,-0.00000000E+00,-3.87932033E-33,-3.81411239E-34,9.48894048E+07,6.77796136E+06,9.49041788E-03,6.77901695E-04,-9.48707537E+07,-6.77656251E+06,-1.13868153E+02,-3.17423153E+01,-0.00000000E+00,-0.00000000E+00,1.63938580E-38,1.43977122E-39,-0.00000000E+00,-0.00000000E+00,1.63938580E-38,1.43977122E-39,-3.20031557E+04,-2.39962185E+03,-1.96565935E+02,-1.67860730E+01,1.33346508E+04,9.99842631E+02,1.30000000E+04,1.00000000E+03,7.76993058E+06,1.63109453E+09
1.50000000E+01,1.00000000E+00,2.32000000E-01,1.39977940E+08,3.09542402E+03,4.61220804E-07,-0.00000000E+00,-0.00000000E+00,-4.26116103E-33,-3.82062037E-34,1.01667381E+08,6.77797622E+06,1.01683211E-02,6.77903185E-04,-1.01647331E+08,-6.77657735E+06,-1.46941005E+02,-3.37978824E+01,-0.00000000E+00,-0.00000000E+00,1.78350768E-38,1.44202436E-39,-0.00000000E+00,-0.00000000E+00,1.78350768E-38,1.44202436E-39,-3.44027776E+04,-2.39962183E+03,-2.13351996E+02,-1.67860510E+01,1.43344934E+04,9.99842625E+02,1.40000000E+04,1.00000000E+03,7.76993053E+06,1.63109454E+09
1.60000000E+01,1.00000000E+00,2.32000000E-01,1.39977939E+08,3.09809317E+03,3.43144889E-07,-0.00000000E+00,-0.00000000E+00,-4.64344184E-33,-3.82391486E-34,1.08445372E+08,6.77799092E+06,1.08462257E-02,6.77904660E-04,-1.08423923E+08,-6.77659204E+06,-1.81528379E+02,-3.50055843E+01,-0.00000000E+00,-0.00000000E+00,1.92780375E-38,1.44347890E-39,-0.00000000E+00,-0.00000000E+00,1.92780375E-38,1.44347890E-39,-3.68023994E+04,-2.39962182E+03,-2.30138034E+02,-1.67860293E+01,1.53343360E+04,9.99842618E+02,1.50000000E+04,1.00000000E+03,7.76993048E+06,1.63109454E+09
1.70000000E+01,1.00000000E+00,2.32000000E-01,1.39977938E+08,3.09937570E+03,2.55297275E-07,-0.00000000E+00,-0.00000000E+00,-5.02593905E-33,-3.82549787E-34,1.15223377E+08,6.77800551E+06,1.15241318E-02,6.77906124E-04,-1.15200530E+08,-6.77660663E+06,-2.16966874E+02,-3.56621866E+01,-0.00000000E+00,-0.00000000E+00,2.07221116E-38,1.44440148E-39,-0.00000000E+00,-0.00000000E+00,2.07221116E-38,1.44440148E-39,-3.92020212E+04,-2.39962180E+03,-2.46924051E+02,-1.67860078E+01,1.63341786E+04,9.99842612E+02,1.60000000E+04,1.00000000E+03,7.76993043E+06,1.63109454E+09
1.80000000E+01,1.00000000E+00,2.32000000E-01,1.39977938E+08,3.09996259E+03,1.89939297E-07,-0.00000000E+00,-0.00000000E+00,-5.40853748E-33,-3.82622226E-34,1.22001397E+08,6.77802004E+06,1.22020394E-02,6.77907581E-04,-1.21977151E+08,-6.77662115E+06,-2.52850584E+02,-3.59956774E+01,-0.00000000E+00,-0.00000000E+00,2.21668842E-38,1.44497514E-39,-0.00000000E+00,-0.00000000E+00,2.21668842E-38,1.44497514E-39,-4.16016430E+04,-2.39962179E+03,-2.63710047E+02,-1.67859866E+01,1.73340213E+04,9.99842606E+02,1.70000000E+04,1.00000000E+03,7.76993038E+06,1.63109454E+09
1.90000000E+01,1.00000000E+00,2.32000000E-01,1.39977937E+08,3.10021911E+03,1.41313441E-07,-0.00000000E+00,-0.00000000E+00,-5.79118107E-33,-3.82653888E-34,1.28779432E+08,6.77803451E+06,1.28799485E-02,6.77909033E-04,-1.28753787E+08,-6.77663562E+06,-2.88952922E+02,-3.61551912E+01,-0.00000000E+00,-0.00000000E+00,2.36120856E-38,1.44532408E-39,-0.00000000E+00,-0.00000000E+00,2.36120856E-38,1.44532408E-39,-4.40012648E+04,-2.39962177E+03,-2.80496022E+02,-1.67859654E+01,1.83338639E+04,9.99842599E+02,1.80000000E+04,1.00000000E+03,7.76993033E+06,1.63109454E+09
2.00000000E+01,1.00000000E+00,2.32000000E-01,1.39977936E+08,3.10032642E+03,1.05136161E-07,-0.00000000E+00,-0.00000000E+00,-6.17384394E-33,-3.82667133E-34,1.35557481E+08,6.77804896E+06,1.35578589E-02,6.77910482E-04,-1.35530437E+08,-6.77665007E+06,-3.25156792E+02,-3.62275603E+01,-0.00000000E+00,-0.00000000E+00,2.50575445E-38,1.44553133E-39,-0.00000000E+00,-0.00000000E+00,2.50575445E-38,1.44553133E-39,-4.64008865E+04,-2.39962176E+03,-2.97281975E+02,-1.67859443E+01,1.93337064E+04,9.99842593E+02,1.90000000E+04,1.00000000E+03,7.76993028E+06,1.63109454E+09
2.10000000E+01,1.00000000E+00,2.32000000E-01,1.39977935E+08,3.10036935E+03,7.82205314E-08,-0.00000000E+00,-0.00000000E+00,-6.55651468E-33,-3.82672432E-34,1.42335544E+08,6.77806338E+06,1.42357709E-02,6.77911929E-04,-1.42307101E+08,-6.77666449E+06,-3.61405566E+02,-3.62589235E+01,-0.00000000E+00,-0.00000000E+00,2.65031541E-38,1.44565134E-39,-0.00000000E+00,-0.00000000E+00,2.65031541E-38,1.44565134E-39,-4.88005083E+04,-2.39962174E+03,-3.14067908E+02,-1.67859232E+01,2.03335490E+04,9.99842587E+02,2.00000000E+04,1.00000000E+03,7.76993023E+06,1.63109454E+09
2.20000000E+01,1.00000000E+00,2.32000000E-01,1.39977934E+08,3.10038566E+03,5.81955005E-08,-0.00000000E+00,-0.00000000E+00,-6.93918850E-33,-3.82674445E-34,1.49113622E+08,6.77807778E+06,1.49136842E-02,6.77913373E-04,-1.49083780E+08,-6.77667889E+06,-3.97673398E+02,-3.62720202E+01,-0.00000000E+00,-0.00000000E+00,2.79488498E-38,1.44571896E-39,-0.00000000E+00,-0.00000000E+00,2.79488498E-38,1.44571896E-39,-5.12001300E+04,-2.39962173E+03,-3.30853819E+02,-1.67859022E+01,2.13333916E+04,9.99842580E+02,2.10000000E+04,1.00000000E+03,7.76993018E+06,1.63109454E+09
2.30000000E+01,1.00000000E+00,2.32000000E-01,1.39977933E+08,3.10039137E+03,4.32970247E-08,-0.00000000E+00,-0.00000000E+00,-7.32186343E-33,-3.82675150E-34,1.55891714E+08,6.77809217E+06,1.55915991E-02,6.77914817E-04,-1.55860473E+08,-6.77669328E+06,-4.33949077E+02,-3.62773653E+01,-0.00000000E+00,-0.00000000E+00,2.93945930E-38,1.44575598E-39,-0.00000000E+00,-0.00000000E+00,2.93945930E-38,1.44575598E-39,-5.35997517E+04,-2.39962171E+03,-3.47639709E+02,-1.67858812E+01,2.23332342E+04,9.99842574E+02,2.20000000E+04,1.00000000E+03,7.76993014E+06,1.63109454E+09
2.40000000E+01,1.00000000E+00,2.32000000E-01,1.39977932E+08,3.10039301E+03,3.22126681E-08,-0.00000000E+00,-0.00000000E+00,-7.70453873E-33,-3.82675352E-34,1.62669821E+08,6.77810655E+06,1.62695153E-02,6.77916259E-04,-1.62637181E+08,-6.77670765E+06,-4.70227959E+02,-3.62795605E+01,-0.00000000E+00,-0.00000000E+00,3.08403619E-38,1.44577560E-39,-0.00000000E+00,-0.00000000E+00,3.08403619E-38,1.44577560E-39,-5.59993734E+04,-2.39962170E+03,-3.64425579E+02,-1.67858602E+01,2.33330768E+04,9.99842568E+02,2.30000000E+04,1.00000000E+03,7.76993009E+06,1.63109454E+09
2.50000000E+01,1.00000000E+00,2.32000000E-01,1.39977931E+08,3.10039312E+03,2.39659884E-08,-0.00000000E+00,-0.00000000E+00,-8.08721409E-33,-3.82675366E-34,1.69447942E+08,6.77812091E+06,1.69474330E-02,6.77917700E-04,-1.69413903E+08,-6.77672202E+06,-5.06508195E+02,-3.62805246E+01,-0.00000000E+00,-0.00000000E+00,3.22861442E-38,1.44578561E-39,-0.00000000E+00,-0.00000000E+00,3.22861442E-38,1.44578561E-39,-5.83989951E+04,-2.39962168E+03,-3.81211427E+02,-1.67858392E+01,2.43329193E+04,9.99842561E+02,2.40000000E+04,1.00000000E+03,7.76993004E+06,1.63109454E+09
2.60000000E+01,1.00000000E+00,2.32000000E-01,1.39977931E+08,3.10039270E+03,1.78305192E-08,-0.00000000E+00,-0.00000000E+00,-8.46988943E-33,-3.82675314E-34,1.76226077E+08,6.77813527E+06,1.76253522E-02,6.77919140E-04,-1.76190639E+08,-6.77673637E+06,-5.42789077E+02,-3.62810244E+01,-0.00000000E+00,-0.00000000E+00,3.37319330E-38,1.44579047E-39,-0.00000000E+00,-0.00000000E+00,3.37319330E-38,1.44579047E-39,-6.07986167E+04,-2.39962167E+03,-3.97997254E+02,-1.67858182E+01,2.53327619E+04,9.99842555E+02,2.50000000E+04,1.00000000E+03,7.76992999E+06,1.63109454E+09
2.70000000E+01,1.00000000E+00,2.32000000E-01,1.39977930E+08,3.10039208E+03,1.32657752E-08,-0.00000000E+00,-0.00000000E+00,-8.85256470E-33,-3.82675237E-34,1.83004227E+08,6.77814961E+06,1.83032727E-02,6.77920579E-04,-1.82967390E+08,-6.77675071E+06,-5.79070342E+02,-3.62813545E+01,-0.00000000E+00,-0.00000000E+00,3.51777249E-38,1.44579262E-39,-0.00000000E+00,-0.00000000E+00,3.51777249E-38,1.44579262E-39,-6.31982384E+04,-2.39962165E+03,-4.14783061E+02,-1.67857973E+01,2.63326044E+04,9.99842549E+02,2.60000000E+04,1.00000000E+03,7.76992994E+06,1.63109454E+09
2.80000000E+01,1.00000000E+00,2.32000000E-01,1.39977929E+08,3.10039140E+03,9.86963929E-09,-0.00000000E+00,-0.00000000E+00,-9.23523988E-33,-3.82675153E-34,1.89782391E+08,6.77816394E+06,1.89811948E-02,6.77922017E-04,-1.89744155E+08,-6.77676505E+06,-6.15351896E+02,-3.62816244E+01,-0.00000000E+00,-0.00000000E+00,3.66235181E-38,1.44579341E-39,-0.00000000E+00,-0.00000000E+00,3.66235181E-38,1.44579341E-39,-6.55978600E+04,-2.39962164E+03,-4.31568846E+02,-1.67857763E+01,2.73324470E+04,9.99842542E+02,2.70000000E+04,1.00000000E+03,7.76992989E+06,1.63109454E+09
2.90000000E+01,1.00000000E+00,2.32000000E-01,1.39977928E+08,3.10039069E+03,7.34293909E-09,-0.00000000E+00,-0.00000000E+00,-9.61791498E-33,-3.82675066E-34,1.96560569E+08,6.77817827E+06,1.96591182E-02,6.77923453E-04,-1.96520934E+08,-6.77677937E+06,-6.51633705E+02,-3.62818735E+01,-0.00000000E+00,-0.00000000E+00,3.80693116E-38,1.44579353E-39,-0.00000000E+00,-0.00000000E+00,3.80693116E-38,1.44579353E-39,-6.79974816E+04,-2.39962162E+03,-4.48354611E+02,-1.67857553E+01,2.83322895E+04,9.99842536E+02,2.80000000E+04,1.00000000E+03,7.76992984E+06,1.63109454E+09
3.00000000E+01,1.00000000E+00,2.32000000E-01,1.39977927E+08,3.10038998E+03,5.46309272E-09,-0.00000000E+00,-0.00000000E+00,-1.00005900E-32,-3.82674978E-34,2.03338761E+08,6.77819258E+06,2.03370431E-02,6.77924889E-04,-2.03297728E+08,-6.77679368E+06,-6.87915758E+02,-3.62821157E+01,-0.00000000E+00,-0.00000000E+00,3.95151050E-38,1.44579332E-39,-0.00000000E+00,-0.00000000E+00,3.95151050E-38,1.44579332E-39,-7.03971032E+04,-2.39962161E+03,-4.65140354E+02,-1.67857344E+01,2.93321320E+04,9.99842530E+02,2.90000000E+04,1.00000000E+03,7.76992979E+06,1.63109454E+09
3.10000000E+01,1.00000000E+00,2.32000000E-01,1.39977926E+08,3.10038927E+03,4.06450083E-09,-0.00000000E+00,-0.00000000E+00,-1.03832649E-32,-3.82674890E-34,2.10116968E+08,6.77820688E+06,2.10149694E-02,6.77926324E-04,-2.10074536E+08,-6.77680798E+06,-7.24198052E+02,-3.62823555E+01,-0.00000000E+00,-0.00000000E+00,4.09608981E-38,1.44579297E-39,-0.00000000E+00,-0.00000000E+00,4.09608981E-38,1.44579297E-39,-7.27967248E+04,-2.39962159E+03,-4.81926077E+02,-1.67857134E+01,3.03319746E+04,9.99842523E+02,3.00000000E+04,1.00000000E+03,7.76992974E+06,1.63109454E+09
3.20000000E+01,1.00000000E+00,2.32000000E-01,1.39977925E+08,3.10038855E+03,3.02395875E-09,-0.00000000E+00,-0.00000000E+00,-1.07659398E-32,-3.82674802E-34,2.16895189E+08,6.77822118E+06,2.16928972E-02,6.77927758E-04,-2.16851358E+08,-6.77682227E+06,-7.60480585E+02,-3.62825945E+01,-0.00000000E+00,-0.00000000E+00,4.24066908E-38,1.44579254E-39,-0.00000000E+00,-0.00000000E+00,4.24066908E-38,1.44579254E-39,-7.51963464E+04,-2.39962158E+03,-4.98711778E+02,-1.67856925E+01,3.13318171E+04,9.99842517E+02,3.10000000E+04,1.00000000E+03,7.76992970E+06,1.63109454E+09
3.30000000E+01,1.00000000E+00,2.32000000E-01,1.39977924E+08,3.10038784E+03,2.24980309E-09,-0.00000000E+00,-0.00000000E+00,-1.11486145E-32,-3.82674714E-34,2.23673425E+08,6.77823546E+06,2.23708264E-02,6.77929190E-04,-2.23628195E+08,-6.77683656E+06,-7.96763357E+02,-3.62828333E+01,-0.00000000E+00,-0.00000000E+00,4.38524831E-38,1.44579209E-39,-0.00000000E+00,-0.00000000E+00,4.38524831E-38,1.44579209E-39,-7.75959680E+04,-2.39962156E+03,-5.15497459E+02,-1.67856715E+01,3.23316596E+04,9.99842511E+02,3.20000000E+04,1.00000000E+03,7.76992965E+06,1.63109454E+09
3.40000000E+01,1.00000000E+00,2.32000000E-01,1.39977923E+08,3.10038713E+03,1.67383696E-09,-0.00000000E+00,-0.00000000E+00,-1.15312892E-32,-3.82674626E-34,2.30451675E+08,6.77824973E+06,2.30487570E-02,6.77930622E-04,-2.30405046E+08,-6.77685083E+06,-8.33046368E+02,-3.62830719E+01,-0.00000000E+00,-0.00000000E+00,4.52982749E-38,1.44579163E-39,-0.00000000E+00,-0.00000000E+00,4.52982749E-38,1.44579163E-39,-7.99955895E+04,-2.39962154E+03,-5.32283119E+02,-1.67856506E+01,3.33315021E+04,9.99842505E+02,3.30000000E+04,1.00000000E+03,7.76992960E+06,1.63109454E+09
3.50000000E+01,1.00000000E+00,2.32000000E-01,1.39977923E+08,3.10038641E+03,1.24532240E-09,-0.00000000E+00,-0.00000000E+00,-1.19139637E-32,-3.82674538E-34,2.37229939E+08,6.77826399E+06,2.37266890E-02,6.77932053E-04,-2.37181911E+08,-6.77686509E+06,-8.69329617E+02,-3.62833105E+01,-0.00000000E+00,-0.00000000E+00,4.67440662E-38,1.44579116E-39,-0.00000000E+00,-0.00000000E+00,4.67440662E-38,1.44579116E-39,-8.23952110E+04,-2.39962153E+03,-5.49068757E+02,-1.67856297E+01,3.43313446E+04,9.99842498E+02,3.40000000E+04,1.00000000E+03,7.76992955E+06,1.63109454E+09
3.60000000E+01,1.00000000E+00,2.32000000E-01,1.39977922E+08,3.10038570E+03,9.26510711E-10,-0.00000000E+00,-0.00000000E+00,-1.22966382E-32,-3.82674450E-34,2.44008217E+08,6.77827825E+06,2.44046225E-02,6.77933483E-04,-2.43958790E+08,-6.77687934E+06,-9.05613105E+02,-3.62835490E+01,-0.00000000E+00,-0.00000000E+00,4.81898571E-38,1.44579070E-39,-0.00000000E+00,-0.00000000E+00,4.81898571E-38,1.44579070E-39,-8.47948326E+04,-2.39962151E+03,-5.65854375E+02,-1.67856088E+01,3.53311871E+04,9.99842492E+02,3.50000000E+04,1.00000000E+03,7.76992950E+06,1.63109454E+09
3.70000000E+01,1.00000000E+00,2.32000000E-01,1.39977921E+08,3.10038499E+03,6.89317160E-10,-0.00000000E+00,-0.00000000E+00,-1.26793126E-32,-3.82674362E-34,2.50786509E+08,6.77829249E+06,2.50825574E-02,6.77934911E-04,-2.50735684E+08,-6.77689359E+06,-9.41896831E+02,-3.62837875E+01,-0.00000000E+00,-0.00000000E+00,4.96356475E-38,1.44579023E-39,-0.00000000E+00,-0.00000000E+00,4.96356475E-38,1.44579023E-39,-8.71944541E+04,-2.39962150E+03,-5.82639972E+02,-1.67855878E+01,3.63310296E+04,9.99842486E+02,3.60000000E+04,1.00000000E+03,7.76992945E+06,1.63109454E+09
3.80000000E+01,1.00000000E+00,2.32000000E-01,1.39977920E+08,3.10038427E+03,5.12846901E-10,-0.00000000E+00,-0.00000000E+00,-1.30619869E-32,-3.82674274E-34,2.57564816E+08,6.77830672E+06,2.57604938E-02,6.77936339E-04,-2.57512592E+08,-6.77690782E+06,-9.78180796E+02,-3.62840258E+01,-0.00000000E+00,-0.00000000E+00,5.10814374E-38,1.44578977E-39,-0.00000000E+00,-0.00000000E+00,5.10814374E-38,1.44578977E-39,-8.95940755E+04,-2.39962148E+03,-5.99425548E+02,-1.67855669E+01,3.73308720E+04,9.99842479E+02,3.70000000E+04,1.00000000E+03,7.76992940E+06,1.63109454E+09
3.90000000E+01,1.00000000E+00,2.32000000E-01,1.39977919E+08,3.10038356E+03,3.81554325E-10,-0.00000000E+00,-0.00000000E+00,-1.34446611E-32,-3.82674186E-34,2.64343137E+08,6.77832095E+06,2.64384315E-02,6.77937766E-04,-2.64289514E+08,-6.77692204E+06,-1.01446500E+03,-3.62842642E+01,-0.00000000E+00,-0.00000000E+00,5.25272269E-38,1.44578931E-39,-0.00000000E+00,-0.00000000E+00,5.25272269E-38,1.44578931E-39,-9.19936970E+04,-2.39962147E+03,-6.16211103E+02,-1.67855460E+01,3.83307145E+04,9.99842473E+02,3.80000000E+04,1.00000000E+03,7.76992936E+06,1.63109454E+09
4.00000000E+01,1.00000000E+00,2.32000000E-01,1.39977918E+08,3.10038285E+03,2.83873614E-10,-0.00000000E+00,-0.00000000E+00,-1.38273353E-32,-3.82674098E-34,2.71121472E+08,6.77833516E+06,2.71163707E-02,6.77939192E-04,-2.71066450E+08,-6.77693625E+06,-1.05074944E+03,-3.62845024E+01,-0.00000000E+00,-0.00000000E+00,5.39730159E-38,1.44578885E-39,-0.00000000E+00,-0.00000000E+00,5.39730159E-38,1.44578885E-39,-9.43933185E+04,-2.39962145E+03,-6.32996637E+02,-1.67855251E+01,3.93305570E+04,9.99842467E+02,3.90000000E+04,1.00000000E+03,7.76992931E+06,1.63109454E+09
4.10000000E+01,1.00000000E+00,2.32000000E-01,1.39977917E+08,3.10038214E+03,2.11199882E-10,-0.00000000E+00,-0.00000000E+00,-1.42100093E-32,-3.82674010E-34,2.77899822E+08,6.77834936E+06,2.77943114E-02,6.77940617E-04,-2.77843400E+08,-6.77695046E+06,-1.08703412E+03,-3.62847406E+01,-0.00000000E+00,-0.00000000E+00,5.54188045E-38,1.44578840E-39,-0.00000000E+00,-0.00000000E+00,5.54188045E-38,1.44578840E-39,-9.67929399E+04,-2.39962144E+03,-6.49782151E+02,-1.67855042E+01,4.03303994E+04,9.99842461E+02,4.00000000E+04,1.00000000E+03,7.76992926E+06,1.63109454E+09
4.20000000E+01,1.00000000E+00,2.32000000E-01,1.39977916E+08,3.10038143E+03,1.57131160E-10,-0.00000000E+00,-0.00000000E+00,-1.45926833E-32,-3.82673922E-34,2.84678185E+08,6.77836356E+06,2.84722534E-02,6.77942041E-04,-2.84620365E+08,-6.77696465E+06,-1.12331904E+03,-3.62849788E+01,-0.00000000E+00,-0.00000000E+00,5.68645926E-38,1.44578795E-39,-0.00000000E+00,-0.00000000E+00,5.68645926E-38,1.44578795E-39,-9.91925613E+04,-2.39962142E+03,-6.66567643E+02,-1.67854833E+01,4.13302419E+04,9.99842454E+02,4.10000000E+04,1.00000000E+03,7.76992921E+06,1.63109454E+09
4.30000000E+01,1.00000000E+00,2.32000000E-01,1.39977916E+08,3.10038071E+03,1.16904428E-10,-0.00000000E+00,-0.00000000E+00,-1.49753571E-32,-3.82673834E-34,2.91456563E+08,6.77837774E+06,2.91501969E-02,6.77943463E-04,-2.91397344E+08,-6.77697884E+06,-1.15960419E+03,-3.62852168E+01,-0.00000000E+00,-0.00000000E+00,5.83103803E-38,1.44578750E-39,-0.00000000E+00,-0.00000000E+00,5.83103803E-38,1.44578750E-39,-1.01592183E+05,-2.39962141E+03,-6.83353115E+02,-1.67854624E+01,4.23300843E+04,9.99842448E+02,4.20000000E+04,1.00000000E+03,7.76992916E+06,1.63109454E+09
4.40000000E+01,1.00000000E+00,2.32000000E-01,1.39977915E+08,3.10038000E+03,8.69760356E-11,-0.00000000E+00,-0.00000000E+00,-1.53580309E-32,-3.82673747E-34,2.98234955E+08,6.77839192E+06,2.98281417E-02,6.77944885E-04,-2.98174337E+08,-6.77699301E+06,-1.19588959E+03,-3.62854548E+01,-0.00000000E+00,-0.00000000E+00,5.97561675E-38,1.44578706E-39,-0.00000000E+00,-0.00000000E+00,5.97561675E-38,1.44578706E-39,-1.03991804E+05,-2.39962139E+03,-7.00138565E+02,-1.67854416E+01,4.33299268E+04,9.99842442E+02,4.30000000E+04,1.00000000E+03,7.76992911E+06,1.63109454E+09
4.50000000E+01,1.00000000E+00,2.32000000E-01,1.39977914E+08,3.10037929E+03,6.47095313E-11,-0.00000000E+00,-0.00000000E+00,-1.57407046E-32,-3.82673659E-34,3.05013361E+08,6.77840608E+06,3.05060880E-02,6.77946306E-04,-3.04951344E+08,-6.77700718E+06,-1.23217522E+03,-3.62856928E+01,-0.00000000E+00,-0.00000000E+00,6.12019543E-38,1.44578661E-39,-0.00000000E+00,-0.00000000E+00,6.12019543E-38,1.44578661E-39,-1.06391426E+05,-2.39962138E+03,-7.16923995E+02,-1.67854207E+01,4.43297692E+04,9.99842435E+02,4.40000000E+04,1.00000000E+03,7.76992906E+06,1.63109454E+09
4.60000000E+01,1.00000000E+00,2.32000000E-01,1.39977913E+08,3.10037858E+03,4.81434157E-11,-0.00000000E+00,-0.00000000E+00,-1.61233782E-32,-3.82673571E-34,3.11791781E+08,6.77842024E+06,3.11840358E-02,6.77947726E-04,-3.11728365E+08,-6.77702133E+06,-1.26846109E+03,-3.62859307E+01,-0.00000000E+00,-0.00000000E+00,6.26477406E-38,1.44578617E-39,-0.00000000E+00,-0.00000000E+00,6.26477406E-38,1.44578617E-39,-1.08791047E+05,-2.39962136E+03,-7.33709404E+02,-1.67853998E+01,4.53296116E+04,9.99842429E+02,4.50000000E+04,1.00000000E+03,7.76992902E+06,1.63109454E+09
4.70000000E+01,1.00000000E+00,2.32000000E-01,1.39977912E+08,3.10037787E+03,3.58183475E-11,-0.00000000E+00,-0.00000000E+00,-1.65060517E-32,-3.82673483E-34,3.18570215E+08,6.77843439E+06,3.18619849E-02,6.77949146E-04,-3.18505401E+08,-6.77703548E+06,-1.30474720E+03,-3.62861685E+01,-0.00000000E+00,-0.00000000E+00,6.40935265E-38,1.44578573E-39,-0.00000000E+00,-0.00000000E+00,6.40935265E-38,1.44578573E-39,-1.11190668E+05,-2.39962135E+03,-7.50494792E+02,-1.67853790E+01,4.63294541E+04,9.99842423E+02,4.60000000E+04,1.00000000E+03,7.76992897E+06,1.63109454E+09
4.80000000E+01,1.00000000E+00,2.32000000E-01,1.39977911E+08,3.10037716E+03,2.66485873E-11,-0.00000000E+00,-0.00000000E+00,-1.68887252E-32,-3.82673396E-34,3.25348664E+08,6.77844852E+06,3.25399355E-02,6.77950564E-04,-3.25282450E+08,-6.77704961E+06,-1.34103354E+03,-3.62864063E+01,-0.00000000E+00,-0.00000000E+00,6.55393120E-38,1.44578530E-39,-0.00000000E+00,-0.00000000E+00,6.55393120E-38,1.44578530E-39,-1.13590290E+05,-2.39962133E+03,-7.67280159E+02,-1.67853581E+01,4.73292965E+04,9.99842417E+02,4.70000000E+04,1.00000000E+03,7.76992892E+06,1.63109454E+09
4.90000000E+01,1.00000000E+00,2.32000000E-01,1.39977910E+08,3.10037645E+03,1.98263531E-11,-0.00000000E+00,-0.00000000E+00,-1.72713985E-32,-3.82673308E-34,3.32127127E+08,6.77846265E+06,3.32178875E-02,6.77951981E-04,-3.32059514E+08,-6.77706374E+06,-1.37732012E+03,-3.62866440E+01,-0.00000000E+00,-0.00000000E+00,6.69850970E-38,1.44578487E-39,-0.00000000E+00,-0.00000000E+00,6.69850970E-38,1.44578487E-39,-1.15989911E+05,-2.39962132E+03,-7.84065506E+02,-1.67853373E+01,4.83291389E+04,9.99842410E+02,4.80000000E+04,1.00000000E+03,7.76992887E+06,1.63109454E+09
5.00000000E+01,1.00000000E+00,2.32000000E-01,1.39977910E+08,3.10037574E+03,1.47506610E-11,-0.00000000E+00,-0.00000000E+00,-1.76540718E-32,-3.82673220E-34,3.38905603E+08,6.77847677E+06,3.38958409E-02,6.77953397E-04,-3.38836592E+08,-6.77707786E+06,-1.41360694E+03,-3.62868816E+01,-0.00000000E+00,-0.00000000E+00,6.84308816E-38,1.44578444E-39,-0.00000000E+00,-0.00000000E+00,6.84308816E-38,1.44578444E-39,-1.18389532E+05,-2.39962130E+03,-8.00850831E+02,-1.67853164E+01,4.93289813E+04,9.99842404E+02,4.90000000E+04,1.00000000E+03,7.76992882E+06,1.63109454E+09
