Time [d],dt_flow [d],dt_tran [d],Global Water Mass in Liquid Phas [kg],Global Vaq [mol],Global Vim [mol],Top Water Mass [kg],Top Water Mass [kg/d],Top Vaq [mol],Top Vaq [mol/d],Right Water Mass [kg],Right Water Mass [kg/d],Right Vaq [mol],Right Vaq [mol/d],Left Water Mass [kg],Left Water Mass [kg/d],Left Vaq [mol],Left Vaq [mol/d],North Water Mass [kg],North Water Mass [kg/d],North Vaq [mol],North Vaq [mol/d],South Water Mass [kg],South Water Mass [kg/d],South Vaq [mol],South Vaq [mol/d],ExtractWell Water Mass [kg],ExtractWell Water Mass [kg/d],ExtractWell Vaq [mol],ExtractWell Vaq [mol/d],InjectWell Water Mass [kg],InjectWell Water Mass [kg/d],InjectWell Vaq [mol],InjectWell Vaq [mol/d],Region Region__all Water Mass [kg],Region Region__all Total Mass [kg]
1.00000000E+00,4.89000000E-01,1.05000000E-01,1.39977789E+08,1.04299481E-02,2.97108677E-05,-0.00000000E+00,-0.00000000E+00,2.70850945E-40,4.40646404E-40,2.25922523E+06,2.25933843E+06,2.25958234E-04,2.25969556E-04,-2.25875406E+06,-2.25862334E+06,-1.90263718E-04,-1.67790866E-04,-0.00000000E+00,-0.00000000E+00,2.69168930E-40,4.37910196E-40,-0.00000000E+00,-0.00000000E+00,2.69168930E-40,4.37910196E-40,-8.08069381E+02,-1.22620543E+03,-6.49149907E-08,-9.10958224E-08,3.36695597E+02,5.10918963E+02,3.36749000E-08,5.11000000E-08,7.76992215E+06,1.63109144E+09
2.00000000E+00,4.88000000E-01,4.00000000E-02,1.39977789E+08,8.51045477E+02,2.19851824E-05,-0.00000000E+00,-0.00000000E+00,-6.00522637E-35,-1.05041599E-34,4.51888111E+06,2.25965614E+06,4.51959540E-04,2.26001332E-04,-4.51701036E+06,-2.25825655E+06,-3.33092669E-04,-1.24140220E-04,-0.00000000E+00,-0.00000000E+00,8.92632678E-40,7.61792771E-40,-0.00000000E+00,-0.00000000E+00,8.92632678E-40,7.61792771E-40,-3.20768862E+03,-2.39961924E+03,-3.60763253E-01,-1.12399093E+00,1.33653701E+03,9.99841414E+02,1.00000000E+03,1.00000000E+03,7.76992214E+06,1.63109229E+09
3.00000000E+00,1.00000000E+00,4.00000000E-02,1.39977789E+08,1.47721422E+03,1.62759057E-05,-0.00000000E+00,-0.00000000E+00,-2.09710701E-34,-1.82328713E-34,6.77853826E+06,2.25965715E+06,6.77960974E-04,2.26001433E-04,-6.77526792E+06,-2.25825756E+06,-4.38643234E-04,-9.19025979E-05,-0.00000000E+00,-0.00000000E+00,1.79053191E-39,9.97280678E-40,-0.00000000E+00,-0.00000000E+00,1.79053191E-39,9.97280678E-40,-5.60730786E+03,-2.39961924E+03,-3.85805645E+00,-5.87818425E+00,2.33637842E+03,9.99841412E+02,2.00000000E+03,1.00000000E+03,7.76992213E+06,1.63109292E+09
4.00000000E+00,1.00000000E+00,4.00000000E-02,1.39977789E+08,1.93584384E+03,1.20492567E-05,-0.00000000E+00,-0.00000000E+00,-4.24743208E-34,-2.38936712E-34,9.03819641E+06,2.25965815E+06,9.03962507E-04,2.26001533E-04,-9.03352648E+06,-2.25825855E+06,-5.16783671E-04,-6.80366736E-05,-0.00000000E+00,-0.00000000E+00,2.88693662E-39,1.16877598E-39,-0.00000000E+00,-0.00000000E+00,2.88693662E-39,1.16877598E-39,-8.00692709E+03,-2.39961923E+03,-1.31263671E+01,-1.19816654E+01,3.33621983E+03,9.99841411E+02,3.00000000E+03,1.00000000E+03,7.76992212E+06,1.63109338E+09
5.00000000E+00,1.00000000E+00,4.00000000E-02,1.39977789E+08,2.27064406E+03,8.92021550E-06,-0.00000000E+00,-0.00000000E+00,-6.87557623E-34,-2.80260625E-34,1.12978555E+07,2.25965913E+06,1.12996414E-03,2.26001632E-04,-1.12917860E+07,-2.25825953E+06,-5.74632071E-04,-5.03685297E-05,-0.00000000E+00,-0.00000000E+00,4.12788324E-39,1.29363409E-39,-0.00000000E+00,-0.00000000E+00,4.12788324E-39,1.29363409E-39,-1.04065463E+04,-2.39961923E+03,-2.79877673E+01,-1.69380566E+01,4.33606124E+03,9.99841409E+02,4.00000000E+03,1.00000000E+03,7.76992211E+06,1.63109371E+09
6.00000000E+00,1.00000000E+00,4.00000000E-02,1.39977788E+08,2.51516436E+03,6.60374718E-06,-0.00000000E+00,-0.00000000E+00,-9.85252489E-34,-3.10441416E-34,1.35575156E+07,2.25966009E+06,1.35596587E-03,2.26001728E-04,-1.35500465E+07,-2.25826049E+06,-6.17459083E-04,-3.72915367E-05,-0.00000000E+00,-0.00000000E+00,5.47404882E-39,1.38451197E-39,-0.00000000E+00,-0.00000000E+00,5.47404882E-39,1.38451197E-39,-1.28061655E+04,-2.39961923E+03,-4.68174281E+01,-2.01147734E+01,5.33590265E+03,9.99841408E+02,5.00000000E+03,1.00000000E+03,7.76992210E+06,1.63109396E+09
7.00000000E+00,1.00000000E+00,1.04000000E-01,1.39977788E+08,2.69409507E+03,4.88996822E-06,-0.00000000E+00,-0.00000000E+00,-1.30850214E-33,-3.32526577E-34,1.58171767E+07,2.25966104E+06,1.58196769E-03,2.26001823E-04,-1.58083079E+07,-2.25826144E+06,-6.49162434E-04,-2.76593430E-05,-0.00000000E+00,-0.00000000E+00,6.89692762E-39,1.45059221E-39,-0.00000000E+00,-0.00000000E+00,6.89692762E-39,1.45059221E-39,-1.52057848E+04,-2.39961922E+03,-6.80013861E+01,-2.18756033E+01,6.33574406E+03,9.99841407E+02,6.00000000E+03,1.00000000E+03,7.76992209E+06,1.63109414E+09
8.00000000E+00,1.00000000E+00,2.32000000E-01,1.39977788E+08,2.82375752E+03,3.63810033E-06,-0.00000000E+00,-0.00000000E+00,-1.65115072E-33,-3.48530629E-34,1.80768387E+07,2.25966198E+06,1.80796961E-03,2.26001917E-04,-1.80665703E+07,-2.25826237E+06,-6.72590717E-04,-2.11127766E-05,-0.00000000E+00,-0.00000000E+00,8.37753961E-39,1.49799120E-39,-0.00000000E+00,-0.00000000E+00,8.37753961E-39,1.49799120E-39,-1.76054040E+04,-2.39961922E+03,-9.04509574E+01,-2.27406855E+01,7.33558546E+03,9.99841405E+02,7.00000000E+03,1.00000000E+03,7.76992208E+06,1.63109427E+09
9.00000000E+00,1.00000000E+00,2.32000000E-01,1.39977788E+08,2.91975530E+03,2.70671984E-06,-0.00000000E+00,-0.00000000E+00,-2.00717341E-33,-3.60379497E-34,2.03365016E+07,2.25966290E+06,2.03397162E-03,2.26002009E-04,-2.03248336E+07,-2.25826329E+06,-6.92016903E-04,-1.92484125E-05,-0.00000000E+00,-0.00000000E+00,9.89748269E-39,1.53265030E-39,-0.00000000E+00,-0.00000000E+00,9.89748269E-39,1.53265030E-39,-2.00050232E+04,-2.39961922E+03,-1.13470967E+02,-2.31592996E+01,8.33542687E+03,9.99841404E+02,8.00000000E+03,1.00000000E+03,7.76992207E+06,1.63109436E+09
1.00000000E+01,1.00000000E+00,2.32000000E-01,1.39977788E+08,2.99095527E+03,2.01377962E-06,-0.00000000E+00,-0.00000000E+00,-2.37310864E-33,-3.69167608E-34,2.25961654E+07,2.25966380E+06,2.25997372E-03,2.26002099E-04,-2.25830978E+07,-2.25826419E+06,-7.16526218E-04,-3.06719219E-05,-0.00000000E+00,-0.00000000E+00,1.14461804E-38,1.55798600E-39,-0.00000000E+00,-0.00000000E+00,1.14461804E-38,1.55798600E-39,-2.24046424E+04,-2.39961921E+03,-1.36760188E+02,-2.33531578E+01,9.33526827E+03,9.99841403E+02,9.00000000E+03,1.00000000E+03,7.76992206E+06,1.63109443E+09
1.10000000E+01,1.00000000E+00,2.32000000E-01,1.39977787E+08,3.04382691E+03,1.49823721E-06,-0.00000000E+00,-0.00000000E+00,-2.74640134E-33,-3.75693479E-34,2.48558300E+07,2.25966469E+06,2.48597590E-03,2.26002188E-04,-2.48413629E+07,-2.25826507E+06,-7.73012802E-04,-8.07871035E-05,-0.00000000E+00,-0.00000000E+00,1.30158937E-38,1.57650046E-39,-0.00000000E+00,-0.00000000E+00,1.30158937E-38,1.57650046E-39,-2.48042616E+04,-2.39961921E+03,-1.60171663E+02,-2.34398714E+01,1.03351097E+04,9.99841401E+02,1.00000000E+04,1.00000000E+03,7.76992205E+06,1.63109449E+09
1.20000000E+01,1.00000000E+00,2.32000000E-01,1.39977787E+08,3.08311868E+03,1.11467745E-06,-0.00000000E+00,-0.00000000E+00,-3.12516017E-33,-3.80543206E-34,2.71154956E+07,2.25966556E+06,2.71197818E-03,2.26002276E-04,-2.70996288E+07,-2.25826594E+06,-9.32183746E-04,-2.27556028E-04,-0.00000000E+00,-0.00000000E+00,1.46009616E-38,1.59002576E-39,-0.00000000E+00,-0.00000000E+00,1.46009616E-38,1.59002576E-39,-2.72038808E+04,-2.39961921E+03,-1.83636970E+02,-2.34775840E+01,1.13349511E+04,9.99841400E+02,1.10000000E+04,1.00000000E+03,7.76992204E+06,1.63109453E+09
1.30000000E+01,1.00000000E+00,2.32000000E-01,1.39977787E+08,3.11233224E+03,8.29311815E-07,-0.00000000E+00,-0.00000000E+00,-3.50798237E-33,-3.84148994E-34,2.93751620E+07,2.25966641E+06,2.93798054E-03,2.26002361E-04,-2.93578956E+07,-2.25826679E+06,-1.35225589E-03,-5.79712516E-04,-0.00000000E+00,-0.00000000E+00,1.61972443E-38,1.59990299E-39,-0.00000000E+00,-0.00000000E+00,1.61972443E-38,1.59990299E-39,-2.96035000E+04,-2.39961920E+03,-2.07125387E+02,-2.34936091E+01,1.23347925E+04,9.99841399E+02,1.20000000E+04,1.00000000E+03,7.76992203E+06,1.63109455E+09
1.40000000E+01,1.00000000E+00,2.32000000E-01,1.39977787E+08,3.13405846E+03,6.17001884E-07,-0.00000000E+00,-0.00000000E+00,-3.89382623E-33,-3.86830630E-34,3.16348293E+07,2.25966725E+06,3.16398299E-03,2.26002445E-04,-3.16161632E+07,-2.25826763E+06,-2.33852622E-03,-1.30998231E-03,-0.00000000E+00,-0.00000000E+00,1.78017152E-38,1.60711357E-39,-0.00000000E+00,-0.00000000E+00,1.78017152E-38,1.60711357E-39,-3.20031192E+04,-2.39961920E+03,-2.30623520E+02,-2.35002869E+01,1.33346339E+04,9.99841398E+02,1.30000000E+04,1.00000000E+03,7.76992202E+06,1.63109458E+09
1.50000000E+01,1.00000000E+00,2.32000000E-01,1.39977787E+08,3.15021839E+03,4.59044867E-07,-0.00000000E+00,-0.00000000E+00,-4.28191748E-33,-3.88825227E-34,3.38944973E+07,2.25966808E+06,3.38998551E-03,2.26002528E-04,-3.38744317E+07,-2.25826845E+06,-4.40832627E-03,-2.65435661E-03,-0.00000000E+00,-0.00000000E+00,1.94121623E-38,1.61237551E-39,-0.00000000E+00,-0.00000000E+00,1.94121623E-38,1.61237551E-39,-3.44027384E+04,-2.39961920E+03,-2.54125664E+02,-2.35030237E+01,1.43344753E+04,9.99841397E+02,1.40000000E+04,1.00000000E+03,7.76992201E+06,1.63109459E+09
1.60000000E+01,1.00000000E+00,2.32000000E-01,1.39977787E+08,3.16223833E+03,3.41526007E-07,-0.00000000E+00,-0.00000000E+00,-4.67168038E-33,-3.90308832E-34,3.61541662E+07,2.25966888E+06,3.61598812E-03,2.26002609E-04,-3.61327009E+07,-2.25826925E+06,-8.34334232E-03,-4.89139520E-03,-0.00000000E+00,-0.00000000E+00,2.10269697E-38,1.61621396E-39,-0.00000000E+00,-0.00000000E+00,2.10269697E-38,1.61621396E-39,-3.68023576E+04,-2.39961920E+03,-2.77629439E+02,-2.35041293E+01,1.53343167E+04,9.99841396E+02,1.50000000E+04,1.00000000E+03,7.76992201E+06,1.63109460E+09
1.70000000E+01,1.00000000E+00,2.32000000E-01,1.39977787E+08,3.17117807E+03,2.54092839E-07,-0.00000000E+00,-0.00000000E+00,-5.06268661E-33,-3.91412251E-34,3.84138359E+07,2.25966967E+06,3.84199081E-03,2.26002688E-04,-3.83909710E+07,-2.25827004E+06,-1.52090943E-02,-8.30216462E-03,-0.00000000E+00,-0.00000000E+00,2.26449570E-38,1.61901290E-39,-0.00000000E+00,-0.00000000E+00,2.26449570E-38,1.61901290E-39,-3.92019768E+04,-2.39961919E+03,-3.01133869E+02,-2.35045705E+01,1.63341581E+04,9.99841395E+02,1.60000000E+04,1.00000000E+03,7.76992200E+06,1.63109461E+09
1.80000000E+01,1.00000000E+00,2.32000000E-01,1.39977786E+08,3.17782536E+03,1.89043205E-07,-0.00000000E+00,-0.00000000E+00,-5.45461744E-33,-3.92232717E-34,4.06735063E+07,2.25967045E+06,4.06799358E-03,2.26002766E-04,-4.06492418E+07,-2.25827081E+06,-2.63265898E-02,-1.31188683E-02,-0.00000000E+00,-0.00000000E+00,2.42652626E-38,1.62105300E-39,-0.00000000E+00,-0.00000000E+00,2.42652626E-38,1.62105300E-39,-4.16015960E+04,-2.39961919E+03,-3.24638558E+02,-2.35047445E+01,1.73339995E+04,9.99841394E+02,1.70000000E+04,1.00000000E+03,7.76992199E+06,1.63109462E+09
1.90000000E+01,1.00000000E+00,2.32000000E-01,1.39977786E+08,3.18276597E+03,1.40646755E-07,-0.00000000E+00,-0.00000000E+00,-5.84723562E-33,-3.92842529E-34,4.29331775E+07,2.25967121E+06,4.29399642E-03,2.26002842E-04,-4.29075134E+07,-2.25827157E+06,-4.31924711E-02,-1.94750417E-02,-0.00000000E+00,-0.00000000E+00,2.58872574E-38,1.62253936E-39,-0.00000000E+00,-0.00000000E+00,2.58872574E-38,1.62253936E-39,-4.40012152E+04,-2.39961919E+03,-3.48143349E+02,-2.35048125E+01,1.83338408E+04,9.99841393E+02,1.80000000E+04,1.00000000E+03,7.76992198E+06,1.63109463E+09
2.00000000E+01,1.00000000E+00,2.32000000E-01,1.39977786E+08,3.18643556E+03,1.04640152E-07,-0.00000000E+00,-0.00000000E+00,-6.24036448E-33,-3.93295461E-34,4.51928495E+07,2.25967195E+06,4.51999933E-03,2.26002916E-04,-4.51657857E+07,-2.25827231E+06,-6.73573571E-02,-2.73703865E-02,-0.00000000E+00,-0.00000000E+00,2.75104827E-38,1.62362178E-39,-0.00000000E+00,-0.00000000E+00,2.75104827E-38,1.62362178E-39,-4.64008344E+04,-2.39961919E+03,-3.71648180E+02,-2.35048389E+01,1.93336822E+04,9.99841393E+02,1.90000000E+04,1.00000000E+03,7.76992197E+06,1.63109463E+09
2.10000000E+01,1.00000000E+00,2.32000000E-01,1.39977786E+08,3.18915833E+03,7.78515043E-08,-0.00000000E+00,-0.00000000E+00,-6.63387243E-33,-3.93631529E-34,4.74525222E+07,2.25967268E+06,4.74600232E-03,2.26002989E-04,-4.74240587E+07,-2.25827304E+06,-1.00282866E-01,-3.66590859E-02,-0.00000000E+00,-0.00000000E+00,2.91346038E-38,1.62440968E-39,-0.00000000E+00,-0.00000000E+00,2.91346038E-38,1.62440968E-39,-4.88004536E+04,-2.39961918E+03,-3.95153026E+02,-2.35048490E+01,2.03335236E+04,9.99841392E+02,2.00000000E+04,1.00000000E+03,7.76992197E+06,1.63109463E+09
2.20000000E+01,1.00000000E+00,2.32000000E-01,1.39977786E+08,3.19117565E+03,5.79209470E-08,-0.00000000E+00,-0.00000000E+00,-7.02766142E-33,-3.93880524E-34,4.97121956E+07,2.25967339E+06,4.97200538E-03,2.26003061E-04,-4.96823325E+07,-2.25827374E+06,-1.43202663E-01,-4.70637472E-02,-0.00000000E+00,-0.00000000E+00,3.07593768E-38,1.62498292E-39,-0.00000000E+00,-0.00000000E+00,3.07593768E-38,1.62498292E-39,-5.12000728E+04,-2.39961918E+03,-4.18657878E+02,-2.35048528E+01,2.13333650E+04,9.99841391E+02,2.10000000E+04,1.00000000E+03,7.76992196E+06,1.63109463E+09
2.30000000E+01,1.00000000E+00,2.32000000E-01,1.39977786E+08,3.19266738E+03,4.30927589E-08,-0.00000000E+00,-0.00000000E+00,-7.42165841E-33,-3.94064645E-34,5.19718697E+07,2.25967409E+06,5.19800851E-03,2.26003130E-04,-5.19406069E+07,-2.25827444E+06,-1.97010928E-01,-5.82105524E-02,-0.00000000E+00,-0.00000000E+00,3.23846239E-38,1.62539975E-39,-0.00000000E+00,-0.00000000E+00,3.23846239E-38,1.62539975E-39,-5.35996919E+04,-2.39961918E+03,-4.42162732E+02,-2.35048542E+01,2.23332064E+04,9.99841390E+02,2.20000000E+04,1.00000000E+03,7.76992195E+06,1.63109464E+09
2.40000000E+01,1.00000000E+00,2.32000000E-01,1.39977786E+08,3.19376767E+03,3.20606959E-08,-0.00000000E+00,-0.00000000E+00,-7.81580899E-33,-3.94200453E-34,5.42315444E+07,2.25967477E+06,5.42401171E-03,2.26003199E-04,-5.41988820E+07,-2.25827512E+06,-2.62194295E-01,-6.96767871E-02,-0.00000000E+00,-0.00000000E+00,3.40102156E-38,1.62570270E-39,-0.00000000E+00,-0.00000000E+00,3.40102156E-38,1.62570270E-39,-5.59993111E+04,-2.39961918E+03,-4.65667587E+02,-2.35048547E+01,2.33330478E+04,9.99841390E+02,2.30000000E+04,1.00000000E+03,7.76992195E+06,1.63109464E+09
2.50000000E+01,1.00000000E+00,2.32000000E-01,1.39977786E+08,3.19457670E+03,2.38529221E-08,-0.00000000E+00,-0.00000000E+00,-8.21007266E-33,-3.94300310E-34,5.64912199E+07,2.25967543E+06,5.65001498E-03,2.26003266E-04,-5.64571578E+07,-2.25827578E+06,-3.38813424E-01,-8.10405360E-02,-0.00000000E+00,-0.00000000E+00,3.56360578E-38,1.62592275E-39,-0.00000000E+00,-0.00000000E+00,3.56360578E-38,1.62592275E-39,-5.83989303E+04,-2.39961918E+03,-4.89172442E+02,-2.35048549E+01,2.43328892E+04,9.99841389E+02,2.40000000E+04,1.00000000E+03,7.76992194E+06,1.63109464E+09
2.60000000E+01,1.00000000E+00,2.32000000E-01,1.39977785E+08,3.19516931E+03,1.77463988E-08,-0.00000000E+00,-0.00000000E+00,-8.60441930E-33,-3.94373456E-34,5.87508959E+07,2.25967609E+06,5.87601831E-03,2.26003331E-04,-5.87154342E+07,-2.25827643E+06,-4.26530792E-01,-9.19236982E-02,-0.00000000E+00,-0.00000000E+00,3.72620818E-38,1.62608249E-39,-0.00000000E+00,-0.00000000E+00,3.72620818E-38,1.62608249E-39,-6.07985495E+04,-2.39961918E+03,-5.12677297E+02,-2.35048549E+01,2.53327306E+04,9.99841388E+02,2.50000000E+04,1.00000000E+03,7.76992193E+06,1.63109464E+09
2.70000000E+01,1.00000000E+00,2.32000000E-01,1.39977785E+08,3.19560149E+03,1.32031903E-08,-0.00000000E+00,-0.00000000E+00,-8.99882657E-33,-3.94426799E-34,6.10105727E+07,2.25967673E+06,6.10202170E-03,2.26003395E-04,-6.09737113E+07,-2.25827707E+06,-5.24674224E-01,-1.02022549E-01,-0.00000000E+00,-0.00000000E+00,3.88882378E-38,1.62619837E-39,-0.00000000E+00,-0.00000000E+00,3.88882378E-38,1.62619837E-39,-6.31981687E+04,-2.39961917E+03,-5.36182152E+02,-2.35048549E+01,2.63325720E+04,9.99841388E+02,2.60000000E+04,1.00000000E+03,7.76992193E+06,1.63109464E+09
2.80000000E+01,1.00000000E+00,2.32000000E-01,1.39977785E+08,3.19591509E+03,9.82307652E-09,-0.00000000E+00,-0.00000000E+00,-9.39327791E-33,-3.94465506E-34,6.32702500E+07,2.25967736E+06,6.32802516E-03,2.26003458E-04,-6.32319890E+07,-2.25827769E+06,-6.32322119E-01,-1.11123658E-01,-0.00000000E+00,-0.00000000E+00,4.05144894E-38,1.62628239E-39,-0.00000000E+00,-0.00000000E+00,4.05144894E-38,1.62628239E-39,-6.55977878E+04,-2.39961917E+03,-5.59687007E+02,-2.35048549E+01,2.73324134E+04,9.99841387E+02,2.70000000E+04,1.00000000E+03,7.76992192E+06,1.63109464E+09
2.90000000E+01,1.00000000E+00,2.32000000E-01,1.39977785E+08,3.19614136E+03,7.30829674E-09,-0.00000000E+00,-0.00000000E+00,-9.78776114E-33,-3.94493434E-34,6.55299280E+07,2.25967797E+06,6.55402868E-03,2.26003520E-04,-6.54902673E+07,-2.25827831E+06,-7.48396050E-01,-1.19106081E-01,-0.00000000E+00,-0.00000000E+00,4.21408104E-38,1.62634326E-39,-0.00000000E+00,-0.00000000E+00,4.21408104E-38,1.62634326E-39,-6.79974070E+04,-2.39961917E+03,-5.83191862E+02,-2.35048549E+01,2.83322547E+04,9.99841386E+02,2.80000000E+04,1.00000000E+03,7.76992191E+06,1.63109464E+09
3.00000000E+01,1.00000000E+00,2.32000000E-01,1.39977785E+08,3.19630362E+03,5.43731906E-09,-0.00000000E+00,-0.00000000E+00,-1.01822673E-32,-3.94513462E-34,6.77896066E+07,2.25967858E+06,6.78003226E-03,2.26003580E-04,-6.77485462E+07,-2.25827891E+06,-8.71748738E-01,-1.25932786E-01,-0.00000000E+00,-0.00000000E+00,4.37671816E-38,1.62638732E-39,-0.00000000E+00,-0.00000000E+00,4.37671816E-38,1.62638732E-39,-7.03970262E+04,-2.39961917E+03,-6.06696717E+02,-2.35048549E+01,2.93320961E+04,9.99841385E+02,2.90000000E+04,1.00000000E+03,7.76992191E+06,1.63109464E+09
3.10000000E+01,1.00000000E+00,2.32000000E-01,1.39977785E+08,3.19641922E+03,4.04532542E-09,-0.00000000E+00,-0.00000000E+00,-1.05767898E-32,-3.94527730E-34,7.00492857E+07,2.25967917E+06,7.00603590E-03,2.26003640E-04,-7.00068257E+07,-2.25827950E+06,-1.00123894E+00,-1.31635217E-01,-0.00000000E+00,-0.00000000E+00,4.53935892E-38,1.62641919E-39,-0.00000000E+00,-0.00000000E+00,4.53935892E-38,1.62641919E-39,-7.27966453E+04,-2.39961917E+03,-6.30201572E+02,-2.35048549E+01,3.03319375E+04,9.99841385E+02,3.00000000E+04,1.00000000E+03,7.76992190E+06,1.63109464E+09
3.20000000E+01,1.00000000E+00,2.32000000E-01,1.39977785E+08,3.19650101E+03,3.00969238E-09,-0.00000000E+00,-0.00000000E+00,-1.09713240E-32,-3.94537825E-34,7.23089655E+07,2.25967976E+06,7.23203960E-03,2.26003699E-04,-7.22651058E+07,-2.25828009E+06,-1.13578878E+00,-1.36294802E-01,-0.00000000E+00,-0.00000000E+00,4.70200230E-38,1.62644223E-39,-0.00000000E+00,-0.00000000E+00,4.70200230E-38,1.62644223E-39,-7.51962645E+04,-2.39961917E+03,-6.53706427E+02,-2.35048549E+01,3.13317789E+04,9.99841384E+02,3.10000000E+04,1.00000000E+03,7.76992189E+06,1.63109464E+09
3.30000000E+01,1.00000000E+00,2.32000000E-01,1.39977785E+08,3.19655845E+03,2.23918901E-09,-0.00000000E+00,-0.00000000E+00,-1.13658663E-32,-3.94544915E-34,7.45686458E+07,2.25968033E+06,7.45804336E-03,2.26003757E-04,-7.45233865E+07,-2.25828066E+06,-1.27442240E+00,-1.40024522E-01,-0.00000000E+00,-0.00000000E+00,4.86464757E-38,1.62645886E-39,-0.00000000E+00,-0.00000000E+00,4.86464757E-38,1.62645886E-39,-7.75958837E+04,-2.39961916E+03,-6.77211282E+02,-2.35048548E+01,3.23316203E+04,9.99841383E+02,3.20000000E+04,1.00000000E+03,7.76992189E+06,1.63109464E+09
3.40000000E+01,1.00000000E+00,2.32000000E-01,1.39977784E+08,3.19659849E+03,1.66594017E-09,-0.00000000E+00,-0.00000000E+00,-1.17604144E-32,-3.94549857E-34,7.68283267E+07,2.25968090E+06,7.68404717E-03,2.26003814E-04,-7.67816677E+07,-2.25828123E+06,-1.41628742E+00,-1.42952694E-01,-0.00000000E+00,-0.00000000E+00,5.02729422E-38,1.62647086E-39,-0.00000000E+00,-0.00000000E+00,5.02729422E-38,1.62647086E-39,-7.99955028E+04,-2.39961916E+03,-7.00716137E+02,-2.35048549E+01,3.33314617E+04,9.99841383E+02,3.30000000E+04,1.00000000E+03,7.76992188E+06,1.63109464E+09
3.50000000E+01,1.00000000E+00,2.32000000E-01,1.39977784E+08,3.19662619E+03,1.23944724E-09,-0.00000000E+00,-0.00000000E+00,-1.21549664E-32,-3.94553276E-34,7.90880082E+07,2.25968147E+06,7.91005104E-03,2.26003870E-04,-7.90399495E+07,-2.25828179E+06,-1.56066212E+00,-1.45210103E-01,-0.00000000E+00,-0.00000000E+00,5.18994186E-38,1.62647950E-39,-0.00000000E+00,-0.00000000E+00,5.18994186E-38,1.62647950E-39,-8.23951220E+04,-2.39961916E+03,-7.24220992E+02,-2.35048549E+01,3.43313030E+04,9.99841382E+02,3.40000000E+04,1.00000000E+03,7.76992188E+06,1.63109464E+09
3.60000000E+01,1.00000000E+00,2.32000000E-01,1.39977784E+08,3.19664521E+03,9.22139639E-10,-0.00000000E+00,-0.00000000E+00,-1.25495212E-32,-3.94555623E-34,8.13476902E+07,2.25968203E+06,8.13605497E-03,2.26003926E-04,-8.12982318E+07,-2.25828235E+06,-1.70695208E+00,-1.46920813E-01,-0.00000000E+00,-0.00000000E+00,5.35259020E-38,1.62648572E-39,-0.00000000E+00,-0.00000000E+00,5.35259020E-38,1.62648572E-39,-8.47947411E+04,-2.39961916E+03,-7.47725847E+02,-2.35048549E+01,3.53311444E+04,9.99841381E+02,3.50000000E+04,1.00000000E+03,7.76992187E+06,1.63109464E+09
3.70000000E+01,1.00000000E+00,2.32000000E-01,1.39977784E+08,3.19665816E+03,6.86065114E-10,-0.00000000E+00,-0.00000000E+00,-1.29440778E-32,-3.94557222E-34,8.36073728E+07,2.25968258E+06,8.36205895E-03,2.26003982E-04,-8.35565147E+07,-2.25828290E+06,-1.85467967E+00,-1.48196424E-01,-0.00000000E+00,-0.00000000E+00,5.51523906E-38,1.62649019E-39,-0.00000000E+00,-0.00000000E+00,5.51523906E-38,1.62649019E-39,-8.71943603E+04,-2.39961916E+03,-7.71230702E+02,-2.35048549E+01,3.63309858E+04,9.99841381E+02,3.60000000E+04,1.00000000E+03,7.76992187E+06,1.63109464E+09
3.80000000E+01,1.00000000E+00,2.32000000E-01,1.39977784E+08,3.19666691E+03,5.10427403E-10,-0.00000000E+00,-0.00000000E+00,-1.33386358E-32,-3.94558302E-34,8.58670559E+07,2.25968312E+06,8.58806299E-03,2.26004037E-04,-8.58147982E+07,-2.25828345E+06,-2.00346965E+00,-1.49133176E-01,-0.00000000E+00,-0.00000000E+00,5.67788828E-38,1.62649340E-39,-0.00000000E+00,-0.00000000E+00,5.67788828E-38,1.62649340E-39,-8.95939795E+04,-2.39961916E+03,-7.94735557E+02,-2.35048549E+01,3.73308272E+04,9.99841380E+02,3.70000000E+04,1.00000000E+03,7.76992186E+06,1.63109464E+09
3.90000000E+01,1.00000000E+00,2.32000000E-01,1.39977784E+08,3.19667277E+03,3.79754237E-10,-0.00000000E+00,-0.00000000E+00,-1.37331945E-32,-3.94559026E-34,8.81267396E+07,2.25968367E+06,8.81406708E-03,2.26004091E-04,-8.80730822E+07,-2.25828399E+06,-2.15303320E+00,-1.49811219E-01,-0.00000000E+00,-0.00000000E+00,5.84053777E-38,1.62649570E-39,-0.00000000E+00,-0.00000000E+00,5.84053777E-38,1.62649570E-39,-9.19935986E+04,-2.39961915E+03,-8.18240413E+02,-2.35048550E+01,3.83306686E+04,9.99841379E+02,3.80000000E+04,1.00000000E+03,7.76992185E+06,1.63109464E+09
4.00000000E+01,1.00000000E+00,2.32000000E-01,1.39977784E+08,3.19667668E+03,2.82534361E-10,-0.00000000E+00,-0.00000000E+00,-1.41277539E-32,-3.94559507E-34,9.03864238E+07,2.25968421E+06,9.04007123E-03,2.26004145E-04,-9.03313667E+07,-2.25828453E+06,-2.30315221E+00,-1.50295340E-01,-0.00000000E+00,-0.00000000E+00,6.00318744E-38,1.62649734E-39,-0.00000000E+00,-0.00000000E+00,6.00318744E-38,1.62649734E-39,-9.43932178E+04,-2.39961915E+03,-8.41745268E+02,-2.35048550E+01,3.93305099E+04,9.99841379E+02,3.90000000E+04,1.00000000E+03,7.76992185E+06,1.63109464E+09
4.10000000E+01,1.00000000E+00,2.32000000E-01,1.39977784E+08,3.19667925E+03,2.10203488E-10,-0.00000000E+00,-0.00000000E+00,-1.45223136E-32,-3.94559825E-34,9.26461086E+07,2.25968475E+06,9.26607542E-03,2.26004199E-04,-9.25896518E+07,-2.25828507E+06,-2.45366483E+00,-1.50636554E-01,-0.00000000E+00,-0.00000000E+00,6.16583725E-38,1.62649851E-39,-0.00000000E+00,-0.00000000E+00,6.16583725E-38,1.62649851E-39,-9.67928369E+04,-2.39961915E+03,-8.65250123E+02,-2.35048551E+01,4.03303513E+04,9.99841378E+02,4.00000000E+04,1.00000000E+03,7.76992184E+06,1.63109464E+09
4.20000000E+01,1.00000000E+00,2.32000000E-01,1.39977784E+08,3.19668094E+03,1.56389850E-10,-0.00000000E+00,-0.00000000E+00,-1.49168735E-32,-3.94560034E-34,9.49057938E+07,2.25968528E+06,9.49207968E-03,2.26004253E-04,-9.48479374E+07,-2.25828560E+06,-2.60445288E+00,-1.50874117E-01,-0.00000000E+00,-0.00000000E+00,6.32848715E-38,1.62649934E-39,-0.00000000E+00,-0.00000000E+00,6.32848715E-38,1.62649934E-39,-9.91924561E+04,-2.39961915E+03,-8.88754978E+02,-2.35048551E+01,4.13301927E+04,9.99841377E+02,4.10000000E+04,1.00000000E+03,7.76992184E+06,1.63109464E+09
4.30000000E+01,1.00000000E+00,2.32000000E-01,1.39977784E+08,3.19668204E+03,1.16352899E-10,-0.00000000E+00,-0.00000000E+00,-1.53114336E-32,-3.94560169E-34,9.71654797E+07,2.25968581E+06,9.71808398E-03,2.26004307E-04,-9.71062235E+07,-2.25828614E+06,-2.75543141E+00,-1.51037610E-01,-0.00000000E+00,-0.00000000E+00,6.49113712E-38,1.62649993E-39,-0.00000000E+00,-0.00000000E+00,6.49113712E-38,1.62649993E-39,-1.01592075E+05,-2.39961915E+03,-9.12259834E+02,-2.35048552E+01,4.23300341E+04,9.99841377E+02,4.20000000E+04,1.00000000E+03,7.76992183E+06,1.63109464E+09
4.40000000E+01,1.00000000E+00,2.32000000E-01,1.39977783E+08,3.19668275E+03,8.65657020E-11,-0.00000000E+00,-0.00000000E+00,-1.57059939E-32,-3.94560257E-34,9.94251660E+07,2.25968635E+06,9.94408834E-03,2.26004360E-04,-9.93645102E+07,-2.25828667E+06,-2.90654019E+00,-1.51148902E-01,-0.00000000E+00,-0.00000000E+00,6.65378714E-38,1.62650034E-39,-0.00000000E+00,-0.00000000E+00,6.65378714E-38,1.62650034E-39,-1.03991694E+05,-2.39961915E+03,-9.35764689E+02,-2.35048553E+01,4.33298754E+04,9.99841376E+02,4.30000000E+04,1.00000000E+03,7.76992183E+06,1.63109464E+09
4.50000000E+01,1.00000000E+00,2.32000000E-01,1.39977783E+08,3.19668320E+03,6.44042461E-11,-0.00000000E+00,-0.00000000E+00,-1.61005542E-32,-3.94560313E-34,1.01684853E+08,2.25968688E+06,1.01700928E-02,2.26004413E-04,-1.01622797E+08,-2.25828720E+06,-3.05773711E+00,-1.51223887E-01,-0.00000000E+00,-0.00000000E+00,6.81643719E-38,1.62650063E-39,-0.00000000E+00,-0.00000000E+00,6.81643719E-38,1.62650063E-39,-1.06391313E+05,-2.39961914E+03,-9.59269544E+02,-2.35048553E+01,4.43297168E+04,9.99841375E+02,4.40000000E+04,1.00000000E+03,7.76992182E+06,1.63109464E+09
4.60000000E+01,1.00000000E+00,2.32000000E-01,1.39977783E+08,3.19668349E+03,4.79162857E-11,-0.00000000E+00,-0.00000000E+00,-1.64951145E-32,-3.94560348E-34,1.03944540E+08,2.25968740E+06,1.03960972E-02,2.26004466E-04,-1.03881085E+08,-2.25828772E+06,-3.20899308E+00,-1.51273928E-01,-0.00000000E+00,-0.00000000E+00,6.97908727E-38,1.62650083E-39,-0.00000000E+00,-0.00000000E+00,6.97908727E-38,1.62650083E-39,-1.08790933E+05,-2.39961914E+03,-9.82774400E+02,-2.35048554E+01,4.53295582E+04,9.99841374E+02,4.50000000E+04,1.00000000E+03,7.76992182E+06,1.63109464E+09
4.70000000E+01,1.00000000E+00,2.32000000E-01,1.39977783E+08,3.19668367E+03,3.56493644E-11,-0.00000000E+00,-0.00000000E+00,-1.68896749E-32,-3.94560371E-34,1.06204228E+08,2.25968793E+06,1.06221017E-02,2.26004519E-04,-1.06139373E+08,-2.25828825E+06,-3.36028825E+00,-1.51307032E-01,-0.00000000E+00,-0.00000000E+00,7.14173736E-38,1.62650097E-39,-0.00000000E+00,-0.00000000E+00,7.14173736E-38,1.62650097E-39,-1.11190552E+05,-2.39961914E+03,-1.00627926E+03,-2.35048555E+01,4.63293996E+04,9.99841374E+02,4.60000000E+04,1.00000000E+03,7.76992181E+06,1.63109464E+09
4.80000000E+01,1.00000000E+00,2.32000000E-01,1.39977783E+08,3.19668378E+03,2.65228651E-11,-0.00000000E+00,-0.00000000E+00,-1.72842352E-32,-3.94560385E-34,1.08463917E+08,2.25968846E+06,1.08481063E-02,2.26004572E-04,-1.08397662E+08,-2.25828878E+06,-3.51160925E+00,-1.51328762E-01,-0.00000000E+00,-0.00000000E+00,7.30438747E-38,1.62650106E-39,-0.00000000E+00,-0.00000000E+00,7.30438747E-38,1.62650106E-39,-1.13590171E+05,-2.39961914E+03,-1.02978411E+03,-2.35048556E+01,4.73292409E+04,9.99841373E+02,4.70000000E+04,1.00000000E+03,7.76992181E+06,1.63109464E+09
4.90000000E+01,1.00000000E+00,2.32000000E-01,1.39977783E+08,3.19668385E+03,1.97328167E-11,-0.00000000E+00,-0.00000000E+00,-1.76787956E-32,-3.94560393E-34,1.10723606E+08,2.25968898E+06,1.10741109E-02,2.26004624E-04,-1.10655951E+08,-2.25828930E+06,-3.66294713E+00,-1.51342933E-01,-0.00000000E+00,-0.00000000E+00,7.46703758E-38,1.62650112E-39,-0.00000000E+00,-0.00000000E+00,7.46703758E-38,1.62650112E-39,-1.15989790E+05,-2.39961914E+03,-1.05328897E+03,-2.35048557E+01,4.83290823E+04,9.99841372E+02,4.80000000E+04,1.00000000E+03,7.76992180E+06,1.63109464E+09
5.00000000E+01,1.00000000E+00,2.32000000E-01,1.39977783E+08,3.19668390E+03,1.46810706E-11,-0.00000000E+00,-0.00000000E+00,-1.80733560E-32,-3.94560399E-34,1.12983295E+08,2.25968951E+06,1.13001156E-02,2.26004677E-04,-1.12914241E+08,-2.25828983E+06,-3.81429599E+00,-1.51352131E-01,-0.00000000E+00,-0.00000000E+00,7.62968769E-38,1.62650116E-39,-0.00000000E+00,-0.00000000E+00,7.62968769E-38,1.62650116E-39,-1.18389409E+05,-2.39961914E+03,-1.07679382E+03,-2.35048557E+01,4.93289237E+04,9.99841372E+02,4.90000000E+04,1.00000000E+03,7.76992179E+06,1.63109464E+09
