Time [d],dt_flow [d],dt_tran [d],Global Water Mass in Liquid Phas [kg],Global Vaq [mol],Global Vim [mol],Top Water Mass [kg],Top Water Mass [kg/d],Top Vaq [mol],Top Vaq [mol/d],Right Water Mass [kg],Right Water Mass [kg/d],Right Vaq [mol],Right Vaq [mol/d],Left Water Mass [kg],Left Water Mass [kg/d],Left Vaq [mol],Left Vaq [mol/d],North Water Mass [kg],North Water Mass [kg/d],North Vaq [mol],North Vaq [mol/d],South Water Mass [kg],South Water Mass [kg/d],South Vaq [mol],South Vaq [mol/d],ExtractWell Water Mass [kg],ExtractWell Water Mass [kg/d],ExtractWell Vaq [mol],ExtractWell Vaq [mol/d],InjectWell Water Mass [kg],InjectWell Water Mass [kg/d],InjectWell Vaq [mol],InjectWell Vaq [mol/d],Region Region__all Water Mass [kg],Region Region__all Total Mass [kg]
1.00000000E+00,4.89000000E-01,3.27550756E-02,1.39978471E+08,1.06377357E-02,2.96053354E-05,-0.00000000E+00,-0.00000000E+00,2.43519715E-40,4.14999481E-40,2.08530994E+07,2.08533862E+07,2.08561890E-03,2.08564762E-03,-2.08526433E+07,-2.08526855E+07,-1.77450472E-03,-1.54362021E-03,-0.00000000E+00,-0.00000000E+00,2.42007197E-40,4.12421921E-40,-0.00000000E+00,-0.00000000E+00,2.42007197E-40,4.12421921E-40,-8.08073319E+02,-1.22621139E+03,-6.56454859E-08,-9.07715781E-08,3.36699048E+02,5.10924196E+02,3.36749000E-08,5.11000000E-08,7.76995997E+06,1.63109144E+09
2.00000000E+00,4.88000000E-01,6.64982981E-02,1.39978458E+08,8.54134915E+02,2.18821696E-05,-0.00000000E+00,-0.00000000E+00,-5.89498756E-35,-1.05422924E-34,4.17070800E+07,2.08541344E+07,4.17132606E-03,2.08572258E-03,-4.17052371E+07,-2.08527470E+07,-3.09294507E-03,-1.14094429E-03,-0.00000000E+00,-0.00000000E+00,8.03229306E-40,6.71398149E-40,-0.00000000E+00,-0.00000000E+00,8.03229306E-40,6.71398149E-40,-3.20770404E+03,-2.39963067E+03,-1.45897052E-04,-9.59876203E-04,1.33655066E+03,9.99851598E+02,1.00000000E+03,1.00000000E+03,7.76995925E+06,1.63109230E+09
3.00000000E+00,1.00000000E+00,3.05460855E-02,1.39978447E+08,1.48524895E+03,1.61751087E-05,-0.00000000E+00,-0.00000000E+00,-2.08004095E-34,-1.83320428E-34,6.25617483E+07,2.08546682E+07,6.25710215E-03,2.08577610E-03,-6.25585162E+07,-2.08532792E+07,-4.09262601E-03,-9.97435430E-04,-0.00000000E+00,-0.00000000E+00,1.56471458E-39,8.26983738E-40,-0.00000000E+00,-0.00000000E+00,1.56471458E-39,8.26983738E-40,-5.60733454E+03,-2.39963050E+03,-4.82505662E-02,-1.63634405E-01,2.33640220E+03,9.99851542E+02,2.00000000E+03,1.00000000E+03,7.76995865E+06,1.63109293E+09
4.00000000E+00,1.00000000E+00,2.57862426E-02,1.39978437E+08,1.95077687E+03,1.19604430E-05,-0.00000000E+00,-0.00000000E+00,-4.23724973E-34,-2.40779874E-34,8.34168968E+07,2.08551485E+07,8.34292641E-03,2.08582426E-03,-8.34122746E+07,-2.08537584E+07,-1.90241466E-02,-5.90782012E-02,-0.00000000E+00,-0.00000000E+00,2.44371842E-39,9.15436697E-40,-0.00000000E+00,-0.00000000E+00,2.44371842E-39,9.15436697E-40,-8.00696489E+03,-2.39963035E+03,-7.01897583E-01,-1.22248848E+00,3.33625369E+03,9.99851487E+02,3.00000000E+03,1.00000000E+03,7.76995812E+06,1.63109339E+09
5.00000000E+00,1.00000000E+00,8.81184434E-02,1.39978428E+08,2.29198590E+03,8.85499905E-06,-0.00000000E+00,-0.00000000E+00,-6.88852156E-34,-2.82894817E-34,1.04272495E+08,2.08555985E+07,1.04287958E-02,2.08586938E-03,-1.04266482E+08,-2.08542077E+07,-8.02560093E-01,-2.14585527E+00,-0.00000000E+00,-0.00000000E+00,3.38713350E-39,9.61255520E-40,-0.00000000E+00,-0.00000000E+00,3.38713350E-39,9.61255520E-40,-1.04065951E+04,-2.39963021E+03,-2.64994610E+00,-2.44328867E+00,4.33610512E+03,9.99851433E+02,4.00000000E+03,1.00000000E+03,7.76995762E+06,1.63109373E+09
6.00000000E+00,1.00000000E+00,8.81371583E-02,1.39978420E+08,2.53677484E+03,6.55778084E-06,-0.00000000E+00,-0.00000000E+00,-9.89447162E-34,-3.13108766E-34,1.25128528E+08,2.08560330E+07,1.25147088E-02,2.08591297E-03,-1.25121124E+08,-2.08546420E+07,-9.42019906E+00,-1.67524890E+01,-0.00000000E+00,-0.00000000E+00,4.36146570E-39,9.82103943E-40,-0.00000000E+00,-0.00000000E+00,4.36146571E-39,9.82103943E-40,-1.28062252E+04,-2.39963008E+03,-5.41885498E+00,-2.93546782E+00,5.33595650E+03,9.99851380E+02,5.00000000E+03,1.00000000E+03,7.76995714E+06,1.63109398E+09
7.00000000E+00,1.00000000E+00,8.81540482E-02,1.39978411E+08,2.69499920E+03,4.85652089E-06,-0.00000000E+00,-0.00000000E+00,-1.31426042E-33,-3.32638173E-34,1.45984989E+08,2.08564605E+07,1.46006646E-02,2.08595585E-03,-1.45976194E+08,-2.08550692E+07,-4.44353436E+01,-5.21510015E+01,-0.00000000E+00,-0.00000000E+00,5.34864548E-39,9.89988191E-40,-0.00000000E+00,-0.00000000E+00,5.34864548E-39,9.89988191E-40,-1.52058551E+04,-2.39962995E+03,-8.42676876E+00,-3.03899348E+00,6.33580783E+03,9.99851328E+02,6.00000000E+03,1.00000000E+03,7.76995666E+06,1.63109414E+09
8.00000000E+00,1.00000000E+00,8.81704864E-02,1.39978403E+08,2.77784844E+03,3.59661218E-06,-0.00000000E+00,-0.00000000E+00,-1.65323875E-33,-3.42864136E-34,1.66841873E+08,2.08568847E+07,1.66866630E-02,2.08599840E-03,-1.66831687E+08,-2.08554934E+07,-1.19732945E+02,-9.27261003E+01,-0.00000000E+00,-0.00000000E+00,6.34021682E-39,9.92381821E-40,-0.00000000E+00,-0.00000000E+00,6.34021682E-39,9.92381821E-40,-1.76054849E+04,-2.39962982E+03,-1.14758477E+01,-3.05290583E+00,7.33565911E+03,9.99851277E+02,7.00000000E+03,1.00000000E+03,7.76995619E+06,1.63109422E+09
9.00000000E+00,1.00000000E+00,8.81865801E-02,1.39978394E+08,2.81095870E+03,2.66355669E-06,-0.00000000E+00,-0.00000000E+00,-1.99872850E-33,-3.46950888E-34,1.87699181E+08,2.08573074E+07,1.87727038E-02,2.08604081E-03,-1.87687603E+08,-2.08559161E+07,-2.28652214E+02,-1.19209615E+02,-0.00000000E+00,-0.00000000E+00,7.33298929E-39,9.92957050E-40,-0.00000000E+00,-0.00000000E+00,7.33298929E-39,9.92957050E-40,-2.00051146E+04,-2.39962969E+03,-1.45297554E+01,-3.05425306E+00,8.33551033E+03,9.99851227E+02,8.00000000E+03,1.00000000E+03,7.76995572E+06,1.63109425E+09
1.00000000E+01,1.00000000E+00,8.82023818E-02,1.39978386E+08,2.82097739E+03,1.97256019E-06,-0.00000000E+00,-0.00000000E+00,-2.34649978E-33,-3.48187481E-34,2.08556910E+08,2.08577293E+07,2.08587870E-02,2.08608313E-03,-2.08543941E+08,-2.08563380E+07,-3.55016975E+02,-1.30341658E+02,-0.00000000E+00,-0.00000000E+00,8.32602019E-39,9.93062269E-40,-0.00000000E+00,-0.00000000E+00,8.32602019E-39,9.93062269E-40,-2.24047442E+04,-2.39962957E+03,-1.75840857E+01,-3.05435300E+00,9.33536151E+03,9.99851178E+02,9.00000000E+03,1.00000000E+03,7.76995525E+06,1.63109426E+09
1.10000000E+01,1.00000000E+00,8.82179200E-02,1.39978377E+08,2.82330983E+03,1.46082626E-06,-0.00000000E+00,-0.00000000E+00,-2.69488365E-33,-3.48475371E-34,2.29415061E+08,2.08581507E+07,2.29449124E-02,2.08612540E-03,-2.29400700E+08,-2.08567593E+07,-4.87552093E+02,-1.33629100E+02,-0.00000000E+00,-0.00000000E+00,9.31908983E-39,9.93071139E-40,-0.00000000E+00,-0.00000000E+00,9.31908983E-39,9.93071139E-40,-2.48043736E+04,-2.39962945E+03,-2.06384438E+01,-3.05435733E+00,1.03352126E+04,9.99851130E+02,1.00000000E+04,1.00000000E+03,7.76995478E+06,1.63109427E+09
1.20000000E+01,1.00000000E+00,8.82332137E-02,1.39978369E+08,2.82373085E+03,1.08184952E-06,-0.00000000E+00,-0.00000000E+00,-3.04339547E-33,-3.48527336E-34,2.50273632E+08,2.08585715E+07,2.50310800E-02,2.08616761E-03,-2.50257880E+08,-2.08571801E+07,-6.21682026E+02,-1.34358015E+02,-0.00000000E+00,-0.00000000E+00,1.03121571E-38,9.93064026E-40,-0.00000000E+00,-0.00000000E+00,1.03121571E-38,9.93064026E-40,-2.72040030E+04,-2.39962933E+03,-2.36928016E+01,-3.05435582E+00,1.13350637E+04,9.99851083E+02,1.10000000E+04,1.00000000E+03,7.76995432E+06,1.63109427E+09
1.30000000E+01,1.00000000E+00,8.82482772E-02,1.39978360E+08,2.82378207E+03,8.01189278E-07,-0.00000000E+00,-0.00000000E+00,-3.39192756E-33,-3.48533659E-34,2.71132624E+08,2.08589919E+07,2.71172898E-02,2.08620978E-03,-2.71115481E+08,-2.08576005E+07,-7.56131619E+02,-1.34487818E+02,-0.00000000E+00,-0.00000000E+00,1.13052157E-38,9.93054762E-40,-0.00000000E+00,-0.00000000E+00,1.13052157E-38,9.93054761E-40,-2.96036322E+04,-2.39962921E+03,-2.67471578E+01,-3.05435410E+00,1.23349148E+04,9.99851036E+02,1.20000000E+04,1.00000000E+03,7.76995385E+06,1.63109427E+09
1.40000000E+01,1.00000000E+00,8.82631229E-02,1.39978352E+08,2.82377578E+03,5.93339672E-07,-0.00000000E+00,-0.00000000E+00,-3.74046093E-33,-3.48532883E-34,2.91992036E+08,2.08594117E+07,2.92035417E-02,2.08625190E-03,-2.91973501E+08,-2.08580204E+07,-8.90635531E+02,-1.34509777E+02,-0.00000000E+00,-0.00000000E+00,1.22982648E-38,9.93045301E-40,-0.00000000E+00,-0.00000000E+00,1.22982648E-38,9.93045301E-40,-3.20032613E+04,-2.39962909E+03,-2.98015123E+01,-3.05435247E+00,1.33347658E+04,9.99850989E+02,1.30000000E+04,1.00000000E+03,7.76995338E+06,1.63109427E+09
1.50000000E+01,1.00000000E+00,8.82777618E-02,1.39978344E+08,2.82376224E+03,4.39411716E-07,-0.00000000E+00,-0.00000000E+00,-4.08899288E-33,-3.48531211E-34,3.12851867E+08,2.08598312E+07,3.12898356E-02,2.08629397E-03,-3.12831941E+08,-2.08584398E+07,-1.02515022E+03,-1.34516074E+02,-0.00000000E+00,-0.00000000E+00,1.32913046E-38,9.93035877E-40,-0.00000000E+00,-0.00000000E+00,1.32913046E-38,9.93035877E-40,-3.44028903E+04,-2.39962898E+03,-3.28558651E+01,-3.05435089E+00,1.43346167E+04,9.99850944E+02,1.40000000E+04,1.00000000E+03,7.76995292E+06,1.63109427E+09
1.60000000E+01,1.00000000E+00,8.82922039E-02,1.39978335E+08,2.82374809E+03,3.25416719E-07,-0.00000000E+00,-0.00000000E+00,-4.43752309E-33,-3.48529465E-34,3.33712117E+08,2.08602502E+07,3.33761716E-02,2.08633600E-03,-3.33690800E+08,-2.08588588E+07,-1.15966980E+03,-1.34520436E+02,-0.00000000E+00,-0.00000000E+00,1.42843349E-38,9.93026512E-40,-0.00000000E+00,-0.00000000E+00,1.42843349E-38,9.93026511E-40,-3.68025191E+04,-2.39962886E+03,-3.59102164E+01,-3.05434938E+00,1.53344676E+04,9.99850899E+02,1.50000000E+04,1.00000000E+03,7.76995245E+06,1.63109427E+09
1.70000000E+01,1.00000000E+00,8.83064583E-02,1.39978327E+08,2.82373407E+03,2.40995026E-07,-0.00000000E+00,-0.00000000E+00,-4.78605157E-33,-3.48527735E-34,3.54572786E+08,2.08606687E+07,3.54625496E-02,2.08637799E-03,-3.54550077E+08,-2.08592773E+07,-1.29419356E+03,-1.34524554E+02,-0.00000000E+00,-0.00000000E+00,1.52773559E-38,9.93017206E-40,-0.00000000E+00,-0.00000000E+00,1.52773559E-38,9.93017206E-40,-3.92021479E+04,-2.39962875E+03,-3.89645662E+01,-3.05434787E+00,1.63343184E+04,9.99850855E+02,1.60000000E+04,1.00000000E+03,7.76995199E+06,1.63109427E+09
1.80000000E+01,1.00000000E+00,8.83205334E-02,1.39978318E+08,2.82372024E+03,1.78474544E-07,-0.00000000E+00,-0.00000000E+00,-5.13457834E-33,-3.48526027E-34,3.75433873E+08,2.08610868E+07,3.75489695E-02,2.08641993E-03,-3.75409773E+08,-2.08596954E+07,-1.42872139E+03,-1.34528604E+02,-0.00000000E+00,-0.00000000E+00,1.62703676E-38,9.93007961E-40,-0.00000000E+00,-0.00000000E+00,1.62703676E-38,9.93007961E-40,-4.16017765E+04,-2.39962864E+03,-4.20189144E+01,-3.05434636E+00,1.73341693E+04,9.99850811E+02,1.70000000E+04,1.00000000E+03,7.76995152E+06,1.63109427E+09
1.90000000E+01,1.00000000E+00,8.83344371E-02,1.39978310E+08,2.82370659E+03,1.32173524E-07,-0.00000000E+00,-0.00000000E+00,-5.48310340E-33,-3.48524342E-34,3.96295377E+08,2.08615044E+07,3.96354314E-02,2.08646182E-03,-3.96269886E+08,-2.08601130E+07,-1.56325322E+03,-1.34532606E+02,-0.00000000E+00,-0.00000000E+00,1.72633702E-38,9.92998774E-40,-0.00000000E+00,-0.00000000E+00,1.72633702E-38,9.92998774E-40,-4.40014050E+04,-2.39962853E+03,-4.50732611E+01,-3.05434488E+00,1.83340200E+04,9.99850767E+02,1.80000000E+04,1.00000000E+03,7.76995106E+06,1.63109427E+09
2.00000000E+01,1.00000000E+00,8.83481764E-02,1.39978302E+08,2.82369311E+03,9.78842115E-08,-0.00000000E+00,-0.00000000E+00,-5.83162680E-33,-3.48522679E-34,4.17157299E+08,2.08619216E+07,4.17219350E-02,2.08650367E-03,-4.17130416E+08,-2.08605302E+07,-1.69778902E+03,-1.34536561E+02,-0.00000000E+00,-0.00000000E+00,1.82563636E-38,9.92989646E-40,-0.00000000E+00,-0.00000000E+00,1.82563636E-38,9.92989646E-40,-4.64010335E+04,-2.39962843E+03,-4.81276064E+01,-3.05434344E+00,1.93338708E+04,9.99850725E+02,1.90000000E+04,1.00000000E+03,7.76995060E+06,1.63109427E+09
2.10000000E+01,1.00000000E+00,8.83617581E-02,1.39978293E+08,2.82367981E+03,7.24904522E-08,-0.00000000E+00,-0.00000000E+00,-6.18014854E-33,-3.48521037E-34,4.38019637E+08,2.08623384E+07,4.38084805E-02,2.08654548E-03,-4.37991363E+08,-2.08609469E+07,-1.83232874E+03,-1.34540473E+02,-0.00000000E+00,-0.00000000E+00,1.92493478E-38,9.92980576E-40,-0.00000000E+00,-0.00000000E+00,1.92493478E-38,9.92980576E-40,-4.88006618E+04,-2.39962832E+03,-5.11819502E+01,-3.05434204E+00,2.03337214E+04,9.99850682E+02,2.00000000E+04,1.00000000E+03,7.76995013E+06,1.63109427E+09
2.20000000E+01,1.00000000E+00,8.83751882E-02,1.39978285E+08,2.82366666E+03,5.36845057E-08,-0.00000000E+00,-0.00000000E+00,-6.52866865E-33,-3.48519414E-34,4.58882392E+08,2.08627547E+07,4.58950678E-02,2.08658724E-03,-4.58852726E+08,-2.08613632E+07,-1.96687234E+03,-1.34544342E+02,-0.00000000E+00,-0.00000000E+00,2.02423231E-38,9.92971563E-40,-0.00000000E+00,-0.00000000E+00,2.02423231E-38,9.92971563E-40,-5.12002900E+04,-2.39962821E+03,-5.42362926E+01,-3.05434068E+00,2.13335721E+04,9.99850641E+02,2.10000000E+04,1.00000000E+03,7.76994967E+06,1.63109427E+09
2.30000000E+01,1.00000000E+00,8.83884723E-02,1.39978277E+08,2.82365367E+03,3.97573194E-08,-0.00000000E+00,-0.00000000E+00,-6.87718715E-33,-3.48517811E-34,4.79745562E+08,2.08631705E+07,4.79816967E-02,2.08662895E-03,-4.79714505E+08,-2.08617791E+07,-2.10141977E+03,-1.34548170E+02,-0.00000000E+00,-0.00000000E+00,2.12352893E-38,9.92962607E-40,-0.00000000E+00,-0.00000000E+00,2.12352893E-38,9.92962607E-40,-5.35999181E+04,-2.39962811E+03,-5.72906337E+01,-3.05433935E+00,2.23334227E+04,9.99850599E+02,2.20000000E+04,1.00000000E+03,7.76994921E+06,1.63109427E+09
2.40000000E+01,1.00000000E+00,8.84016159E-02,1.39978268E+08,2.82364083E+03,2.94432142E-08,-0.00000000E+00,-0.00000000E+00,-7.22570406E-33,-3.48516226E-34,5.00609148E+08,2.08635860E+07,5.00683673E-02,2.08667063E-03,-5.00576699E+08,-2.08621945E+07,-2.23597099E+03,-1.34551958E+02,-0.00000000E+00,-0.00000000E+00,2.22282467E-38,9.92953707E-40,-0.00000000E+00,-0.00000000E+00,2.22282467E-38,9.92953707E-40,-5.59995461E+04,-2.39962801E+03,-6.03449734E+01,-3.05433806E+00,2.33332732E+04,9.99850558E+02,2.30000000E+04,1.00000000E+03,7.76994875E+06,1.63109427E+09
2.50000000E+01,1.00000000E+00,8.84146239E-02,1.39978260E+08,2.82362813E+03,2.18048614E-08,-0.00000000E+00,-0.00000000E+00,-7.57421939E-33,-3.48514658E-34,5.21473149E+08,2.08640009E+07,5.21550796E-02,2.08671226E-03,-5.21439309E+08,-2.08626095E+07,-2.37052598E+03,-1.34555708E+02,-0.00000000E+00,-0.00000000E+00,2.32211952E-38,9.92944863E-40,-0.00000000E+00,-0.00000000E+00,2.32211952E-38,9.92944863E-40,-5.83991740E+04,-2.39962790E+03,-6.33993119E+01,-3.05433679E+00,2.43331237E+04,9.99850518E+02,2.40000000E+04,1.00000000E+03,7.76994829E+06,1.63109427E+09
2.60000000E+01,1.00000000E+00,8.84275007E-02,1.39978252E+08,2.82361556E+03,1.61480999E-08,-0.00000000E+00,-0.00000000E+00,-7.92273317E-33,-3.48513107E-34,5.42337565E+08,2.08644155E+07,5.42418334E-02,2.08675384E-03,-5.42302333E+08,-2.08630240E+07,-2.50508468E+03,-1.34559421E+02,-0.00000000E+00,-0.00000000E+00,2.42141348E-38,9.92936074E-40,-0.00000000E+00,-0.00000000E+00,2.42141348E-38,9.92936074E-40,-6.07988018E+04,-2.39962780E+03,-6.64536491E+01,-3.05433556E+00,2.53329742E+04,9.99850477E+02,2.50000000E+04,1.00000000E+03,7.76994782E+06,1.63109427E+09
2.70000000E+01,1.00000000E+00,8.84402508E-02,1.39978244E+08,2.82360313E+03,1.19588526E-08,-0.00000000E+00,-0.00000000E+00,-8.27124540E-33,-3.48511572E-34,5.63202394E+08,2.08648296E+07,5.63286288E-02,2.08679538E-03,-5.63165771E+08,-2.08634381E+07,-2.63964707E+03,-1.34563099E+02,-0.00000000E+00,-0.00000000E+00,2.52070657E-38,9.92927340E-40,-0.00000000E+00,-0.00000000E+00,2.52070657E-38,9.92927340E-40,-6.31984295E+04,-2.39962770E+03,-6.95079851E+01,-3.05433435E+00,2.63328247E+04,9.99850438E+02,2.60000000E+04,1.00000000E+03,7.76994736E+06,1.63109427E+09
2.80000000E+01,1.00000000E+00,8.84528781E-02,1.39978235E+08,2.82359082E+03,8.85640743E-09,-0.00000000E+00,-0.00000000E+00,-8.61975611E-33,-3.48510053E-34,5.84067638E+08,2.08652433E+07,5.84154657E-02,2.08683688E-03,-5.84029623E+08,-2.08638518E+07,-2.77421311E+03,-1.34566742E+02,-0.00000000E+00,-0.00000000E+00,2.61999879E-38,9.92918659E-40,-0.00000000E+00,-0.00000000E+00,2.61999879E-38,9.92918659E-40,-6.55980571E+04,-2.39962760E+03,-7.25623198E+01,-3.05433316E+00,2.73326751E+04,9.99850398E+02,2.70000000E+04,1.00000000E+03,7.76994690E+06,1.63109427E+09
2.90000000E+01,1.00000000E+00,8.84653865E-02,1.39978227E+08,2.82357864E+03,6.55881905E-09,-0.00000000E+00,-0.00000000E+00,-8.96826530E-33,-3.48508549E-34,6.04933294E+08,2.08656566E+07,6.05023440E-02,2.08687834E-03,-6.04893888E+08,-2.08642651E+07,-2.90878276E+03,-1.34570351E+02,-0.00000000E+00,-0.00000000E+00,2.71929015E-38,9.92910032E-40,-0.00000000E+00,-0.00000000E+00,2.71929015E-38,9.92910032E-40,-6.79976846E+04,-2.39962751E+03,-7.56166534E+01,-3.05433201E+00,2.83325254E+04,9.99850359E+02,2.80000000E+04,1.00000000E+03,7.76994644E+06,1.63109427E+09
3.00000000E+01,1.00000000E+00,8.84777794E-02,1.39978219E+08,2.82356657E+03,4.85728626E-09,-0.00000000E+00,-0.00000000E+00,-9.31677301E-33,-3.48507060E-34,6.25799364E+08,2.08660694E+07,6.25892638E-02,2.08691975E-03,-6.25758566E+08,-2.08646779E+07,-3.04335600E+03,-1.34573927E+02,-0.00000000E+00,-0.00000000E+00,2.81858065E-38,9.92901459E-40,-0.00000000E+00,-0.00000000E+00,2.81858065E-38,9.92901459E-40,-7.03973120E+04,-2.39962741E+03,-7.86709859E+01,-3.05433087E+00,2.93323757E+04,9.99850321E+02,2.90000000E+04,1.00000000E+03,7.76994598E+06,1.63109427E+09
3.10000000E+01,1.00000000E+00,8.84900601E-02,1.39978210E+08,2.82355462E+03,3.59717641E-09,-0.00000000E+00,-0.00000000E+00,-9.66527923E-33,-3.48505585E-34,6.46665846E+08,2.08664818E+07,6.46762249E-02,2.08696112E-03,-6.46623656E+08,-2.08650903E+07,-3.17793279E+03,-1.34577472E+02,-0.00000000E+00,-0.00000000E+00,2.91787029E-38,9.92892937E-40,-0.00000000E+00,-0.00000000E+00,2.91787029E-38,9.92892937E-40,-7.27969394E+04,-2.39962731E+03,-8.17253172E+01,-3.05432975E+00,3.03322260E+04,9.99850282E+02,3.00000000E+04,1.00000000E+03,7.76994553E+06,1.63109427E+09
3.20000000E+01,1.00000000E+00,8.85022319E-02,1.39978202E+08,2.82354279E+03,2.66397265E-09,-0.00000000E+00,-0.00000000E+00,-1.00137840E-32,-3.48504124E-34,6.67532739E+08,2.08668938E+07,6.67632274E-02,2.08700245E-03,-6.67489159E+08,-2.08655023E+07,-3.31251309E+03,-1.34580986E+02,-0.00000000E+00,-0.00000000E+00,3.01715908E-38,9.92884468E-40,-0.00000000E+00,-0.00000000E+00,3.01715908E-38,9.92884468E-40,-7.51965666E+04,-2.39962722E+03,-8.47796473E+01,-3.05432866E+00,3.13320763E+04,9.99850244E+02,3.10000000E+04,1.00000000E+03,7.76994507E+06,1.63109427E+09
3.30000000E+01,1.00000000E+00,8.85142977E-02,1.39978194E+08,2.82353106E+03,1.97286686E-09,-0.00000000E+00,-0.00000000E+00,-1.03622873E-32,-3.48502677E-34,6.88400045E+08,2.08673054E+07,6.88502711E-02,2.08704374E-03,-6.88355072E+08,-2.08659139E+07,-3.44709689E+03,-1.34584469E+02,-0.00000000E+00,-0.00000000E+00,3.11644703E-38,9.92876050E-40,-0.00000000E+00,-0.00000000E+00,3.11644703E-38,9.92876050E-40,-7.75961937E+04,-2.39962712E+03,-8.78339764E+01,-3.05432758E+00,3.23319265E+04,9.99850207E+02,3.20000000E+04,1.00000000E+03,7.76994461E+06,1.63109427E+09
3.40000000E+01,1.00000000E+00,8.85262602E-02,1.39978186E+08,2.82351943E+03,1.46105236E-09,-0.00000000E+00,-0.00000000E+00,-1.07107891E-32,-3.48501242E-34,7.09267761E+08,2.08677165E+07,7.09373561E-02,2.08708498E-03,-7.09221397E+08,-2.08663250E+07,-3.58168415E+03,-1.34587924E+02,-0.00000000E+00,-0.00000000E+00,3.21573414E-38,9.92867684E-40,-0.00000000E+00,-0.00000000E+00,3.21573414E-38,9.92867684E-40,-7.99958207E+04,-2.39962703E+03,-9.08883044E+01,-3.05432652E+00,3.33317766E+04,9.99850169E+02,3.30000000E+04,1.00000000E+03,7.76994415E+06,1.63109427E+09
3.50000000E+01,1.00000000E+00,8.85381222E-02,1.39978177E+08,2.82350791E+03,1.08201622E-09,-0.00000000E+00,-0.00000000E+00,-1.10592896E-32,-3.48499820E-34,7.30135889E+08,2.08681273E+07,7.30244823E-02,2.08712618E-03,-7.30088133E+08,-2.08667357E+07,-3.71627483E+03,-1.34591349E+02,-0.00000000E+00,-0.00000000E+00,3.31502042E-38,9.92859368E-40,-0.00000000E+00,-0.00000000E+00,3.31502042E-38,9.92859368E-40,-8.23954477E+04,-2.39962693E+03,-9.39426314E+01,-3.05432548E+00,3.43316268E+04,9.99850132E+02,3.40000000E+04,1.00000000E+03,7.76994370E+06,1.63109427E+09
3.60000000E+01,1.00000000E+00,8.85498860E-02,1.39978169E+08,2.82349649E+03,8.01312191E-10,-0.00000000E+00,-0.00000000E+00,-1.14077886E-32,-3.48498410E-34,7.51004426E+08,2.08685376E+07,7.51116496E-02,2.08716734E-03,-7.50955279E+08,-2.08671460E+07,-3.85086892E+03,-1.34594747E+02,-0.00000000E+00,-0.00000000E+00,3.41430587E-38,9.92851102E-40,-0.00000000E+00,-0.00000000E+00,3.41430587E-38,9.92851102E-40,-8.47950745E+04,-2.39962684E+03,-9.69969573E+01,-3.05432446E+00,3.53314769E+04,9.99850096E+02,3.50000000E+04,1.00000000E+03,7.76994324E+06,1.63109427E+09
3.70000000E+01,1.00000000E+00,8.85615542E-02,1.39978161E+08,2.82348516E+03,5.93430302E-10,-0.00000000E+00,-0.00000000E+00,-1.17562862E-32,-3.48497012E-34,7.71873374E+08,2.08689475E+07,7.71988581E-02,2.08720846E-03,-7.71822835E+08,-2.08675559E+07,-3.98546639E+03,-1.34598118E+02,-0.00000000E+00,-0.00000000E+00,3.51359049E-38,9.92842885E-40,-0.00000000E+00,-0.00000000E+00,3.51359049E-38,9.92842885E-40,-8.71947012E+04,-2.39962675E+03,-1.00051282E+02,-3.05432345E+00,3.63313269E+04,9.99850059E+02,3.60000000E+04,1.00000000E+03,7.76994278E+06,1.63109427E+09
3.80000000E+01,1.00000000E+00,8.85731289E-02,1.39978153E+08,2.82347393E+03,4.39478543E-10,-0.00000000E+00,-0.00000000E+00,-1.21047824E-32,-3.48495626E-34,7.92742731E+08,2.08693569E+07,7.92861076E-02,2.08724954E-03,-7.92690800E+08,-2.08679654E+07,-4.12006721E+03,-1.34601462E+02,-0.00000000E+00,-0.00000000E+00,3.61287430E-38,9.92834718E-40,-0.00000000E+00,-0.00000000E+00,3.61287430E-38,9.92834718E-40,-8.95943279E+04,-2.39962666E+03,-1.03105606E+02,-3.05432245E+00,3.73311770E+04,9.99850023E+02,3.70000000E+04,1.00000000E+03,7.76994233E+06,1.63109427E+09
3.90000000E+01,1.00000000E+00,8.85846124E-02,1.39978145E+08,2.82346279E+03,3.25465997E-10,-0.00000000E+00,-0.00000000E+00,-1.24532773E-32,-3.48494251E-34,8.13612497E+08,2.08697660E+07,8.13733982E-02,2.08729057E-03,-8.13559175E+08,-2.08683744E+07,-4.25467134E+03,-1.34604780E+02,-0.00000000E+00,-0.00000000E+00,3.71215729E-38,9.92826599E-40,-0.00000000E+00,-0.00000000E+00,3.71215729E-38,9.92826599E-40,-9.19939545E+04,-2.39962657E+03,-1.06159929E+02,-3.05432147E+00,3.83310269E+04,9.99849987E+02,3.80000000E+04,1.00000000E+03,7.76994187E+06,1.63109427E+09
4.00000000E+01,1.00000000E+00,8.85960067E-02,1.39978136E+08,2.82345174E+03,2.41031363E-10,-0.00000000E+00,-0.00000000E+00,-1.28017707E-32,-3.48492887E-34,8.34482671E+08,2.08701747E+07,8.34607297E-02,2.08733157E-03,-8.34427958E+08,-2.08687831E+07,-4.38927878E+03,-1.34608073E+02,-0.00000000E+00,-0.00000000E+00,3.81143947E-38,9.92818529E-40,-0.00000000E+00,-0.00000000E+00,3.81143947E-38,9.92818529E-40,-9.43935809E+04,-2.39962648E+03,-1.09214251E+02,-3.05432051E+00,3.93308769E+04,9.99849952E+02,3.90000000E+04,1.00000000E+03,7.76994142E+06,1.63109427E+09
4.10000000E+01,1.00000000E+00,8.86073136E-02,1.39978128E+08,2.82344078E+03,1.78501340E-10,-0.00000000E+00,-0.00000000E+00,-1.31502629E-32,-3.48491534E-34,8.55353254E+08,2.08705829E+07,8.55481023E-02,2.08737252E-03,-8.55297149E+08,-2.08691913E+07,-4.52388949E+03,-1.34611340E+02,-0.00000000E+00,-0.00000000E+00,3.91072085E-38,9.92810506E-40,-0.00000000E+00,-0.00000000E+00,3.91072085E-38,9.92810506E-40,-9.67932073E+04,-2.39962639E+03,-1.12268572E+02,-3.05431956E+00,4.03307268E+04,9.99849916E+02,4.00000000E+04,1.00000000E+03,7.76994096E+06,1.63109427E+09
4.20000000E+01,1.00000000E+00,8.86185352E-02,1.39978120E+08,2.82342991E+03,1.32193285E-10,-0.00000000E+00,-0.00000000E+00,-1.34987536E-32,-3.48490192E-34,8.76224245E+08,2.08709907E+07,8.76355157E-02,2.08741343E-03,-8.76166748E+08,-2.08695992E+07,-4.65850345E+03,-1.34614584E+02,-0.00000000E+00,-0.00000000E+00,4.01000143E-38,9.92802531E-40,-0.00000000E+00,-0.00000000E+00,4.01000143E-38,9.92802531E-40,-9.91928336E+04,-2.39962630E+03,-1.15322892E+02,-3.05431862E+00,4.13305767E+04,9.99849881E+02,4.10000000E+04,1.00000000E+03,7.76994051E+06,1.63109427E+09
4.30000000E+01,1.00000000E+00,8.86296732E-02,1.39978112E+08,2.82341912E+03,9.78987840E-11,-0.00000000E+00,-0.00000000E+00,-1.38472431E-32,-3.48488860E-34,8.97095643E+08,2.08713982E+07,8.97229700E-02,2.08745430E-03,-8.97036755E+08,-2.08700066E+07,-4.79312063E+03,-1.34617803E+02,-0.00000000E+00,-0.00000000E+00,4.10928121E-38,9.92794603E-40,-0.00000000E+00,-0.00000000E+00,4.10928121E-38,9.92794603E-40,-1.01592460E+05,-2.39962621E+03,-1.18377211E+02,-3.05431769E+00,4.23304265E+04,9.99849847E+02,4.20000000E+04,1.00000000E+03,7.76994005E+06,1.63109427E+09
4.40000000E+01,1.00000000E+00,8.86407293E-02,1.39978104E+08,2.82340841E+03,7.25011991E-11,-0.00000000E+00,-0.00000000E+00,-1.41957312E-32,-3.48487538E-34,9.17967448E+08,2.08718052E+07,9.18104651E-02,2.08749513E-03,-9.17907169E+08,-2.08704136E+07,-4.92774101E+03,-1.34620999E+02,-0.00000000E+00,-0.00000000E+00,4.20856021E-38,9.92786721E-40,-0.00000000E+00,-0.00000000E+00,4.20856021E-38,9.92786721E-40,-1.03992086E+05,-2.39962613E+03,-1.21431529E+02,-3.05431677E+00,4.33302764E+04,9.99849812E+02,4.30000000E+04,1.00000000E+03,7.76993960E+06,1.63109427E+09
4.50000000E+01,1.00000000E+00,8.86517051E-02,1.39978095E+08,2.82339778E+03,5.36924314E-11,-0.00000000E+00,-0.00000000E+00,-1.45442180E-32,-3.48486226E-34,9.38839660E+08,2.08722118E+07,9.38980010E-02,2.08753592E-03,-9.38777989E+08,-2.08708202E+07,-5.06236457E+03,-1.34624173E+02,-0.00000000E+00,-0.00000000E+00,4.30783841E-38,9.92778884E-40,-0.00000000E+00,-0.00000000E+00,4.30783841E-38,9.92778885E-40,-1.06391712E+05,-2.39962604E+03,-1.24485846E+02,-3.05431587E+00,4.43301261E+04,9.99849778E+02,4.40000000E+04,1.00000000E+03,7.76993915E+06,1.63109427E+09
4.60000000E+01,1.00000000E+00,8.86626023E-02,1.39978087E+08,2.82338723E+03,3.97631647E-11,-0.00000000E+00,-0.00000000E+00,-1.48927034E-32,-3.48484924E-34,9.59712278E+08,2.08726181E+07,9.59855777E-02,2.08757667E-03,-9.59649215E+08,-2.08712264E+07,-5.19699128E+03,-1.34627323E+02,-0.00000000E+00,-0.00000000E+00,4.40711584E-38,9.92771094E-40,-0.00000000E+00,-0.00000000E+00,4.40711584E-38,9.92771094E-40,-1.08791338E+05,-2.39962595E+03,-1.27540162E+02,-3.05431498E+00,4.53299759E+04,9.99849744E+02,4.50000000E+04,1.00000000E+03,7.76993869E+06,1.63109427E+09
4.70000000E+01,1.00000000E+00,8.86734223E-02,1.39978079E+08,2.82337675E+03,2.94475252E-11,-0.00000000E+00,-0.00000000E+00,-1.52411876E-32,-3.48483631E-34,9.80585302E+08,2.08730239E+07,9.80731951E-02,2.08761738E-03,-9.80520848E+08,-2.08716322E+07,-5.33162113E+03,-1.34630452E+02,-0.00000000E+00,-0.00000000E+00,4.50639249E-38,9.92763349E-40,-0.00000000E+00,-0.00000000E+00,4.50639249E-38,9.92763349E-40,-1.11190964E+05,-2.39962587E+03,-1.30594478E+02,-3.05431409E+00,4.63298256E+04,9.99849710E+02,4.60000000E+04,1.00000000E+03,7.76993824E+06,1.63109427E+09
4.80000000E+01,1.00000000E+00,8.86841666E-02,1.39978071E+08,2.82336636E+03,2.18080409E-11,-0.00000000E+00,-0.00000000E+00,-1.55896705E-32,-3.48482348E-34,1.00145873E+09,2.08734293E+07,1.00160853E-01,2.08765805E-03,-1.00139289E+09,-2.08720377E+07,-5.46625408E+03,-1.34633559E+02,-0.00000000E+00,-0.00000000E+00,4.60566837E-38,9.92755648E-40,-0.00000000E+00,-0.00000000E+00,4.60566837E-38,9.92755648E-40,-1.13590590E+05,-2.39962578E+03,-1.33648792E+02,-3.05431322E+00,4.73296753E+04,9.99849676E+02,4.70000000E+04,1.00000000E+03,7.76993779E+06,1.63109427E+09
4.90000000E+01,1.00000000E+00,8.86948366E-02,1.39978063E+08,2.82335603E+03,1.61504450E-11,-0.00000000E+00,-0.00000000E+00,-1.59381522E-32,-3.48481074E-34,1.02233257E+09,2.08738343E+07,1.02248552E-01,2.08769868E-03,-1.02226533E+09,-2.08724427E+07,-5.60089013E+03,-1.34636645E+02,-0.00000000E+00,-0.00000000E+00,4.70494348E-38,9.92747992E-40,-0.00000000E+00,-0.00000000E+00,4.70494348E-38,9.92747992E-40,-1.15990215E+05,-2.39962570E+03,-1.36703106E+02,-3.05431236E+00,4.83295249E+04,9.99849643E+02,4.80000000E+04,1.00000000E+03,7.76993734E+06,1.63109427E+09
5.00000000E+01,1.00000000E+00,8.87054336E-02,1.39978055E+08,2.82334578E+03,1.19605823E-11,-0.00000000E+00,-0.00000000E+00,-1.62866325E-32,-3.48479808E-34,1.04320680E+09,2.08742390E+07,1.04336291E-01,2.08773927E-03,-1.04313818E+09,-2.08728473E+07,-5.73552925E+03,-1.34639710E+02,-0.00000000E+00,-0.00000000E+00,4.80421783E-38,9.92740379E-40,-0.00000000E+00,-0.00000000E+00,4.80421783E-38,9.92740379E-40,-1.18389841E+05,-2.39962562E+03,-1.39757419E+02,-3.05431150E+00,4.93293745E+04,9.99849610E+02,4.90000000E+04,1.00000000E+03,7.76993689E+06,1.63109427E+09
