Time [d],dt_flow [d],dt_tran [d],Global Water Mass in Liquid Phas [kg],Global Vaq [mol],Global Vim [mol],Top Water Mass [kg],Top Water Mass [kg/d],Top Vaq [mol],Top Vaq [mol/d],Right Water Mass [kg],Right Water Mass [kg/d],Right Vaq [mol],Right Vaq [mol/d],Left Water Mass [kg],Left Water Mass [kg/d],Left Vaq [mol],Left Vaq [mol/d],North Water Mass [kg],North Water Mass [kg/d],North Vaq [mol],North Vaq [mol/d],South Water Mass [kg],South Water Mass [kg/d],South Vaq [mol],South Vaq [mol/d],ExtractWell Water Mass [kg],ExtractWell Water Mass [kg/d],ExtractWell Vaq [mol],ExtractWell Vaq [mol/d],InjectWell Water Mass [kg],InjectWell Water Mass [kg/d],InjectWell Vaq [mol],InjectWell Vaq [mol/d],Region Region__all Water Mass [kg],Region Region__all Total Mass [kg]
1.00000000E+00,4.89000000E-01,1.05000000E-01,1.39977963E+08,1.04946089E-02,2.97108677E-05,-0.00000000E+00,-0.00000000E+00,2.67059336E-40,4.32665420E-40,6.95089452E+06,6.95094232E+06,6.95197581E-04,6.95202363E-04,-6.95042496E+06,-6.95022882E+06,-5.85459962E-04,-5.16325458E-04,-0.00000000E+00,-0.00000000E+00,2.65400616E-40,4.29978139E-40,-0.00000000E+00,-0.00000000E+00,2.65400616E-40,4.29978139E-40,-8.08070387E+02,-1.22620696E+03,-6.49142554E-08,-9.10935043E-08,3.36696602E+02,5.10920487E+02,3.36749000E-08,5.11000000E-08,7.76993181E+06,1.63109144E+09
2.00000000E+00,4.88000000E-01,4.00000000E-02,1.39977962E+08,8.51378335E+02,2.19851824E-05,-0.00000000E+00,-0.00000000E+00,-6.00636403E-35,-1.05082684E-34,1.39019644E+07,6.95107689E+06,1.39041270E-03,6.95215826E-04,-1.39000968E+07,-6.94967880E+06,-1.02500884E-03,-3.82035594E-04,-0.00000000E+00,-0.00000000E+00,8.72565793E-40,7.37676231E-40,-0.00000000E+00,-0.00000000E+00,8.72565793E-40,7.37676231E-40,-3.20769259E+03,-2.39962219E+03,-2.17293919E-07,-1.35669289E-07,1.33654100E+03,9.99844392E+02,1.00000000E+03,1.00000000E+03,7.76993172E+06,1.63109229E+09
3.00000000E+00,1.00000000E+00,4.00000000E-02,1.39977960E+08,1.48053874E+03,1.62759057E-05,-0.00000000E+00,-0.00000000E+00,-2.09926517E-34,-1.82739053E-34,2.08530680E+07,6.95110364E+06,2.08563121E-03,6.95218507E-04,-2.08498022E+07,-6.94970548E+06,-1.34983674E-03,-2.82826767E-04,-0.00000000E+00,-0.00000000E+00,1.73547892E-39,9.53185790E-40,-0.00000000E+00,-0.00000000E+00,1.73547892E-39,9.53185790E-40,-5.60731475E+03,-2.39962216E+03,-1.32558630E-06,-4.35352267E-06,2.33638538E+03,9.99844386E+02,2.00000000E+03,1.00000000E+03,7.76993163E+06,1.63109292E+09
4.00000000E+00,1.00000000E+00,4.00000000E-02,1.39977959E+08,1.94631405E+03,1.20492567E-05,-0.00000000E+00,-0.00000000E+00,-4.25816910E-34,-2.40229034E-34,2.78041970E+07,6.95112902E+06,2.78085226E-03,6.95221049E-04,-2.77995330E+07,-6.94973077E+06,-1.59031173E-03,-2.09380922E-04,-0.00000000E+00,-0.00000000E+00,2.77634181E-39,1.10399460E-39,-0.00000000E+00,-0.00000000E+00,2.77634181E-39,1.10399460E-39,-8.00693688E+03,-2.39962213E+03,-9.07381783E-05,-2.77799850E-04,3.33622976E+03,9.99844379E+02,3.00000000E+03,1.00000000E+03,7.76993154E+06,1.63109339E+09
5.00000000E+00,1.00000000E+00,4.00000000E-02,1.39977957E+08,2.29113183E+03,8.92021550E-06,-0.00000000E+00,-0.00000000E+00,-6.90588230E-34,-2.82789401E-34,3.47553500E+07,6.95115300E+06,3.47607571E-03,6.95223453E-04,-3.47492877E+07,-6.94975467E+06,-1.76833910E-03,-1.55008427E-04,-0.00000000E+00,-0.00000000E+00,3.94151561E-39,1.20917312E-39,-0.00000000E+00,-0.00000000E+00,3.94151561E-39,1.20917312E-39,-1.04065590E+04,-2.39962211E+03,-1.91513961E-03,-4.34837114E-03,4.33607413E+03,9.99844374E+02,4.00000000E+03,1.00000000E+03,7.76993146E+06,1.63109373E+09
6.00000000E+00,1.00000000E+00,4.00000000E-02,1.39977956E+08,2.54639320E+03,6.60374718E-06,-0.00000000E+00,-0.00000000E+00,-9.91545994E-34,-3.14295947E-34,4.17065257E+07,6.95117563E+06,4.17130143E-03,6.95225721E-04,-4.16990649E+07,-6.94977721E+06,-1.90014961E-03,-1.14802679E-04,-0.00000000E+00,-0.00000000E+00,5.19321963E-39,1.28225036E-39,-0.00000000E+00,-0.00000000E+00,5.19321963E-39,1.28225036E-39,-1.28061811E+04,-2.39962208E+03,-1.68449949E-02,-2.86973624E-02,5.33591850E+03,9.99844368E+02,5.00000000E+03,1.00000000E+03,7.76993139E+06,1.63109399E+09
7.00000000E+00,1.00000000E+00,4.00000000E-02,1.39977954E+08,2.73532196E+03,4.88883668E-06,-0.00000000E+00,-0.00000000E+00,-1.31928967E-33,-3.37615154E-34,4.86577226E+07,6.95119696E+06,4.86652929E-03,6.95227858E-04,-4.86488633E+07,-6.94979846E+06,-1.99826661E-03,-8.65270619E-05,-0.00000000E+00,-0.00000000E+00,6.50491227E-39,1.33280593E-39,-0.00000000E+00,-0.00000000E+00,6.50491227E-39,1.33280594E-39,-1.52058031E+04,-2.39962206E+03,-8.26876112E-02,-1.06654060E-01,6.33576286E+03,9.99844362E+02,6.00000000E+03,1.00000000E+03,7.76993132E+06,1.63109418E+09
8.00000000E+00,1.00000000E+00,4.00000000E-02,1.39977953E+08,2.87508334E+03,3.61926698E-06,-0.00000000E+00,-0.00000000E+00,-1.66685390E-33,-3.54865701E-34,5.56089397E+07,6.95121709E+06,5.56175917E-03,6.95229877E-04,-5.55986819E+07,-6.94981852E+06,-2.08107587E-03,-8.93527921E-05,-0.00000000E+00,-0.00000000E+00,7.85800159E-39,1.36760889E-39,-0.00000000E+00,-0.00000000E+00,7.85800159E-39,1.36760889E-39,-1.76054252E+04,-2.39962205E+03,-2.69951259E-01,-2.65124849E-01,7.33560722E+03,9.99844356E+02,7.00000000E+03,1.00000000E+03,7.76993125E+06,1.63109432E+09
9.00000000E+00,1.00000000E+00,4.00000000E-02,1.39977952E+08,2.97837907E+03,2.67938864E-06,-0.00000000E+00,-0.00000000E+00,-2.02907394E-33,-3.67615346E-34,6.25601759E+07,6.95123616E+06,6.25699096E-03,6.95231789E-04,-6.25485194E+07,-6.94983753E+06,-2.25502363E-03,-3.12241794E-04,-0.00000000E+00,-0.00000000E+00,9.23950636E-39,1.39143141E-39,-0.00000000E+00,-0.00000000E+00,9.23950636E-39,1.39143141E-39,-2.00050472E+04,-2.39962203E+03,-6.56974521E-01,-4.93514488E-01,8.33545157E+03,9.99844351E+02,8.00000000E+03,1.00000000E+03,7.76993118E+06,1.63109442E+09
1.00000000E+01,1.00000000E+00,4.00000000E-02,1.39977951E+08,3.05424789E+03,1.98712716E-06,-0.00000000E+00,-0.00000000E+00,-2.40227617E-33,-3.76979725E-34,6.95114302E+07,6.95125434E+06,6.95222457E-03,6.95233611E-04,-6.94983751E+07,-6.94985565E+06,-3.27572536E-03,-1.91539359E-03,-0.00000000E+00,-0.00000000E+00,1.06406492E-38,1.40752736E-39,-0.00000000E+00,-0.00000000E+00,1.06406492E-38,1.40752736E-39,-2.24046692E+04,-2.39962201E+03,-1.29464955E+00,-7.44409285E-01,9.33529592E+03,9.99844345E+02,9.00000000E+03,1.00000000E+03,7.76993112E+06,1.63109450E+09
1.10000000E+01,1.00000000E+00,1.04000000E-01,1.39977950E+08,3.10998232E+03,1.47669555E-06,-0.00000000E+00,-0.00000000E+00,-2.78351554E-33,-3.83858947E-34,7.64627020E+07,6.95127178E+06,7.64745993E-03,6.95235361E-04,-7.64482481E+07,-6.94987306E+06,-8.91464560E-03,-9.48908888E-03,-0.00000000E+00,-0.00000000E+00,1.20549470E-38,1.41833637E-39,-0.00000000E+00,-0.00000000E+00,1.20549470E-38,1.41833637E-39,-2.48042912E+04,-2.39962200E+03,-2.17417836E+00,-9.64854806E-01,1.03351403E+04,9.99844340E+02,1.00000000E+04,1.00000000E+03,7.76993107E+06,1.63109455E+09
1.20000000E+01,1.00000000E+00,2.32000000E-01,1.39977949E+08,3.15108892E+03,1.09865061E-06,-0.00000000E+00,-0.00000000E+00,-3.17058281E-33,-3.88932675E-34,8.34139906E+07,6.95128866E+06,8.34269698E-03,6.95237053E-04,-8.33981380E+07,-6.94988990E+06,-3.17278946E-02,-3.47393196E-02,-0.00000000E+00,-0.00000000E+00,1.34779163E-38,1.42557363E-39,-0.00000000E+00,-0.00000000E+00,1.34779163E-38,1.42557363E-39,-2.72039132E+04,-2.39962198E+03,-3.24321905E+00,-1.12821401E+00,1.13349846E+04,9.99844335E+02,1.10000000E+04,1.00000000E+03,7.76993101E+06,1.63109459E+09
1.30000000E+01,1.00000000E+00,2.32000000E-01,1.39977948E+08,3.18152604E+03,8.17387964E-07,-0.00000000E+00,-0.00000000E+00,-3.56189137E-33,-3.92689486E-34,9.03652957E+07,6.95130510E+06,9.03793568E-03,6.95238703E-04,-9.03480443E+07,-6.94990631E+06,-1.00849485E-01,-9.76252592E-02,-0.00000000E+00,-0.00000000E+00,1.49065824E-38,1.43039767E-39,-0.00000000E+00,-0.00000000E+00,1.49065824E-38,1.43039767E-39,-2.96035352E+04,-2.39962197E+03,-4.44035310E+00,-1.23474892E+00,1.23348289E+04,9.99844330E+02,1.20000000E+04,1.00000000E+03,7.76993095E+06,1.63109462E+09
1.40000000E+01,1.00000000E+00,2.32000000E-01,1.39977947E+08,3.20402195E+03,6.08130627E-07,-0.00000000E+00,-0.00000000E+00,-3.95633749E-33,-3.95466125E-34,9.73166170E+07,6.95132124E+06,9.73317601E-03,6.95240321E-04,-9.72979667E+07,-6.94992243E+06,-2.68856910E-01,-2.22759878E-01,-0.00000000E+00,-0.00000000E+00,1.63390187E-38,1.43357248E-39,-0.00000000E+00,-0.00000000E+00,1.63390187E-38,1.43357248E-39,-3.20031571E+04,-2.39962196E+03,-5.71594256E+00,-1.29714584E+00,1.33346732E+04,9.99844324E+02,1.30000000E+04,1.00000000E+03,7.76993090E+06,1.63109465E+09
1.50000000E+01,1.00000000E+00,2.32000000E-01,1.39977946E+08,3.22057534E+03,4.52444717E-07,-0.00000000E+00,-0.00000000E+00,-4.35309721E-33,-3.97509285E-34,1.04267954E+08,6.95133715E+06,1.04284179E-02,6.95241917E-04,-1.04247905E+08,-6.94993832E+06,-6.10752518E-01,-4.29702506E-01,-0.00000000E+00,-0.00000000E+00,1.77739154E-38,1.43563057E-39,-0.00000000E+00,-0.00000000E+00,1.77739154E-38,1.43563057E-39,-3.44027791E+04,-2.39962194E+03,-7.03515041E+00,-1.33052495E+00,1.43345176E+04,9.99844319E+02,1.40000000E+04,1.00000000E+03,7.76993085E+06,1.63109466E+09
1.60000000E+01,1.00000000E+00,2.32000000E-01,1.39977945E+08,3.23265322E+03,3.36615544E-07,-0.00000000E+00,-0.00000000E+00,-4.75155162E-33,-3.99000041E-34,1.11219307E+08,6.95135290E+06,1.11236614E-02,6.95243497E-04,-1.11197859E+08,-6.94995407E+06,-1.21230445E+00,-7.22440519E-01,-0.00000000E+00,-0.00000000E+00,1.92103913E-38,1.43694146E-39,-0.00000000E+00,-0.00000000E+00,1.92103913E-38,1.43694146E-39,-3.68024010E+04,-2.39962193E+03,-8.37668768E+00,-1.34704876E+00,1.53343619E+04,9.99844314E+02,1.50000000E+04,1.00000000E+03,7.76993079E+06,1.63109468E+09
1.70000000E+01,1.00000000E+00,2.32000000E-01,1.39977944E+08,3.24134654E+03,2.50439491E-07,-0.00000000E+00,-0.00000000E+00,-5.15123332E-33,-4.00073045E-34,1.18170676E+08,6.95136855E+06,1.18189065E-02,6.95245067E-04,-1.18147829E+08,-6.94996972E+06,-2.15086533E+00,-1.08451710E+00,-0.00000000E+00,-0.00000000E+00,2.06478618E-38,1.43775976E-39,-0.00000000E+00,-0.00000000E+00,2.06478618E-38,1.43775976E-39,-3.92020229E+04,-2.39962191E+03,-9.72887057E+00,-1.35469785E+00,1.63342062E+04,9.99844309E+02,1.60000000E+04,1.00000000E+03,7.76993074E+06,1.63109468E+09
1.80000000E+01,1.00000000E+00,2.32000000E-01,1.39977943E+08,3.24748521E+03,1.86325141E-07,-0.00000000E+00,-0.00000000E+00,-5.55178900E-33,-4.00830732E-34,1.25122060E+08,6.95138413E+06,1.25141531E-02,6.95246630E-04,-1.25097814E+08,-6.94998529E+06,-3.47662262E+00,-1.48291091E+00,-0.00000000E+00,-0.00000000E+00,2.20859454E-38,1.43825921E-39,-0.00000000E+00,-0.00000000E+00,2.20859454E-38,1.43825921E-39,-4.16016448E+04,-2.39962190E+03,-1.10858239E+01,-1.35803767E+00,1.73340505E+04,9.99844305E+02,1.70000000E+04,1.00000000E+03,7.76993069E+06,1.63109469E+09
1.90000000E+01,1.00000000E+00,2.32000000E-01,1.39977942E+08,3.25171585E+03,1.38624535E-07,-0.00000000E+00,-0.00000000E+00,-5.95295345E-33,-4.01352914E-34,1.32073459E+08,6.95139966E+06,1.32094013E-02,6.95248188E-04,-1.32047815E+08,-6.95000082E+06,-5.20199509E+00,-1.87832770E+00,-0.00000000E+00,-0.00000000E+00,2.35243981E-38,1.43855663E-39,-0.00000000E+00,-0.00000000E+00,2.35243981E-38,1.43855663E-39,-4.40012667E+04,-2.39962189E+03,-1.24448025E+01,-1.35942354E+00,1.83338948E+04,9.99844300E+02,1.80000000E+04,1.00000000E+03,7.76993064E+06,1.63109469E+09
2.00000000E+01,1.00000000E+00,2.32000000E-01,1.39977941E+08,3.25454924E+03,1.03135636E-07,-0.00000000E+00,-0.00000000E+00,-6.35453069E-33,-4.01702635E-34,1.39024875E+08,6.95141516E+06,1.39046510E-02,6.95249742E-04,-1.38997831E+08,-6.95001631E+06,-7.30233566E+00,-2.23641286E+00,-0.00000000E+00,-0.00000000E+00,2.49630672E-38,1.43872912E-39,-0.00000000E+00,-0.00000000E+00,2.49630672E-38,1.43872912E-39,-4.64008886E+04,-2.39962188E+03,-1.38046015E+01,-1.35997412E+00,1.93337391E+04,9.99844295E+02,1.90000000E+04,1.00000000E+03,7.76993059E+06,1.63109470E+09
2.10000000E+01,1.00000000E+00,2.32000000E-01,1.39977940E+08,3.25638736E+03,7.67321549E-08,-0.00000000E+00,-0.00000000E+00,-6.75637945E-33,-4.01929512E-34,1.45976305E+08,6.95143062E+06,1.45999023E-02,6.95251294E-04,-1.45947863E+08,-6.95003177E+06,-9.72577422E+00,-2.53511718E+00,-0.00000000E+00,-0.00000000E+00,2.64018600E-38,1.43882637E-39,-0.00000000E+00,-0.00000000E+00,2.64018600E-38,1.43882637E-39,-4.88005104E+04,-2.39962186E+03,-1.51647203E+01,-1.36018553E+00,2.03335834E+04,9.99844290E+02,2.00000000E+04,1.00000000E+03,7.76993054E+06,1.63109470E+09
2.20000000E+01,1.00000000E+00,2.32000000E-01,1.39977939E+08,3.25754002E+03,5.70881593E-08,-0.00000000E+00,-0.00000000E+00,-7.15840097E-33,-4.02071783E-34,1.52927751E+08,6.95144606E+06,1.52951552E-02,6.95252843E-04,-1.52897910E+08,-6.95004721E+06,-1.24070396E+01,-2.76649172E+00,-0.00000000E+00,-0.00000000E+00,2.78407214E-38,1.43887960E-39,-0.00000000E+00,-0.00000000E+00,2.78407214E-38,1.43887960E-39,-5.12001323E+04,-2.39962185E+03,-1.65249604E+01,-1.36026531E+00,2.13334277E+04,9.99844286E+02,2.10000000E+04,1.00000000E+03,7.76993048E+06,1.63109470E+09
2.30000000E+01,1.00000000E+00,2.32000000E-01,1.39977939E+08,3.25823791E+03,4.24731709E-08,-0.00000000E+00,-0.00000000E+00,-7.56052870E-33,-4.02157922E-34,1.59879213E+08,6.95146149E+06,1.59904096E-02,6.95254390E-04,-1.59847973E+08,-6.95006263E+06,-1.52802181E+01,-2.93406174E+00,-0.00000000E+00,-0.00000000E+00,2.92796195E-38,1.43890780E-39,-0.00000000E+00,-0.00000000E+00,2.92796195E-38,1.43890780E-39,-5.35997541E+04,-2.39962184E+03,-1.78852467E+01,-1.36029602E+00,2.23332719E+04,9.99844281E+02,2.20000000E+04,1.00000000E+03,7.76993043E+06,1.63109470E+09
2.40000000E+01,1.00000000E+00,2.32000000E-01,1.39977938E+08,3.25864574E+03,3.15997270E-08,-0.00000000E+00,-0.00000000E+00,-7.96271945E-33,-4.02208261E-34,1.66830690E+08,6.95147689E+06,1.66856655E-02,6.95255935E-04,-1.66798051E+08,-6.95007804E+06,-1.82874760E+01,-3.04820870E+00,-0.00000000E+00,-0.00000000E+00,3.07185369E-38,1.43892220E-39,-0.00000000E+00,-0.00000000E+00,3.07185369E-38,1.43892220E-39,-5.59993760E+04,-2.39962182E+03,-1.92455515E+01,-1.36030905E+00,2.33331162E+04,9.99844277E+02,2.30000000E+04,1.00000000E+03,7.76993038E+06,1.63109470E+09
2.50000000E+01,1.00000000E+00,2.32000000E-01,1.39977937E+08,3.25887582E+03,2.35099647E-08,-0.00000000E+00,-0.00000000E+00,-8.36494631E-33,-4.02236659E-34,1.73782182E+08,6.95149228E+06,1.73809230E-02,6.95257478E-04,-1.73748144E+08,-6.95009342E+06,-2.13831335E+01,-3.12172285E+00,-0.00000000E+00,-0.00000000E+00,3.21574637E-38,1.43892921E-39,-0.00000000E+00,-0.00000000E+00,3.21574637E-38,1.43892921E-39,-5.83989978E+04,-2.39962181E+03,-2.06058650E+01,-1.36031592E+00,2.43329605E+04,9.99844272E+02,2.40000000E+04,1.00000000E+03,7.76993033E+06,1.63109470E+09
2.60000000E+01,1.00000000E+00,2.32000000E-01,1.39977936E+08,3.25900121E+03,1.74912409E-08,-0.00000000E+00,-0.00000000E+00,-8.76719315E-33,-4.02252135E-34,1.80733690E+08,6.95150764E+06,1.80761820E-02,6.95259020E-04,-1.80698253E+08,-6.95010879E+06,-2.45340535E+01,-3.16669061E+00,-0.00000000E+00,-0.00000000E+00,3.35963951E-38,1.43893239E-39,-0.00000000E+00,-0.00000000E+00,3.35963951E-38,1.43893239E-39,-6.07986196E+04,-2.39962180E+03,-2.19661840E+01,-1.36032069E+00,2.53328048E+04,9.99844268E+02,2.50000000E+04,1.00000000E+03,7.76993028E+06,1.63109470E+09
2.70000000E+01,1.00000000E+00,2.32000000E-01,1.39977935E+08,3.25906726E+03,1.30133547E-08,-0.00000000E+00,-0.00000000E+00,-9.16945067E-33,-4.02260288E-34,1.87685213E+08,6.95152300E+06,1.87714426E-02,6.95260560E-04,-1.87648377E+08,-6.95012414E+06,-2.77178696E+01,-3.19292255E+00,-0.00000000E+00,-0.00000000E+00,3.50353283E-38,1.43893364E-39,-0.00000000E+00,-0.00000000E+00,3.50353283E-38,1.43893364E-39,-6.31982414E+04,-2.39962179E+03,-2.33265073E+01,-1.36032473E+00,2.63326490E+04,9.99844263E+02,2.60000000E+04,1.00000000E+03,7.76993023E+06,1.63109470E+09
2.80000000E+01,1.00000000E+00,2.32000000E-01,1.39977934E+08,3.25910092E+03,9.68184026E-09,-0.00000000E+00,-0.00000000E+00,-9.57171371E-33,-4.02264443E-34,1.94636751E+08,6.95153833E+06,1.94667047E-02,6.95262098E-04,-1.94598517E+08,-6.95013947E+06,-3.09204037E+01,-3.20757075E+00,-0.00000000E+00,-0.00000000E+00,3.64742622E-38,1.43893394E-39,-0.00000000E+00,-0.00000000E+00,3.64742622E-38,1.43893394E-39,-6.55978631E+04,-2.39962178E+03,-2.46868344E+01,-1.36032853E+00,2.73324933E+04,9.99844259E+02,2.70000000E+04,1.00000000E+03,7.76993018E+06,1.63109470E+09
2.90000000E+01,1.00000000E+00,2.32000000E-01,1.39977933E+08,3.25911752E+03,7.20321800E-09,-0.00000000E+00,-0.00000000E+00,-9.97397951E-33,-4.02266492E-34,2.01588305E+08,6.95155365E+06,2.01619683E-02,6.95263635E-04,-2.01548672E+08,-6.95015479E+06,-3.41331548E+01,-3.21542885E+00,-0.00000000E+00,-0.00000000E+00,3.79131960E-38,1.43893379E-39,-0.00000000E+00,-0.00000000E+00,3.79131960E-38,1.43893379E-39,-6.79974849E+04,-2.39962176E+03,-2.60471652E+01,-1.36033222E+00,2.83323375E+04,9.99844255E+02,2.80000000E+04,1.00000000E+03,7.76993013E+06,1.63109470E+09
3.00000000E+01,1.00000000E+00,2.32000000E-01,1.39977932E+08,3.25912544E+03,5.35914125E-09,-0.00000000E+00,-0.00000000E+00,-1.03762467E-32,-4.02267469E-34,2.08539873E+08,6.95156896E+06,2.08572335E-02,6.95265170E-04,-2.08498842E+08,-6.95017009E+06,-3.73512753E+01,-3.21949374E+00,-0.00000000E+00,-0.00000000E+00,3.93521296E-38,1.43893343E-39,-0.00000000E+00,-0.00000000E+00,3.93521296E-38,1.43893343E-39,-7.03971067E+04,-2.39962175E+03,-2.74074997E+01,-1.36033586E+00,2.93321818E+04,9.99844250E+02,2.90000000E+04,1.00000000E+03,7.76993008E+06,1.63109470E+09
3.10000000E+01,1.00000000E+00,2.32000000E-01,1.39977931E+08,3.25912907E+03,3.98716171E-09,-0.00000000E+00,-0.00000000E+00,-1.07785144E-32,-4.02267918E-34,2.15491458E+08,6.95158424E+06,2.15525002E-02,6.95266703E-04,-2.15449027E+08,-6.95018538E+06,-4.05721233E+01,-3.22153045E+00,-0.00000000E+00,-0.00000000E+00,4.07910628E-38,1.43893299E-39,-0.00000000E+00,-0.00000000E+00,4.07910628E-38,1.43893299E-39,-7.27967284E+04,-2.39962174E+03,-2.87678378E+01,-1.36033946E+00,3.03320260E+04,9.99844246E+02,3.00000000E+04,1.00000000E+03,7.76993003E+06,1.63109470E+09
3.20000000E+01,1.00000000E+00,2.32000000E-01,1.39977930E+08,3.25913067E+03,2.96641901E-09,-0.00000000E+00,-0.00000000E+00,-1.11807825E-32,-4.02268114E-34,2.22443057E+08,6.95159951E+06,2.22477684E-02,6.95268235E-04,-2.22399228E+08,-6.95020065E+06,-4.37943181E+01,-3.22252538E+00,-0.00000000E+00,-0.00000000E+00,4.22299954E-38,1.43893250E-39,-0.00000000E+00,-0.00000000E+00,4.22299954E-38,1.43893250E-39,-7.51963501E+04,-2.39962173E+03,-3.01281795E+01,-1.36034303E+00,3.13318703E+04,9.99844242E+02,3.10000000E+04,1.00000000E+03,7.76992997E+06,1.63109470E+09
3.30000000E+01,1.00000000E+00,2.32000000E-01,1.39977929E+08,3.25913131E+03,2.20699394E-09,-0.00000000E+00,-0.00000000E+00,-1.15830506E-32,-4.02268194E-34,2.29394672E+08,6.95161477E+06,2.29430382E-02,6.95269765E-04,-2.29349444E+08,-6.95021590E+06,-4.70171649E+01,-3.22300462E+00,-0.00000000E+00,-0.00000000E+00,4.36689276E-38,1.43893200E-39,-0.00000000E+00,-0.00000000E+00,4.36689276E-38,1.43893200E-39,-7.75959718E+04,-2.39962172E+03,-3.14885247E+01,-1.36034656E+00,3.23317145E+04,9.99844238E+02,3.20000000E+04,1.00000000E+03,7.76992992E+06,1.63109470E+09
3.40000000E+01,1.00000000E+00,2.32000000E-01,1.39977928E+08,3.25913153E+03,1.64198727E-09,-0.00000000E+00,-0.00000000E+00,-1.19853189E-32,-4.02268221E-34,2.36346302E+08,6.95163001E+06,2.36383095E-02,6.95271294E-04,-2.36299675E+08,-6.95023114E+06,-5.02403262E+01,-3.22323715E+00,-0.00000000E+00,-0.00000000E+00,4.51078593E-38,1.43893149E-39,-0.00000000E+00,-0.00000000E+00,4.51078593E-38,1.43893149E-39,-7.99955935E+04,-2.39962171E+03,-3.28488735E+01,-1.36035006E+00,3.33315587E+04,9.99844234E+02,3.30000000E+04,1.00000000E+03,7.76992987E+06,1.63109470E+09
3.50000000E+01,1.00000000E+00,2.32000000E-01,1.39977928E+08,3.25913156E+03,1.22162646E-09,-0.00000000E+00,-0.00000000E+00,-1.23875871E-32,-4.02268224E-34,2.43297947E+08,6.95164523E+06,2.43335823E-02,6.95272821E-04,-2.43249921E+08,-6.95024636E+06,-5.34636435E+01,-3.22335527E+00,-0.00000000E+00,-0.00000000E+00,4.65467905E-38,1.43893099E-39,-0.00000000E+00,-0.00000000E+00,4.65467905E-38,1.43893099E-39,-8.23952152E+04,-2.39962170E+03,-3.42092257E+01,-1.36035353E+00,3.43314030E+04,9.99844230E+02,3.40000000E+04,1.00000000E+03,7.76992982E+06,1.63109470E+09
3.60000000E+01,1.00000000E+00,2.32000000E-01,1.39977927E+08,3.25913151E+03,9.08881110E-10,-0.00000000E+00,-0.00000000E+00,-1.27898553E-32,-4.02268218E-34,2.50249608E+08,6.95166044E+06,2.50288566E-02,6.95274347E-04,-2.50200183E+08,-6.95026157E+06,-5.66870441E+01,-3.22342185E+00,-0.00000000E+00,-0.00000000E+00,4.79857211E-38,1.43893049E-39,-0.00000000E+00,-0.00000000E+00,4.79857211E-38,1.43893049E-39,-8.47948369E+04,-2.39962168E+03,-3.55695814E+01,-1.36035697E+00,3.53312472E+04,9.99844225E+02,3.50000000E+04,1.00000000E+03,7.76992977E+06,1.63109470E+09
3.70000000E+01,1.00000000E+00,2.32000000E-01,1.39977926E+08,3.25913143E+03,6.76200866E-10,-0.00000000E+00,-0.00000000E+00,-1.31921235E-32,-4.02268208E-34,2.57201283E+08,6.95167563E+06,2.57241325E-02,6.95275870E-04,-2.57150459E+08,-6.95027676E+06,-5.99104961E+01,-3.22346575E+00,-0.00000000E+00,-0.00000000E+00,4.94246513E-38,1.43892999E-39,-0.00000000E+00,-0.00000000E+00,4.94246513E-38,1.43892999E-39,-8.71944586E+04,-2.39962167E+03,-3.69299405E+01,-1.36036039E+00,3.63310914E+04,9.99844221E+02,3.60000000E+04,1.00000000E+03,7.76992972E+06,1.63109470E+09
3.80000000E+01,1.00000000E+00,2.32000000E-01,1.39977925E+08,3.25913133E+03,5.03088475E-10,-0.00000000E+00,-0.00000000E+00,-1.35943917E-32,-4.02268196E-34,2.64152974E+08,6.95169080E+06,2.64194099E-02,6.95277393E-04,-2.64100751E+08,-6.95029193E+06,-6.31339853E+01,-3.22349986E+00,-0.00000000E+00,-0.00000000E+00,5.08635810E-38,1.43892949E-39,-0.00000000E+00,-0.00000000E+00,5.08635810E-38,1.43892949E-39,-8.95940803E+04,-2.39962166E+03,-3.82903030E+01,-1.36036377E+00,3.73309356E+04,9.99844217E+02,3.70000000E+04,1.00000000E+03,7.76992967E+06,1.63109470E+09
3.90000000E+01,1.00000000E+00,2.32000000E-01,1.39977924E+08,3.25913123E+03,3.74294128E-10,-0.00000000E+00,-0.00000000E+00,-1.39966599E-32,-4.02268184E-34,2.71104680E+08,6.95170596E+06,2.71146888E-02,6.95278913E-04,-2.71051058E+08,-6.95030709E+06,-6.63575058E+01,-3.22352977E+00,-0.00000000E+00,-0.00000000E+00,5.23025102E-38,1.43892899E-39,-0.00000000E+00,-0.00000000E+00,5.23025102E-38,1.43892899E-39,-9.19937019E+04,-2.39962165E+03,-3.96506689E+01,-1.36036713E+00,3.83307799E+04,9.99844213E+02,3.80000000E+04,1.00000000E+03,7.76992962E+06,1.63109470E+09
4.00000000E+01,1.00000000E+00,2.32000000E-01,1.39977923E+08,3.25913113E+03,2.78472080E-10,-0.00000000E+00,-0.00000000E+00,-1.43989281E-32,-4.02268171E-34,2.78056401E+08,6.95172111E+06,2.78099692E-02,6.95280433E-04,-2.78001381E+08,-6.95032223E+06,-6.95810550E+01,-3.22355785E+00,-0.00000000E+00,-0.00000000E+00,5.37414388E-38,1.43892850E-39,-0.00000000E+00,-0.00000000E+00,5.37414388E-38,1.43892850E-39,-9.43933236E+04,-2.39962164E+03,-4.10110381E+01,-1.36037046E+00,3.93306241E+04,9.99844210E+02,3.90000000E+04,1.00000000E+03,7.76992957E+06,1.63109470E+09
4.10000000E+01,1.00000000E+00,2.32000000E-01,1.39977922E+08,3.25913103E+03,2.07181181E-10,-0.00000000E+00,-0.00000000E+00,-1.48011962E-32,-4.02268159E-34,2.85008137E+08,6.95173623E+06,2.85052512E-02,6.95281950E-04,-2.84951718E+08,-6.95033736E+06,-7.28046317E+01,-3.22358506E+00,-0.00000000E+00,-0.00000000E+00,5.51803670E-38,1.43892801E-39,-0.00000000E+00,-0.00000000E+00,5.51803670E-38,1.43892801E-39,-9.67929452E+04,-2.39962163E+03,-4.23714106E+01,-1.36037377E+00,4.03304683E+04,9.99844206E+02,4.00000000E+04,1.00000000E+03,7.76992952E+06,1.63109470E+09
4.20000000E+01,1.00000000E+00,2.32000000E-01,1.39977921E+08,3.25913093E+03,1.54141276E-10,-0.00000000E+00,-0.00000000E+00,-1.52034644E-32,-4.02268147E-34,2.91959889E+08,6.95175135E+06,2.92005347E-02,6.95283466E-04,-2.91902070E+08,-6.95035247E+06,-7.60282352E+01,-3.22361181E+00,-0.00000000E+00,-0.00000000E+00,5.66192947E-38,1.43892752E-39,-0.00000000E+00,-0.00000000E+00,5.66192947E-38,1.43892752E-39,-9.91925668E+04,-2.39962162E+03,-4.37317865E+01,-1.36037705E+00,4.13303125E+04,9.99844202E+02,4.10000000E+04,1.00000000E+03,7.76992947E+06,1.63109470E+09
4.30000000E+01,1.00000000E+00,2.32000000E-01,1.39977920E+08,3.25913083E+03,1.14679977E-10,-0.00000000E+00,-0.00000000E+00,-1.56057325E-32,-4.02268134E-34,2.98911655E+08,6.95176644E+06,2.98958196E-02,6.95284981E-04,-2.98852438E+08,-6.95036757E+06,-7.92518653E+01,-3.22363824E+00,-0.00000000E+00,-0.00000000E+00,5.80582220E-38,1.43892704E-39,-0.00000000E+00,-0.00000000E+00,5.80582220E-38,1.43892704E-39,-1.01592188E+05,-2.39962161E+03,-4.50921655E+01,-1.36038030E+00,4.23301567E+04,9.99844198E+02,4.20000000E+04,1.00000000E+03,7.76992942E+06,1.63109470E+09
4.40000000E+01,1.00000000E+00,2.32000000E-01,1.39977919E+08,3.25913073E+03,8.53210598E-11,-0.00000000E+00,-0.00000000E+00,-1.60080007E-32,-4.02268122E-34,3.05863437E+08,6.95178153E+06,3.05911061E-02,6.95286494E-04,-3.05802821E+08,-6.95038265E+06,-8.24755217E+01,-3.22366444E+00,-0.00000000E+00,-0.00000000E+00,5.94971487E-38,1.43892656E-39,-0.00000000E+00,-0.00000000E+00,5.94971487E-38,1.43892656E-39,-1.03991810E+05,-2.39962160E+03,-4.64525479E+01,-1.36038354E+00,4.33300009E+04,9.99844194E+02,4.30000000E+04,1.00000000E+03,7.76992937E+06,1.63109470E+09
4.50000000E+01,1.00000000E+00,2.32000000E-01,1.39977918E+08,3.25913063E+03,6.34782414E-11,-0.00000000E+00,-0.00000000E+00,-1.64102688E-32,-4.02268110E-34,3.12815233E+08,6.95179659E+06,3.12863941E-02,6.95288005E-04,-3.12753218E+08,-6.95039772E+06,-8.56992041E+01,-3.22369042E+00,-0.00000000E+00,-0.00000000E+00,6.09360749E-38,1.43892608E-39,-0.00000000E+00,-0.00000000E+00,6.09360750E-38,1.43892608E-39,-1.06391432E+05,-2.39962159E+03,-4.78129334E+01,-1.36038674E+00,4.43298451E+04,9.99844190E+02,4.40000000E+04,1.00000000E+03,7.76992932E+06,1.63109470E+09
4.60000000E+01,1.00000000E+00,2.32000000E-01,1.39977918E+08,3.25913053E+03,4.72273451E-11,-0.00000000E+00,-0.00000000E+00,-1.68125369E-32,-4.02268098E-34,3.19767045E+08,6.95181164E+06,3.19816837E-02,6.95289515E-04,-3.19703631E+08,-6.95041277E+06,-8.89229123E+01,-3.22371619E+00,-0.00000000E+00,-0.00000000E+00,6.23750007E-38,1.43892561E-39,-0.00000000E+00,-0.00000000E+00,6.23750007E-38,1.43892561E-39,-1.08791053E+05,-2.39962158E+03,-4.91733221E+01,-1.36038993E+00,4.53296892E+04,9.99844187E+02,4.50000000E+04,1.00000000E+03,7.76992927E+06,1.63109470E+09
4.70000000E+01,1.00000000E+00,2.32000000E-01,1.39977917E+08,3.25913044E+03,3.51367977E-11,-0.00000000E+00,-0.00000000E+00,-1.72148050E-32,-4.02268086E-34,3.26718872E+08,6.95182668E+06,3.26769747E-02,6.95291023E-04,-3.26654059E+08,-6.95042780E+06,-9.21466462E+01,-3.22374177E+00,-0.00000000E+00,-0.00000000E+00,6.38139260E-38,1.43892514E-39,-0.00000000E+00,-0.00000000E+00,6.38139260E-38,1.43892514E-39,-1.11190675E+05,-2.39962157E+03,-5.05337140E+01,-1.36039309E+00,4.63295334E+04,9.99844183E+02,4.60000000E+04,1.00000000E+03,7.76992922E+06,1.63109470E+09
4.80000000E+01,1.00000000E+00,2.32000000E-01,1.39977916E+08,3.25913034E+03,2.61415192E-11,-0.00000000E+00,-0.00000000E+00,-1.76170731E-32,-4.02268074E-34,3.33670713E+08,6.95184170E+06,3.33722672E-02,6.95292530E-04,-3.33604502E+08,-6.95044282E+06,-9.53704055E+01,-3.22376716E+00,-0.00000000E+00,-0.00000000E+00,6.52528509E-38,1.43892467E-39,-0.00000000E+00,-0.00000000E+00,6.52528509E-38,1.43892467E-39,-1.13590296E+05,-2.39962156E+03,-5.18941091E+01,-1.36039622E+00,4.73293776E+04,9.99844179E+02,4.70000000E+04,1.00000000E+03,7.76992917E+06,1.63109470E+09
4.90000000E+01,1.00000000E+00,2.32000000E-01,1.39977915E+08,3.25913025E+03,1.94490982E-11,-0.00000000E+00,-0.00000000E+00,-1.80193411E-32,-4.02268062E-34,3.40622570E+08,6.95185671E+06,3.40675612E-02,6.95294035E-04,-3.40554960E+08,-6.95045783E+06,-9.85941901E+01,-3.22379236E+00,-0.00000000E+00,-0.00000000E+00,6.66917753E-38,1.43892420E-39,-0.00000000E+00,-0.00000000E+00,6.66917753E-38,1.43892420E-39,-1.15989918E+05,-2.39962155E+03,-5.32545072E+01,-1.36039934E+00,4.83292218E+04,9.99844175E+02,4.80000000E+04,1.00000000E+03,7.76992912E+06,1.63109470E+09
5.00000000E+01,1.00000000E+00,2.32000000E-01,1.39977914E+08,3.25913015E+03,1.44699861E-11,-0.00000000E+00,-0.00000000E+00,-1.84216092E-32,-4.02268051E-34,3.47574442E+08,6.95187170E+06,3.47628568E-02,6.95295539E-04,-3.47505432E+08,-6.95047282E+06,-1.01818000E+02,-3.22381738E+00,-0.00000000E+00,-0.00000000E+00,6.81306992E-38,1.43892374E-39,-0.00000000E+00,-0.00000000E+00,6.81306992E-38,1.43892374E-39,-1.18389539E+05,-2.39962154E+03,-5.46149085E+01,-1.36040243E+00,4.93290659E+04,9.99844172E+02,4.90000000E+04,1.00000000E+03,7.76992907E+06,1.63109470E+09
