Time [d],dt_flow [d],dt_tran [d],Global Water Mass in Liquid Phas [kg],Global Vaq [mol],Global Vim [mol],Top Water Mass [kg],Top Water Mass [kg/d],Top Vaq [mol],Top Vaq [mol/d],Right Water Mass [kg],Right Water Mass [kg/d],Right Vaq [mol],Right Vaq [mol/d],Left Water Mass [kg],Left Water Mass [kg/d],Left Vaq [mol],Left Vaq [mol/d],North Water Mass [kg],North Water Mass [kg/d],North Vaq [mol],North Vaq [mol/d],South Water Mass [kg],South Water Mass [kg/d],South Vaq [mol],South Vaq [mol/d],ExtractWell Water Mass [kg],ExtractWell Water Mass [kg/d],ExtractWell Vaq [mol],ExtractWell Vaq [mol/d],InjectWell Water Mass [kg],InjectWell Water Mass [kg/d],InjectWell Vaq [mol],InjectWell Vaq [mol/d],Region Region__all Water Mass [kg],Region Region__all Total Mass [kg]
1.00000000E+00,4.89000000E-01,3.27014796E-02,1.39979211E+08,1.08779088E-02,2.95435633E-05,-0.00000000E+00,-0.00000000E+00,2.23384554E-40,3.85355260E-40,4.17092125E+07,4.17110059E+07,4.17149316E-03,4.17167287E-03,-4.17087967E+07,-4.17103406E+07,-3.57038115E-03,-3.08115095E-03,-0.00000000E+00,-0.00000000E+00,2.21997100E-40,3.82961845E-40,-0.00000000E+00,-0.00000000E+00,2.21997101E-40,3.82961845E-40,-8.08077613E+02,-1.22621786E+03,-6.61062386E-08,-9.07864303E-08,3.36702689E+02,5.10929708E+02,3.36749000E-08,5.11000000E-08,7.77000108E+06,1.63109144E+09
2.00000000E+00,4.88000000E-01,3.42561225E-02,1.39979170E+08,8.55994131E+02,2.18195361E-05,-0.00000000E+00,-0.00000000E+00,-5.81892445E-35,-1.05652405E-34,8.34234642E+07,4.17152248E+07,8.34349141E-03,4.17209583E-03,-8.34216899E+07,-4.17138642E+07,-6.36147541E-03,-3.78094086E-03,-0.00000000E+00,-0.00000000E+00,7.15255102E-40,5.68634904E-40,-0.00000000E+00,-0.00000000E+00,7.15255103E-40,5.68634905E-40,-3.20772066E+03,-2.39964289E+03,-2.40119182E-02,-1.42383397E-01,1.33656496E+03,9.99862208E+02,1.00000000E+03,1.00000000E+03,7.76999878E+06,1.63109230E+09
3.00000000E+00,1.00000000E+00,3.08011748E-02,1.39979134E+08,1.48576106E+03,1.61185921E-05,-0.00000000E+00,-0.00000000E+00,-2.06914469E-34,-1.83383637E-34,1.25142240E+08,4.17187753E+07,1.25159434E-02,4.17245194E-03,-1.25139101E+08,-4.17174111E+07,-1.19979111E+00,-5.84016630E+00,-0.00000000E+00,-0.00000000E+00,1.32651420E-39,6.36077555E-40,-0.00000000E+00,-0.00000000E+00,1.32651420E-39,6.36077556E-40,-5.60736298E+03,-2.39964232E+03,-1.04298361E+00,-1.92031703E+00,2.33642694E+03,9.99861983E+02,2.00000000E+03,1.00000000E+03,7.76999681E+06,1.63109293E+09
4.00000000E+00,1.00000000E+00,3.08759868E-02,1.39979100E+08,1.90350761E+03,1.19071718E-05,-0.00000000E+00,-0.00000000E+00,-4.20104076E-34,-2.34945497E-34,1.66864452E+08,4.17222121E+07,1.66887400E-02,4.17279668E-03,-1.66859948E+08,-4.17208467E+07,-5.35647557E+01,-1.25056822E+02,-0.00000000E+00,-0.00000000E+00,1.97193204E-39,6.49619141E-40,-0.00000000E+00,-0.00000000E+00,1.97193204E-39,6.49619142E-40,-8.00700476E+03,-2.39964178E+03,-3.39365283E+00,-2.51255394E+00,3.33628870E+03,9.99861762E+02,3.00000000E+03,1.00000000E+03,7.76999489E+06,1.63109335E+09
5.00000000E+00,1.00000000E+00,3.09483503E-02,1.39979066E+08,2.05773481E+03,8.79609812E-06,-0.00000000E+00,-0.00000000E+00,-6.67453541E-34,-2.53981540E-34,2.08590066E+08,4.17256147E+07,2.08618780E-02,4.17313800E-03,-2.08584197E+08,-4.17242489E+07,-2.84741384E+02,-3.08660522E+02,-0.00000000E+00,-0.00000000E+00,2.62242397E-39,6.50785598E-40,-0.00000000E+00,-0.00000000E+00,2.62242398E-39,6.50785598E-40,-1.04066460E+04,-2.39964125E+03,-5.92344735E+00,-2.53389852E+00,4.33615025E+03,9.99861546E+02,4.00000000E+03,1.00000000E+03,7.76999300E+06,1.63109350E+09
6.00000000E+00,1.00000000E+00,3.10190302E-02,1.39979032E+08,2.07894802E+03,6.49787628E-06,-0.00000000E+00,-0.00000000E+00,-9.23329162E-34,-2.56599856E-34,2.50319072E+08,4.17290061E+07,2.50353562E-02,4.17347820E-03,-2.50311837E+08,-4.17276403E+07,-6.27829825E+02,-3.58318960E+02,-0.00000000E+00,-0.00000000E+00,3.27322518E-39,6.50796452E-40,-0.00000000E+00,-0.00000000E+00,3.27322518E-39,6.50796452E-40,-1.28062867E+04,-2.39964073E+03,-8.45747627E+00,-2.53401418E+00,5.33601158E+03,9.99861335E+02,5.00000000E+03,1.00000000E+03,7.76999112E+06,1.63109352E+09
7.00000000E+00,1.00000000E+00,3.10882943E-02,1.39978998E+08,2.07998818E+03,4.80012713E-06,-0.00000000E+00,-0.00000000E+00,-1.18003028E-33,-2.56728242E-34,2.92051465E+08,4.17323924E+07,2.92091741E-02,4.17381789E-03,-2.92042864E+08,-4.17310266E+07,-9.89048660E+02,-3.62140469E+02,-0.00000000E+00,-0.00000000E+00,3.92400125E-39,6.50761355E-40,-0.00000000E+00,-0.00000000E+00,3.92400125E-39,6.50761355E-40,-1.52059269E+04,-2.39964021E+03,-1.09914465E+01,-2.53392313E+00,6.33587271E+03,9.99861127E+02,6.00000000E+03,1.00000000E+03,7.76998923E+06,1.63109352E+09
8.00000000E+00,1.00000000E+00,3.11562682E-02,1.39978964E+08,2.07993017E+03,3.54596114E-06,-0.00000000E+00,-0.00000000E+00,-1.43675538E-33,-2.56721082E-34,3.33787240E+08,4.17357749E+07,3.33833313E-02,4.17415720E-03,-3.33777273E+08,-4.17344090E+07,-1.35130644E+03,-3.62280180E+02,-0.00000000E+00,-0.00000000E+00,4.57474165E-39,6.50725612E-40,-0.00000000E+00,-0.00000000E+00,4.57474165E-39,6.50725612E-40,-1.76055667E+04,-2.39963971E+03,-1.35253259E+01,-2.53383315E+00,7.33573363E+03,9.99860923E+02,7.00000000E+03,1.00000000E+03,7.76998735E+06,1.63109352E+09
9.00000000E+00,1.00000000E+00,3.12230390E-02,1.39978930E+08,2.07984693E+03,2.61948030E-06,-0.00000000E+00,-0.00000000E+00,-1.69347077E-33,-2.56710808E-34,3.75526394E+08,4.17391538E+07,3.75578275E-02,4.17449615E-03,-3.75515060E+08,-4.17377879E+07,-1.71361354E+03,-3.62306194E+02,-0.00000000E+00,-0.00000000E+00,5.22544643E-39,6.50690101E-40,-0.00000000E+00,-0.00000000E+00,5.22544644E-39,6.50690101E-40,-2.00052059E+04,-2.39963922E+03,-1.60591162E+01,-2.53374490E+00,8.33559435E+03,9.99860722E+02,8.00000000E+03,1.00000000E+03,7.76998547E+06,1.63109352E+09
1.00000000E+01,1.00000000E+00,3.12886794E-02,1.39978896E+08,2.07976484E+03,1.93506801E-06,-0.00000000E+00,-0.00000000E+00,-1.95017596E-33,-2.56700675E-34,4.17268923E+08,4.17425293E+07,4.17326622E-02,4.17483475E-03,-4.17256224E+08,-4.17411634E+07,-2.07594485E+03,-3.62330120E+02,-0.00000000E+00,-0.00000000E+00,5.87611585E-39,6.50654824E-40,-0.00000000E+00,-0.00000000E+00,5.87611585E-39,6.50654825E-40,-2.24048446E+04,-2.39963873E+03,-1.85928190E+01,-2.53365827E+00,9.33545488E+03,9.99860525E+02,9.00000000E+03,1.00000000E+03,7.76998359E+06,1.63109352E+09
1.10000000E+01,1.00000000E+00,3.13532543E-02,1.39978862E+08,2.07968414E+03,1.42947731E-06,-0.00000000E+00,-0.00000000E+00,-2.20687111E-33,-2.56690714E-34,4.59014824E+08,4.17459014E+07,4.59078352E-02,4.17517302E-03,-4.59000759E+08,-4.17445355E+07,-2.43829969E+03,-3.62353681E+02,-0.00000000E+00,-0.00000000E+00,6.52675012E-39,6.50619779E-40,-0.00000000E+00,-0.00000000E+00,6.52675013E-39,6.50619780E-40,-2.48044829E+04,-2.39963826E+03,-2.11264359E+01,-2.53357309E+00,1.03353152E+04,9.99860331E+02,1.00000000E+04,1.00000000E+03,7.76998171E+06,1.63109352E+09
1.20000000E+01,1.00000000E+00,3.14168228E-02,1.39978828E+08,2.07960475E+03,1.05598618E-06,-0.00000000E+00,-0.00000000E+00,-2.46355639E-33,-2.56680916E-34,5.00764094E+08,4.17492701E+07,5.00833462E-02,4.17551094E-03,-5.00748663E+08,-4.17479041E+07,-2.80067772E+03,-3.62376906E+02,-0.00000000E+00,-0.00000000E+00,7.17734949E-39,6.50584963E-40,-0.00000000E+00,-0.00000000E+00,7.17734949E-39,6.50584963E-40,-2.72041207E+04,-2.39963779E+03,-2.36599682E+01,-2.53348918E+00,1.13351753E+04,9.99860139E+02,1.10000000E+04,1.00000000E+03,7.76997983E+06,1.63109352E+09
1.30000000E+01,1.00000000E+00,3.14794385E-02,1.39978795E+08,2.07952661E+03,7.80079993E-07,-0.00000000E+00,-0.00000000E+00,-2.72023195E-33,-2.56671270E-34,5.42516730E+08,4.17526353E+07,5.42591947E-02,4.17584852E-03,-5.42499933E+08,-4.17512693E+07,-3.16307863E+03,-3.62399813E+02,-0.00000000E+00,-0.00000000E+00,7.82791416E-39,6.50550372E-40,-0.00000000E+00,-0.00000000E+00,7.82791417E-39,6.50550373E-40,-2.96037580E+04,-2.39963732E+03,-2.61934173E+01,-2.53340657E+00,1.23350353E+04,9.99859951E+02,1.20000000E+04,1.00000000E+03,7.76997795E+06,1.63109352E+09
1.40000000E+01,1.00000000E+00,3.15411508E-02,1.39978761E+08,2.07944963E+03,5.76262000E-07,-0.00000000E+00,-0.00000000E+00,-2.97689795E-33,-2.56661770E-34,5.84272727E+08,4.17559972E+07,5.84353805E-02,4.17618576E-03,-5.84254564E+08,-4.17546312E+07,-3.52550211E+03,-3.62422415E+02,-0.00000000E+00,-0.00000000E+00,8.47844438E-39,6.50516006E-40,-0.00000000E+00,-0.00000000E+00,8.47844439E-39,6.50516007E-40,-3.20033948E+04,-2.39963686E+03,-2.87267844E+01,-2.53332523E+00,1.33348951E+04,9.99859765E+02,1.30000000E+04,1.00000000E+03,7.76997608E+06,1.63109352E+09
1.50000000E+01,1.00000000E+00,3.16020046E-02,1.39978727E+08,2.07937377E+03,4.25697172E-07,-0.00000000E+00,-0.00000000E+00,-3.23355453E-33,-2.56652406E-34,6.26032083E+08,4.17593557E+07,6.26119031E-02,4.17652267E-03,-6.26012554E+08,-4.17579897E+07,-3.88794789E+03,-3.62444728E+02,-0.00000000E+00,-0.00000000E+00,9.12894037E-39,6.50481862E-40,-0.00000000E+00,-0.00000000E+00,9.12894037E-39,6.50481863E-40,-3.44030313E+04,-2.39963641E+03,-3.12600707E+01,-2.53324508E+00,1.43347546E+04,9.99859581E+02,1.40000000E+04,1.00000000E+03,7.76997420E+06,1.63109352E+09
1.60000000E+01,1.00000000E+00,3.16620411E-02,1.39978693E+08,2.07929897E+03,3.14471641E-07,-0.00000000E+00,-0.00000000E+00,-3.49020182E-33,-2.56643174E-34,6.67794793E+08,4.17627109E+07,6.67887624E-02,4.17685924E-03,-6.67773899E+08,-4.17613448E+07,-4.25041568E+03,-3.62466763E+02,-0.00000000E+00,-0.00000000E+00,9.77940234E-39,6.50447938E-40,-0.00000000E+00,-0.00000000E+00,9.77940234E-39,6.50447938E-40,-3.68026672E+04,-2.39963597E+03,-3.37932774E+01,-2.53316607E+00,1.53346140E+04,9.99859400E+02,1.50000000E+04,1.00000000E+03,7.76997233E+06,1.63109352E+09
1.70000000E+01,1.00000000E+00,3.17212984E-02,1.39978660E+08,2.07922517E+03,2.32306922E-07,-0.00000000E+00,-0.00000000E+00,-3.74683994E-33,-2.56634065E-34,7.09560856E+08,4.17660627E+07,7.09659578E-02,4.17719548E-03,-7.09538595E+08,-4.17646966E+07,-4.61290522E+03,-3.62488533E+02,-0.00000000E+00,-0.00000000E+00,1.04298305E-38,6.50414231E-40,-0.00000000E+00,-0.00000000E+00,1.04298305E-38,6.50414231E-40,-3.92023028E+04,-2.39963553E+03,-3.63264056E+01,-2.53308815E+00,1.63344733E+04,9.99859222E+02,1.60000000E+04,1.00000000E+03,7.76997046E+06,1.63109352E+09
1.80000000E+01,1.00000000E+00,3.17798112E-02,1.39978626E+08,2.07915234E+03,1.71610065E-07,-0.00000000E+00,-0.00000000E+00,-4.00346902E-33,-2.56625074E-34,7.51330267E+08,4.17694112E+07,7.51434892E-02,4.17753138E-03,-7.51306640E+08,-4.17680451E+07,-4.97541625E+03,-3.62510048E+02,-0.00000000E+00,-0.00000000E+00,1.10802251E-38,6.50380739E-40,-0.00000000E+00,-0.00000000E+00,1.10802251E-38,6.50380740E-40,-4.16019378E+04,-2.39963509E+03,-3.88594565E+01,-2.53301125E+00,1.73343323E+04,9.99859045E+02,1.70000000E+04,1.00000000E+03,7.76996858E+06,1.63109352E+09
1.90000000E+01,1.00000000E+00,3.18376119E-02,1.39978592E+08,2.07908041E+03,1.26771989E-07,-0.00000000E+00,-0.00000000E+00,-4.26008917E-33,-2.56616197E-34,7.93103024E+08,4.17727564E+07,7.93213562E-02,4.17786695E-03,-7.93078031E+08,-4.17713903E+07,-5.33794854E+03,-3.62531319E+02,-0.00000000E+00,-0.00000000E+00,1.17305863E-38,6.50347461E-40,-0.00000000E+00,-0.00000000E+00,1.17305863E-38,6.50347462E-40,-4.40015725E+04,-2.39963466E+03,-4.13924309E+01,-2.53293533E+00,1.83341912E+04,9.99858871E+02,1.80000000E+04,1.00000000E+03,7.76996671E+06,1.63109352E+09
2.00000000E+01,1.00000000E+00,3.18947299E-02,1.39978558E+08,2.07900936E+03,9.36491401E-08,-0.00000000E+00,-0.00000000E+00,-4.51670050E-33,-2.56607428E-34,8.34879122E+08,4.17760983E+07,8.34995584E-02,4.17820220E-03,-8.34852763E+08,-4.17747322E+07,-5.70050184E+03,-3.62552355E+02,-0.00000000E+00,-0.00000000E+00,1.23809144E-38,6.50314394E-40,-0.00000000E+00,-0.00000000E+00,1.23809144E-38,6.50314395E-40,-4.64012067E+04,-2.39963424E+03,-4.39253298E+01,-2.53286035E+00,1.93340499E+04,9.99858698E+02,1.90000000E+04,1.00000000E+03,7.76996484E+06,1.63109352E+09
2.10000000E+01,1.00000000E+00,3.19511929E-02,1.39978525E+08,2.07893916E+03,6.91805849E-08,-0.00000000E+00,-0.00000000E+00,-4.77330312E-33,-2.56598762E-34,8.76658559E+08,4.17794369E+07,8.76780955E-02,4.17853711E-03,-8.76630834E+08,-4.17780708E+07,-6.06307594E+03,-3.62573164E+02,-0.00000000E+00,-0.00000000E+00,1.30312095E-38,6.50281536E-40,-0.00000000E+00,-0.00000000E+00,1.30312095E-38,6.50281537E-40,-4.88008406E+04,-2.39963382E+03,-4.64581542E+01,-2.53278627E+00,2.03339084E+04,9.99858527E+02,2.00000000E+04,1.00000000E+03,7.76996297E+06,1.63109352E+09
2.20000000E+01,1.00000000E+00,3.20107571E-02,1.39978491E+08,2.07886975E+03,5.11051428E-08,-0.00000000E+00,-0.00000000E+00,-5.02989714E-33,-2.56590196E-34,9.18441331E+08,4.17827723E+07,9.18569672E-02,4.17887170E-03,-9.18412240E+08,-4.17814062E+07,-6.42567061E+03,-3.62593755E+02,-0.00000000E+00,-0.00000000E+00,1.36814719E-38,6.50248886E-40,-0.00000000E+00,-0.00000000E+00,1.36814719E-38,6.50248886E-40,-5.12004740E+04,-2.39963340E+03,-4.89909049E+01,-2.53271305E+00,2.13337668E+04,9.99858359E+02,2.10000000E+04,1.00000000E+03,7.76996111E+06,1.63109352E+09
2.30000000E+01,1.00000000E+00,3.20803056E-02,1.39978457E+08,2.07880112E+03,3.77524303E-08,-0.00000000E+00,-0.00000000E+00,-5.28648263E-33,-2.56581725E-34,9.60227436E+08,4.17861044E+07,9.60361732E-02,4.17920597E-03,-9.60196978E+08,-4.17847383E+07,-6.78828565E+03,-3.62614136E+02,-0.00000000E+00,-0.00000000E+00,1.43317018E-38,6.50216440E-40,-0.00000000E+00,-0.00000000E+00,1.43317018E-38,6.50216441E-40,-5.36001070E+04,-2.39963299E+03,-5.15235829E+01,-2.53264066E+00,2.23336250E+04,9.99858191E+02,2.20000000E+04,1.00000000E+03,7.76995924E+06,1.63109352E+09
2.40000000E+01,1.00000000E+00,3.21500132E-02,1.39978424E+08,2.07873323E+03,2.78884999E-08,-0.00000000E+00,-0.00000000E+00,-5.54305971E-33,-2.56573345E-34,1.00201687E+09,4.17894333E+07,1.00215713E-01,4.17953991E-03,-1.00198505E+09,-4.17880672E+07,-7.15092086E+03,-3.62634313E+02,-0.00000000E+00,-0.00000000E+00,1.49818993E-38,6.50184198E-40,-0.00000000E+00,-0.00000000E+00,1.49818993E-38,6.50184199E-40,-5.59997396E+04,-2.39963259E+03,-5.40561888E+01,-2.53256907E+00,2.33334830E+04,9.99858026E+02,2.30000000E+04,1.00000000E+03,7.76995737E+06,1.63109352E+09
2.50000000E+01,1.00000000E+00,3.22192438E-02,1.39978390E+08,2.07866606E+03,2.06018076E-08,-0.00000000E+00,-0.00000000E+00,-5.79962846E-33,-2.56565055E-34,1.04380963E+09,4.17927590E+07,1.04395587E-01,4.17987353E-03,-1.04377644E+09,-4.17913928E+07,-7.51357603E+03,-3.62654293E+02,-0.00000000E+00,-0.00000000E+00,1.56320647E-38,6.50152157E-40,-0.00000000E+00,-0.00000000E+00,1.56320647E-38,6.50152158E-40,-5.83993717E+04,-2.39963218E+03,-5.65887235E+01,-2.53249823E+00,2.43333408E+04,9.99857862E+02,2.40000000E+04,1.00000000E+03,7.76995551E+06,1.63109352E+09
2.60000000E+01,1.00000000E+00,3.22880022E-02,1.39978357E+08,2.07859959E+03,1.52189761E-08,-0.00000000E+00,-0.00000000E+00,-6.05618897E-33,-2.56556849E-34,1.08560571E+09,4.17960815E+07,1.08575793E-01,4.18020682E-03,-1.08557115E+09,-4.17947153E+07,-7.87625098E+03,-3.62674082E+02,-0.00000000E+00,-0.00000000E+00,1.62821982E-38,6.50120315E-40,-0.00000000E+00,-0.00000000E+00,1.62821982E-38,6.50120316E-40,-6.07990035E+04,-2.39963178E+03,-5.91211877E+01,-2.53242814E+00,2.53331985E+04,9.99857700E+02,2.50000000E+04,1.00000000E+03,7.76995364E+06,1.63109352E+09
2.70000000E+01,1.00000000E+00,3.23562930E-02,1.39978323E+08,2.07853378E+03,1.12425667E-08,-0.00000000E+00,-0.00000000E+00,-6.31274131E-33,-2.56548727E-34,1.12740511E+09,4.17994008E+07,1.12756333E-01,4.18053980E-03,-1.12736919E+09,-4.17980345E+07,-8.23894552E+03,-3.62693686E+02,-0.00000000E+00,-0.00000000E+00,1.69323000E-38,6.50088671E-40,-0.00000000E+00,-0.00000000E+00,1.69323000E-38,6.50088671E-40,-6.31986349E+04,-2.39963139E+03,-6.16535822E+01,-2.53235876E+00,2.63330561E+04,9.99857540E+02,2.60000000E+04,1.00000000E+03,7.76995178E+06,1.63109352E+09
2.80000000E+01,1.00000000E+00,3.24241215E-02,1.39978290E+08,2.07846861E+03,8.30511112E-09,-0.00000000E+00,-0.00000000E+00,-6.56928558E-33,-2.56540684E-34,1.16920783E+09,4.18027169E+07,1.16937206E-01,4.18087246E-03,-1.16917054E+09,-4.18013506E+07,-8.60165947E+03,-3.62713111E+02,-0.00000000E+00,-0.00000000E+00,1.75823702E-38,6.50057221E-40,-0.00000000E+00,-0.00000000E+00,1.75823702E-38,6.50057222E-40,-6.55982659E+04,-2.39963100E+03,-6.41859076E+01,-2.53229007E+00,2.73329135E+04,9.99857380E+02,2.70000000E+04,1.00000000E+03,7.76994992E+06,1.63109352E+09
2.90000000E+01,1.00000000E+00,3.24914928E-02,1.39978256E+08,2.07840407E+03,6.13515242E-09,-0.00000000E+00,-0.00000000E+00,-6.82582185E-33,-2.56532718E-34,1.21101386E+09,4.18060298E+07,1.21118410E-01,4.18120480E-03,-1.21097520E+09,-4.18046635E+07,-8.96439267E+03,-3.62732361E+02,-0.00000000E+00,-0.00000000E+00,1.82324091E-38,6.50025966E-40,-0.00000000E+00,-0.00000000E+00,1.82324091E-38,6.50025966E-40,-6.79978965E+04,-2.39963061E+03,-6.67181647E+01,-2.53222203E+00,2.83327707E+04,9.99857223E+02,2.80000000E+04,1.00000000E+03,7.76994806E+06,1.63109352E+09
3.00000000E+01,1.00000000E+00,3.25633449E-02,1.39978222E+08,2.07834014E+03,4.53215961E-09,-0.00000000E+00,-0.00000000E+00,-7.08235019E-33,-2.56524827E-34,1.25282320E+09,4.18093396E+07,1.25299947E-01,4.18153683E-03,-1.25278318E+09,-4.18079733E+07,-9.32714493E+03,-3.62751441E+02,-0.00000000E+00,-0.00000000E+00,1.88824168E-38,6.49994902E-40,-0.00000000E+00,-0.00000000E+00,1.88824168E-38,6.49994902E-40,-7.03975267E+04,-2.39963022E+03,-6.92503540E+01,-2.53215455E+00,2.93326278E+04,9.99857066E+02,2.90000000E+04,1.00000000E+03,7.76994619E+06,1.63109352E+09
3.10000000E+01,1.00000000E+00,3.26381072E-02,1.39978189E+08,2.07827680E+03,3.34799626E-09,-0.00000000E+00,-0.00000000E+00,-7.33887068E-33,-2.56517008E-34,1.29463584E+09,4.18126462E+07,1.29481816E-01,4.18186854E-03,-1.29459446E+09,-4.18112799E+07,-9.68991610E+03,-3.62770357E+02,-0.00000000E+00,-0.00000000E+00,1.95323936E-38,6.49964027E-40,-0.00000000E+00,-0.00000000E+00,1.95323936E-38,6.49964028E-40,-7.27971566E+04,-2.39962984E+03,-7.17824761E+01,-2.53208761E+00,3.03324847E+04,9.99856911E+02,3.00000000E+04,1.00000000E+03,7.76994434E+06,1.63109352E+09
3.20000000E+01,1.00000000E+00,3.27128019E-02,1.39978155E+08,2.07821403E+03,2.47323089E-09,-0.00000000E+00,-0.00000000E+00,-7.59538339E-33,-2.56509260E-34,1.33645179E+09,4.18159497E+07,1.33664016E-01,4.18219994E-03,-1.33640904E+09,-4.18145834E+07,-1.00527060E+04,-3.62789112E+02,-0.00000000E+00,-0.00000000E+00,2.01823397E-38,6.49933341E-40,-0.00000000E+00,-0.00000000E+00,2.01823397E-38,6.49933342E-40,-7.51967860E+04,-2.39962946E+03,-7.43145315E+01,-2.53202127E+00,3.13323414E+04,9.99856758E+02,3.10000000E+04,1.00000000E+03,7.76994248E+06,1.63109352E+09
3.30000000E+01,1.00000000E+00,3.27872477E-02,1.39978122E+08,2.07815181E+03,1.82702415E-09,-0.00000000E+00,-0.00000000E+00,-7.85188840E-33,-2.56501581E-34,1.37827104E+09,4.18192502E+07,1.37846547E-01,4.18253103E-03,-1.37822692E+09,-4.18178838E+07,-1.04155145E+04,-3.62807710E+02,-0.00000000E+00,-0.00000000E+00,2.08322551E-38,6.49902841E-40,-0.00000000E+00,-0.00000000E+00,2.08322551E-38,6.49902842E-40,-7.75964151E+04,-2.39962909E+03,-7.68465209E+01,-2.53195552E+00,3.23321980E+04,9.99856605E+02,3.20000000E+04,1.00000000E+03,7.76994062E+06,1.63109352E+09
3.40000000E+01,1.00000000E+00,3.28614422E-02,1.39978089E+08,2.07809013E+03,1.34965834E-09,-0.00000000E+00,-0.00000000E+00,-8.10838576E-33,-2.56493968E-34,1.42009359E+09,4.18225475E+07,1.42029409E-01,4.18286181E-03,-1.42004810E+09,-4.18211811E+07,-1.07783415E+04,-3.62826156E+02,-0.00000000E+00,-0.00000000E+00,2.14821402E-38,6.49872526E-40,-0.00000000E+00,-0.00000000E+00,2.14821402E-38,6.49872526E-40,-7.99960439E+04,-2.39962872E+03,-7.93784448E+01,-2.53189035E+00,3.33320545E+04,9.99856454E+02,3.30000000E+04,1.00000000E+03,7.76993876E+06,1.63109352E+09
3.50000000E+01,1.00000000E+00,3.29353834E-02,1.39978055E+08,2.07802898E+03,9.97018758E-10,-0.00000000E+00,-0.00000000E+00,-8.36487554E-33,-2.56486420E-34,1.46191943E+09,4.18258417E+07,1.46212601E-01,4.18319228E-03,-1.46187258E+09,-4.18244753E+07,-1.11411867E+04,-3.62844452E+02,-0.00000000E+00,-0.00000000E+00,2.21319950E-38,6.49842393E-40,-0.00000000E+00,-0.00000000E+00,2.21319950E-38,6.49842393E-40,-8.23956722E+04,-2.39962835E+03,-8.19103038E+01,-2.53182574E+00,3.43319108E+04,9.99856304E+02,3.40000000E+04,1.00000000E+03,7.76993691E+06,1.63109352E+09
3.60000000E+01,1.00000000E+00,3.30090693E-02,1.39978022E+08,2.07796834E+03,7.36516949E-10,-0.00000000E+00,-0.00000000E+00,-8.62135781E-33,-2.56478936E-34,1.50374856E+09,4.18291328E+07,1.50396123E-01,4.18352244E-03,-1.50370035E+09,-4.18277665E+07,-1.15040501E+04,-3.62862603E+02,-0.00000000E+00,-0.00000000E+00,2.27818199E-38,6.49812441E-40,-0.00000000E+00,-0.00000000E+00,2.27818199E-38,6.49812441E-40,-8.47953002E+04,-2.39962798E+03,-8.44420984E+01,-2.53176167E+00,3.53317669E+04,9.99856155E+02,3.50000000E+04,1.00000000E+03,7.76993505E+06,1.63109352E+09
3.70000000E+01,1.00000000E+00,3.30824983E-02,1.39977988E+08,2.07790820E+03,5.44079162E-10,-0.00000000E+00,-0.00000000E+00,-8.87783263E-33,-2.56471513E-34,1.54558099E+09,4.18324209E+07,1.54579976E-01,4.18385230E-03,-1.54553140E+09,-4.18310545E+07,-1.18669314E+04,-3.62880612E+02,-0.00000000E+00,-0.00000000E+00,2.34316148E-38,6.49782668E-40,-0.00000000E+00,-0.00000000E+00,2.34316149E-38,6.49782669E-40,-8.71949278E+04,-2.39962762E+03,-8.69738293E+01,-2.53169813E+00,3.63316230E+04,9.99856008E+02,3.60000000E+04,1.00000000E+03,7.76993320E+06,1.63109352E+09
3.80000000E+01,1.00000000E+00,3.31556690E-02,1.39977955E+08,2.07784855E+03,4.01921623E-10,-0.00000000E+00,-0.00000000E+00,-9.13430006E-33,-2.56464150E-34,1.58741669E+09,4.18357060E+07,1.58764158E-01,4.18418185E-03,-1.58736574E+09,-4.18343396E+07,-1.22298307E+04,-3.62898482E+02,-0.00000000E+00,-0.00000000E+00,2.40813801E-38,6.49753072E-40,-0.00000000E+00,-0.00000000E+00,2.40813802E-38,6.49753073E-40,-8.95945551E+04,-2.39962726E+03,-8.95054968E+01,-2.53163511E+00,3.73314788E+04,9.99855861E+02,3.70000000E+04,1.00000000E+03,7.76993134E+06,1.63109352E+09
3.90000000E+01,1.00000000E+00,3.32285800E-02,1.39977922E+08,2.07778937E+03,2.96907100E-10,-0.00000000E+00,-0.00000000E+00,-9.39076016E-33,-2.56456845E-34,1.62925568E+09,4.18389880E+07,1.62948669E-01,4.18451109E-03,-1.62920336E+09,-4.18376215E+07,-1.25927476E+04,-3.62916216E+02,-0.00000000E+00,-0.00000000E+00,2.47311160E-38,6.49723653E-40,-0.00000000E+00,-0.00000000E+00,2.47311160E-38,6.49723654E-40,-9.19941820E+04,-2.39962690E+03,-9.20371016E+01,-2.53157260E+00,3.83313345E+04,9.99855716E+02,3.80000000E+04,1.00000000E+03,7.76992949E+06,1.63109352E+09
4.00000000E+01,1.00000000E+00,3.33023292E-02,1.39977888E+08,2.07773066E+03,2.19330851E-10,-0.00000000E+00,-0.00000000E+00,-9.64721299E-33,-2.56449599E-34,1.67109795E+09,4.18422669E+07,1.67133509E-01,4.18484003E-03,-1.67104426E+09,-4.18409005E+07,-1.29556822E+04,-3.62933816E+02,-0.00000000E+00,-0.00000000E+00,2.53808225E-38,6.49694407E-40,-0.00000000E+00,-0.00000000E+00,2.53808225E-38,6.49694408E-40,-9.43938085E+04,-2.39962655E+03,-9.45686441E+01,-2.53151058E+00,3.93311901E+04,9.99855572E+02,3.90000000E+04,1.00000000E+03,7.76992764E+06,1.63109352E+09
4.10000000E+01,1.00000000E+00,3.33789332E-02,1.39977855E+08,2.07767240E+03,1.62023793E-10,-0.00000000E+00,-0.00000000E+00,-9.90365860E-33,-2.56442408E-34,1.71294349E+09,4.18455429E+07,1.71318677E-01,4.18516867E-03,-1.71288844E+09,-4.18441764E+07,-1.33186342E+04,-3.62951287E+02,-0.00000000E+00,-0.00000000E+00,2.60304998E-38,6.49665334E-40,-0.00000000E+00,-0.00000000E+00,2.60304998E-38,6.49665335E-40,-9.67934347E+04,-2.39962619E+03,-9.71001249E+01,-2.53144904E+00,4.03310455E+04,9.99855428E+02,4.00000000E+04,1.00000000E+03,7.76992579E+06,1.63109352E+09
4.20000000E+01,1.00000000E+00,3.34555948E-02,1.39977822E+08,2.07761458E+03,1.19689980E-10,-0.00000000E+00,-0.00000000E+00,-1.01600971E-32,-2.56435272E-34,1.75479231E+09,4.18488158E+07,1.75504174E-01,4.18549701E-03,-1.75473589E+09,-4.18474494E+07,-1.36816036E+04,-3.62968630E+02,-0.00000000E+00,-0.00000000E+00,2.66801482E-38,6.49636432E-40,-0.00000000E+00,-0.00000000E+00,2.66801482E-38,6.49636433E-40,-9.91930605E+04,-2.39962584E+03,-9.96315443E+01,-2.53138797E+00,4.13309008E+04,9.99855286E+02,4.10000000E+04,1.00000000E+03,7.76992394E+06,1.63109352E+09
4.30000000E+01,1.00000000E+00,3.35321294E-02,1.39977788E+08,2.07755720E+03,8.84171935E-11,-0.00000000E+00,-0.00000000E+00,-1.04165284E-32,-2.56428189E-34,1.79664439E+09,4.18520858E+07,1.79689999E-01,4.18582505E-03,-1.79658661E+09,-4.18507193E+07,-1.40445901E+04,-3.62985847E+02,-0.00000000E+00,-0.00000000E+00,2.73297678E-38,6.49607699E-40,-0.00000000E+00,-0.00000000E+00,2.73297678E-38,6.49607700E-40,-1.01592686E+05,-2.39962549E+03,-1.02162903E+02,-2.53132737E+00,4.23307560E+04,9.99855145E+02,4.20000000E+04,1.00000000E+03,7.76992209E+06,1.63109352E+09
4.40000000E+01,1.00000000E+00,3.36085348E-02,1.39977755E+08,2.07750024E+03,6.53153992E-11,-0.00000000E+00,-0.00000000E+00,-1.06729527E-32,-2.56421159E-34,1.83849974E+09,4.18553528E+07,1.83876152E-01,4.18615280E-03,-1.83844059E+09,-4.18539863E+07,-1.44075938E+04,-3.63002942E+02,-0.00000000E+00,-0.00000000E+00,2.79793587E-38,6.49579134E-40,-0.00000000E+00,-0.00000000E+00,2.79793588E-38,6.49579135E-40,-1.03992311E+05,-2.39962515E+03,-1.04694201E+02,-2.53126721E+00,4.33306110E+04,9.99855005E+02,4.30000000E+04,1.00000000E+03,7.76992024E+06,1.63109352E+09
4.50000000E+01,1.00000000E+00,3.36848088E-02,1.39977722E+08,2.07744370E+03,4.82496731E-11,-0.00000000E+00,-0.00000000E+00,-1.09293700E-32,-2.56414181E-34,1.88035836E+09,4.18586168E+07,1.88062632E-01,4.18648024E-03,-1.88029784E+09,-4.18572503E+07,-1.47706144E+04,-3.63019917E+02,-0.00000000E+00,-0.00000000E+00,2.86289212E-38,6.49550735E-40,-0.00000000E+00,-0.00000000E+00,2.86289212E-38,6.49550736E-40,-1.06391936E+05,-2.39962481E+03,-1.07225439E+02,-2.53120750E+00,4.43304658E+04,9.99854866E+02,4.40000000E+04,1.00000000E+03,7.76991840E+06,1.63109352E+09
4.60000000E+01,1.00000000E+00,3.37609493E-02,1.39977688E+08,2.07738757E+03,3.56429052E-11,-0.00000000E+00,-0.00000000E+00,-1.11857803E-32,-2.56407252E-34,1.92222024E+09,4.18618779E+07,1.92249440E-01,4.18680739E-03,-1.92215835E+09,-4.18605114E+07,-1.51336519E+04,-3.63036774E+02,-0.00000000E+00,-0.00000000E+00,2.92784554E-38,6.49522500E-40,-0.00000000E+00,-0.00000000E+00,2.92784554E-38,6.49522501E-40,-1.08791560E+05,-2.39962447E+03,-1.09756618E+02,-2.53114822E+00,4.53303206E+04,9.99854727E+02,4.50000000E+04,1.00000000E+03,7.76991655E+06,1.63109352E+09
4.70000000E+01,1.00000000E+00,3.38369545E-02,1.39977655E+08,2.07733184E+03,2.63300538E-11,-0.00000000E+00,-0.00000000E+00,-1.14421838E-32,-2.56400374E-34,1.96408537E+09,4.18651360E+07,1.96436574E-01,4.18713425E-03,-1.96402212E+09,-4.18637695E+07,-1.54967061E+04,-3.63053515E+02,-0.00000000E+00,-0.00000000E+00,2.99279614E-38,6.49494428E-40,-0.00000000E+00,-0.00000000E+00,2.99279615E-38,6.49494429E-40,-1.11191185E+05,-2.39962413E+03,-1.12287738E+02,-2.53108937E+00,4.63301751E+04,9.99854590E+02,4.60000000E+04,1.00000000E+03,7.76991470E+06,1.63109352E+09
4.80000000E+01,1.00000000E+00,3.39128222E-02,1.39977622E+08,2.07727650E+03,1.94504803E-11,-0.00000000E+00,-0.00000000E+00,-1.16985803E-32,-2.56393543E-34,2.00595377E+09,4.18683912E+07,2.00624035E-01,4.18746081E-03,-2.00588915E+09,-4.18670247E+07,-1.58597770E+04,-3.63070143E+02,-0.00000000E+00,-0.00000000E+00,3.05774395E-38,6.49466518E-40,-0.00000000E+00,-0.00000000E+00,3.05774395E-38,6.49466519E-40,-1.13590808E+05,-2.39962379E+03,-1.14818799E+02,-2.53103093E+00,4.73300296E+04,9.99854453E+02,4.70000000E+04,1.00000000E+03,7.76991286E+06,1.63109352E+09
4.90000000E+01,1.00000000E+00,3.39885507E-02,1.39977589E+08,2.07722155E+03,1.43684144E-11,-0.00000000E+00,-0.00000000E+00,-1.19549701E-32,-2.56386760E-34,2.04782541E+09,4.18716435E+07,2.04811822E-01,4.18778708E-03,-2.04775943E+09,-4.18702769E+07,-1.62228643E+04,-3.63086658E+02,-0.00000000E+00,-0.00000000E+00,3.12268897E-38,6.49438767E-40,-0.00000000E+00,-0.00000000E+00,3.12268898E-38,6.49438768E-40,-1.15990432E+05,-2.39962346E+03,-1.17349802E+02,-2.53097290E+00,4.83298839E+04,9.99854318E+02,4.80000000E+04,1.00000000E+03,7.76991102E+06,1.63109352E+09
5.00000000E+01,1.00000000E+00,3.40641382E-02,1.39977556E+08,2.07716697E+03,1.06142006E-11,-0.00000000E+00,-0.00000000E+00,-1.22113532E-32,-2.56380024E-34,2.08970030E+09,4.18748928E+07,2.08999935E-01,4.18811306E-03,-2.08963295E+09,-4.18735263E+07,-1.65859680E+04,-3.63103064E+02,-0.00000000E+00,-0.00000000E+00,3.18763123E-38,6.49411175E-40,-0.00000000E+00,-0.00000000E+00,3.18763124E-38,6.49411176E-40,-1.18390055E+05,-2.39962313E+03,-1.19880746E+02,-2.53091527E+00,4.93297381E+04,9.99854183E+02,4.90000000E+04,1.00000000E+03,7.76990917E+06,1.63109352E+09
