Time [d],dt_flow [d],dt_tran [d],Global Water Mass in Liquid Phas [kg],Global Vaq [mol],Global Vim [mol],Top Water Mass [kg],Top Water Mass [kg/d],Top Vaq [mol],Top Vaq [mol/d],Right Water Mass [kg],Right Water Mass [kg/d],Right Vaq [mol],Right Vaq [mol/d],Left Water Mass [kg],Left Water Mass [kg/d],Left Vaq [mol],Left Vaq [mol/d],North Water Mass [kg],North Water Mass [kg/d],North Vaq [mol],North Vaq [mol/d],South Water Mass [kg],South Water Mass [kg/d],South Vaq [mol],South Vaq [mol/d],ExtractWell Water Mass [kg],ExtractWell Water Mass [kg/d],ExtractWell Vaq [mol],ExtractWell Vaq [mol/d],InjectWell Water Mass [kg],InjectWell Water Mass [kg/d],InjectWell Vaq [mol],InjectWell Vaq [mol/d],Region Region__all Water Mass [kg],Region Region__all Total Mass [kg]
1.00000000E+00,4.89000000E-01,1.05000000E-01,1.39977740E+08,1.04116117E-02,2.97108677E-05,-0.00000000E+00,-0.00000000E+00,2.71926406E-40,4.42909641E-40,9.25376873E+05,9.24685233E+05,9.25523805E-05,9.24832055E-05,-9.27935755E+05,-9.28568211E+05,-7.81584977E-05,-6.89824036E-05,-0.00000000E+00,-0.00000000E+00,2.70240299E-40,4.40165859E-40,-0.00000000E+00,-0.00000000E+00,2.70240299E-40,4.40165859E-40,-8.08069094E+02,-1.22620500E+03,-6.50007773E-08,-9.13445110E-08,3.36695459E+03,5.10918754E+03,3.36749000E-07,5.11000000E-07,7.76991939E+06,1.63109144E+09
2.00000000E+00,4.88000000E-01,1.04000000E-01,1.39977740E+08,8.46985066E+03,2.19902709E-05,-0.00000000E+00,-0.00000000E+00,-6.01233513E-34,-1.04541984E-33,1.84812114E+06,9.22744265E+05,1.84841458E-04,9.22890779E-05,-1.85827881E+06,-9.30343090E+05,-1.36961568E-04,-5.11543876E-05,-0.00000000E+00,-0.00000000E+00,8.99049787E-40,7.68440386E-40,-0.00000000E+00,-0.00000000E+00,8.99049786E-40,7.68440386E-40,-3.20768749E+03,-2.39961839E+03,-4.24024958E+01,-9.37788733E+01,1.33653647E+04,9.99841007E+03,1.00000000E+04,1.00000000E+04,7.76991939E+06,1.63109991E+09
3.00000000E+00,1.00000000E+00,4.00000000E-02,1.39977740E+08,1.46301186E+04,1.62796728E-05,-0.00000000E+00,-0.00000000E+00,-2.08635292E-33,-1.80577291E-33,2.77086548E+06,9.22744337E+05,2.77130543E-04,9.22890851E-05,-2.78862197E+06,-9.30343161E+05,-1.80455712E-04,-3.78702361E-05,-0.00000000E+00,-0.00000000E+00,1.80672752E-39,1.00967929E-39,-0.00000000E+00,-0.00000000E+00,1.80672752E-39,1.00967929E-39,-5.60730588E+03,-2.39961839E+03,-2.07202369E+02,-2.19260685E+02,2.33637747E+04,9.99841007E+03,2.00000000E+04,1.00000000E+04,7.76991939E+06,1.63110607E+09
4.00000000E+00,1.00000000E+00,4.00000000E-02,1.39977740E+08,1.90992892E+04,1.20520455E-05,-0.00000000E+00,-0.00000000E+00,-4.21110812E-33,-2.35739626E-33,3.69360988E+06,9.22744408E+05,3.69419636E-04,9.22890922E-05,-3.71896520E+06,-9.30343232E+05,-2.12654973E-04,-2.80358118E-05,-0.00000000E+00,-0.00000000E+00,2.91881718E-39,1.18711169E-39,-0.00000000E+00,-0.00000000E+00,2.91881718E-39,1.18711169E-39,-8.00692428E+03,-2.39961839E+03,-4.80320714E+02,-3.10998289E+02,3.33621848E+04,9.99841007E+03,3.00000000E+04,1.00000000E+04,7.76991939E+06,1.63111054E+09
5.00000000E+00,1.00000000E+00,4.00000000E-02,1.39977739E+08,2.23477880E+04,8.92228013E-06,-0.00000000E+00,-0.00000000E+00,-6.80025832E-33,-2.75835382E-33,4.61635436E+06,9.22744479E+05,4.61708735E-04,9.22890993E-05,-4.64930851E+06,-9.30343302E+05,-2.36492490E-04,-2.07552639E-05,-0.00000000E+00,-0.00000000E+00,4.18124944E-39,1.31760851E-39,-0.00000000E+00,-0.00000000E+00,4.18124944E-39,1.31760851E-39,-1.04065427E+04,-2.39961839E+03,-8.24965617E+02,-3.67463437E+02,4.33605949E+04,9.99841007E+03,4.00000000E+04,1.00000000E+04,7.76991938E+06,1.63111379E+09
6.00000000E+00,1.00000000E+00,4.00000000E-02,1.39977739E+08,2.47174293E+04,6.60527564E-06,-0.00000000E+00,-0.00000000E+00,-9.72757712E-33,-3.05083526E-33,5.53909891E+06,9.22744549E+05,5.53997841E-04,9.22891063E-05,-5.57965188E+06,-9.30343372E+05,-2.54139704E-04,-1.53653827E-05,-0.00000000E+00,-0.00000000E+00,5.55425218E-39,1.41358131E-39,-0.00000000E+00,-0.00000000E+00,5.55425218E-39,1.41358131E-39,-1.28061611E+04,-2.39961839E+03,-1.21166968E+03,-3.99499209E+02,5.33590049E+04,9.99841007E+03,5.00000000E+04,1.00000000E+04,7.76991938E+06,1.63111616E+09
7.00000000E+00,1.00000000E+00,4.00000000E-02,1.39977739E+08,2.64522200E+04,4.88996823E-06,-0.00000000E+00,-0.00000000E+00,-1.29020510E-32,-3.26495800E-33,6.46184353E+06,9.22744619E+05,6.46286955E-04,9.22891133E-05,-6.50999532E+06,-9.30343442E+05,-2.67204159E-04,-1.13751864E-05,-0.00000000E+00,-0.00000000E+00,7.00857118E-39,1.48416060E-39,-0.00000000E+00,-0.00000000E+00,7.00857117E-39,1.48416060E-39,-1.52057795E+04,-2.39961839E+03,-1.62163910E+03,-4.16849589E+02,6.33574150E+04,9.99841007E+03,6.00000000E+04,1.00000000E+04,7.76991938E+06,1.63111789E+09
8.00000000E+00,1.00000000E+00,4.00000000E-02,1.39977739E+08,2.77129605E+04,3.63304551E-06,-0.00000000E+00,-0.00000000E+00,-1.62629901E-32,-3.42056939E-33,7.38458822E+06,9.22744688E+05,7.38576075E-04,9.22891202E-05,-7.44033883E+06,-9.30343511E+05,-2.76777379E-04,-8.45130323E-06,-0.00000000E+00,-0.00000000E+00,8.52441330E-39,1.53552448E-39,-0.00000000E+00,-0.00000000E+00,8.52441330E-39,1.53552448E-39,-1.76053979E+04,-2.39961839E+03,-2.04425081E+03,-4.25812619E+02,7.33558251E+04,9.99841007E+03,7.00000000E+04,1.00000000E+04,7.76991938E+06,1.63111916E+09
9.00000000E+00,1.00000000E+00,1.04000000E-01,1.39977739E+08,2.86438459E+04,2.69982830E-06,-0.00000000E+00,-0.00000000E+00,-1.97547107E-32,-3.53546725E-33,8.30733297E+06,9.22744757E+05,8.30865202E-04,9.22891271E-05,-8.37068241E+06,-9.30343579E+05,-2.83885158E-04,-6.28047622E-06,-0.00000000E+00,-0.00000000E+00,1.00834044E-38,1.57340967E-39,-0.00000000E+00,-0.00000000E+00,1.00834044E-38,1.57340967E-39,-2.00050162E+04,-2.39961839E+03,-2.47309868E+03,-4.30507091E+02,8.33542351E+04,9.99841007E+03,8.00000000E+04,1.00000000E+04,7.76991938E+06,1.63112009E+09
1.00000000E+01,1.00000000E+00,2.32000000E-01,1.39977739E+08,2.93306074E+04,2.00865237E-06,-0.00000000E+00,-0.00000000E+00,-2.33437710E-32,-3.62023324E-33,9.23007780E+06,9.22744825E+05,9.23154336E-04,9.22891340E-05,-9.30102606E+06,-9.30343647E+05,-2.89149624E-04,-4.67293422E-06,-0.00000000E+00,-0.00000000E+00,1.16744439E-38,1.60128222E-39,-0.00000000E+00,-0.00000000E+00,1.16744439E-38,1.60128222E-39,-2.24046346E+04,-2.39961839E+03,-2.90520324E+03,-4.32927798E+02,9.33526452E+04,9.99841006E+03,9.00000000E+04,1.00000000E+04,7.76991938E+06,1.63112077E+09
1.10000000E+01,1.00000000E+00,2.32000000E-01,1.39977739E+08,2.98401904E+04,1.49442256E-06,-0.00000000E+00,-0.00000000E+00,-2.70037661E-32,-3.68313035E-33,1.01528227E+07,9.22744893E+05,1.01544348E-03,9.22891407E-05,-1.02313698E+07,-9.30343715E+05,-2.93067200E-04,-3.47801215E-06,-0.00000000E+00,-0.00000000E+00,1.32887563E-38,1.62188269E-39,-0.00000000E+00,-0.00000000E+00,1.32887563E-38,1.62188269E-39,-2.48042530E+04,-2.39961839E+03,-3.33895824E+03,-4.34180330E+02,1.03351055E+05,9.99841006E+03,1.00000000E+05,1.00000000E+04,7.76991937E+06,1.63112128E+09
1.20000000E+01,1.00000000E+00,2.32000000E-01,1.39977739E+08,3.02186139E+04,1.11183938E-06,-0.00000000E+00,-0.00000000E+00,-3.07164216E-32,-3.72983862E-33,1.10755677E+07,9.22744960E+05,1.10773262E-03,9.22891475E-05,-1.11617136E+07,-9.30343782E+05,-2.95985163E-04,-2.59271146E-06,-0.00000000E+00,-0.00000000E+00,1.49202691E-38,1.63710773E-39,-0.00000000E+00,-0.00000000E+00,1.49202691E-38,1.63710773E-39,-2.72038714E+04,-2.39961839E+03,-3.77356439E+03,-4.34824740E+02,1.13349465E+05,9.99841006E+03,1.10000000E+05,1.00000000E+04,7.76991937E+06,1.63112166E+09
1.30000000E+01,1.00000000E+00,2.32000000E-01,1.39977739E+08,3.04997976E+04,8.27200311E-07,-0.00000000E+00,-0.00000000E+00,-3.44681974E-32,-3.76454472E-33,1.19983127E+07,9.22745027E+05,1.20002178E-03,9.22891542E-05,-1.20920574E+07,-9.30343848E+05,-2.98166964E-04,-1.94489849E-06,-0.00000000E+00,-0.00000000E+00,1.65644939E-38,1.64835948E-39,-0.00000000E+00,-0.00000000E+00,1.65644939E-38,1.64835948E-39,-2.96034898E+04,-2.39961839E+03,-4.20860741E+03,-4.35154950E+02,1.23347875E+05,9.99841006E+03,1.20000000E+05,1.00000000E+04,7.76991937E+06,1.63112194E+09
1.40000000E+01,1.00000000E+00,2.32000000E-01,1.39977739E+08,3.07088118E+04,6.15430941E-07,-0.00000000E+00,-0.00000000E+00,-3.82490481E-32,-3.79034304E-33,1.29210578E+07,9.22745093E+05,1.29231094E-03,9.22891608E-05,-1.30224013E+07,-9.30343914E+05,-2.99821104E-04,-1.49058971E-06,-0.00000000E+00,-0.00000000E+00,1.82181128E-38,1.65667449E-39,-0.00000000E+00,-0.00000000E+00,1.82181128E-38,1.65667449E-39,-3.20031082E+04,-2.39961839E+03,-4.64387394E+03,-4.35323692E+02,1.33346285E+05,9.99841006E+03,1.30000000E+05,1.00000000E+04,7.76991937E+06,1.63112215E+09
1.50000000E+01,1.00000000E+00,2.32000000E-01,1.39977739E+08,3.08642226E+04,4.57876088E-07,-0.00000000E+00,-0.00000000E+00,-4.20515150E-32,-3.80952518E-33,1.38438029E+07,9.22745159E+05,1.38460011E-03,9.22891674E-05,-1.39527453E+07,-9.30343980E+05,-3.01129922E-04,-1.21555431E-06,-0.00000000E+00,-0.00000000E+00,1.98786739E-38,1.66281898E-39,-0.00000000E+00,-0.00000000E+00,1.98786739E-38,1.66281898E-39,-3.44027266E+04,-2.39961839E+03,-5.07925455E+03,-4.35409765E+02,1.43344696E+05,9.99841006E+03,1.40000000E+05,1.00000000E+04,7.76991937E+06,1.63112231E+09
1.60000000E+01,1.00000000E+00,2.32000000E-01,1.39977739E+08,3.09797991E+04,3.40656438E-07,-0.00000000E+00,-0.00000000E+00,-4.58700563E-32,-3.82379062E-33,1.47665482E+07,9.22745224E+05,1.47688928E-03,9.22891739E-05,-1.48830893E+07,-9.30344045E+05,-3.02282527E-04,-1.14103157E-06,-0.00000000E+00,-0.00000000E+00,2.15443648E-38,1.66735931E-39,-0.00000000E+00,-0.00000000E+00,2.15443648E-38,1.66735931E-39,-3.68023450E+04,-2.39961839E+03,-5.51469332E+03,-4.35453622E+02,1.53343106E+05,9.99841006E+03,1.50000000E+05,1.00000000E+04,7.76991937E+06,1.63112242E+09
1.70000000E+01,1.00000000E+00,2.32000000E-01,1.39977739E+08,3.10657628E+04,2.53445882E-07,-0.00000000E+00,-0.00000000E+00,-4.97005529E-32,-3.83440099E-33,1.56892934E+07,9.22745289E+05,1.56917846E-03,9.22891804E-05,-1.58134335E+07,-9.30344110E+05,-3.03515566E-04,-1.33279015E-06,-0.00000000E+00,-0.00000000E+00,2.32138462E-38,1.67071413E-39,-0.00000000E+00,-0.00000000E+00,2.32138462E-38,1.67071413E-39,-3.92019634E+04,-2.39961839E+03,-5.95016172E+03,-4.35475955E+02,1.63341516E+05,9.99841005E+03,1.60000000E+05,1.00000000E+04,7.76991936E+06,1.63112251E+09
1.80000000E+01,1.00000000E+00,2.32000000E-01,1.39977739E+08,3.11297067E+04,1.88561870E-07,-0.00000000E+00,-0.00000000E+00,-5.35399421E-32,-3.84229349E-33,1.66120388E+07,9.22745353E+05,1.66146765E-03,9.22891869E-05,-1.67437776E+07,-9.30344174E+05,-3.05164304E-04,-1.91197221E-06,-0.00000000E+00,-0.00000000E+00,2.48861282E-38,1.67319287E-39,-0.00000000E+00,-0.00000000E+00,2.48861282E-38,1.67319287E-39,-4.16015818E+04,-2.39961839E+03,-6.38564519E+03,-4.35487326E+02,1.73339926E+05,9.99841005E+03,1.70000000E+05,1.00000000E+04,7.76991936E+06,1.63112257E+09
1.90000000E+01,1.00000000E+00,2.32000000E-01,1.39977739E+08,3.11772741E+04,1.40288645E-07,-0.00000000E+00,-0.00000000E+00,-5.73859462E-32,-3.84816467E-33,1.75347842E+07,9.22745417E+05,1.75375684E-03,9.22891933E-05,-1.76741219E+07,-9.30344237E+05,-3.07724414E-04,-3.06539908E-06,-0.00000000E+00,-0.00000000E+00,2.65604795E-38,1.67502422E-39,-0.00000000E+00,-0.00000000E+00,2.65604795E-38,1.67502422E-39,-4.40012001E+04,-2.39961839E+03,-6.82113635E+03,-4.35493116E+02,1.83338336E+05,9.99841005E+03,1.80000000E+05,1.00000000E+04,7.76991936E+06,1.63112262E+09
2.00000000E+01,1.00000000E+00,2.32000000E-01,1.39977739E+08,3.12126607E+04,1.04373721E-07,-0.00000000E+00,-0.00000000E+00,-6.12368713E-32,-3.85253239E-33,1.84575297E+07,9.22745480E+05,1.84604604E-03,9.22891996E-05,-1.86044662E+07,-9.30344301E+05,-3.11922278E-04,-5.05254567E-06,-0.00000000E+00,-0.00000000E+00,2.82363596E-38,1.67637719E-39,-0.00000000E+00,-0.00000000E+00,2.82363596E-38,1.67637719E-39,-4.64008185E+04,-2.39961839E+03,-7.25663142E+03,-4.35496064E+02,1.93336746E+05,9.99841005E+03,1.90000000E+05,1.00000000E+04,7.76991936E+06,1.63112266E+09
2.10000000E+01,1.00000000E+00,2.32000000E-01,1.39977739E+08,3.12389864E+04,7.76532814E-08,-0.00000000E+00,-0.00000000E+00,-6.50914573E-32,-3.85578173E-33,1.93802752E+07,9.22745543E+05,1.93833525E-03,9.22892059E-05,-1.95348105E+07,-9.30344363E+05,-3.18788744E-04,-8.20640434E-06,-0.00000000E+00,-0.00000000E+00,2.99133690E-38,1.67737670E-39,-0.00000000E+00,-0.00000000E+00,2.99133690E-38,1.67737670E-39,-4.88004369E+04,-2.39961839E+03,-7.69212847E+03,-4.35497565E+02,2.03335156E+05,9.99841005E+03,2.00000000E+05,1.00000000E+04,7.76991936E+06,1.63112268E+09
2.20000000E+01,1.00000000E+00,2.32000000E-01,1.39977739E+08,3.12585717E+04,5.77734707E-08,-0.00000000E+00,-0.00000000E+00,-6.89487668E-32,-3.85819912E-33,2.03030208E+07,9.22745606E+05,2.03062446E-03,9.22892122E-05,-2.04651550E+07,-9.30344426E+05,-3.29728850E-04,-1.29260903E-05,-0.00000000E+00,-0.00000000E+00,3.15912127E-38,1.67811505E-39,-0.00000000E+00,-0.00000000E+00,3.15912127E-38,1.67811505E-39,-5.12000553E+04,-2.39961839E+03,-8.12762654E+03,-4.35498329E+02,2.13333566E+05,9.99841005E+03,2.10000000E+05,1.00000000E+04,7.76991936E+06,1.63112270E+09
2.30000000E+01,1.00000000E+00,2.32000000E-01,1.39977739E+08,3.12731426E+04,4.29830376E-08,-0.00000000E+00,-0.00000000E+00,-7.28081026E-32,-3.85999758E-33,2.12257665E+07,9.22745668E+05,2.12291368E-03,9.22892184E-05,-2.13954994E+07,-9.30344487E+05,-3.46578523E-04,-1.96601693E-05,-0.00000000E+00,-0.00000000E+00,3.32696728E-38,1.67866045E-39,-0.00000000E+00,-0.00000000E+00,3.32696728E-38,1.67866045E-39,-5.35996737E+04,-2.39961839E+03,-8.56312513E+03,-4.35498717E+02,2.23331976E+05,9.99841005E+03,2.20000000E+05,1.00000000E+04,7.76991936E+06,1.63112272E+09
2.40000000E+01,1.00000000E+00,2.32000000E-01,1.39977739E+08,3.12839830E+04,3.19790641E-08,-0.00000000E+00,-0.00000000E+00,-7.66689458E-32,-3.86133560E-33,2.21485122E+07,9.22745729E+05,2.21520290E-03,9.22892246E-05,-2.23258440E+07,-9.30344549E+05,-3.71639142E-04,-2.88811422E-05,-0.00000000E+00,-0.00000000E+00,3.49485881E-38,1.67906330E-39,-0.00000000E+00,-0.00000000E+00,3.49485881E-38,1.67906330E-39,-5.59992921E+04,-2.39961839E+03,-8.99862398E+03,-4.35498913E+02,2.33330386E+05,9.99841005E+03,2.30000000E+05,1.00000000E+04,7.76991935E+06,1.63112273E+09
2.50000000E+01,1.00000000E+00,2.32000000E-01,1.39977739E+08,3.12920481E+04,2.37921886E-08,-0.00000000E+00,-0.00000000E+00,-8.05309105E-32,-3.86233106E-33,2.30712580E+07,9.22745790E+05,2.30749213E-03,9.22892307E-05,-2.32561886E+07,-9.30344609E+05,-4.07682151E-04,-4.10530028E-05,-0.00000000E+00,-0.00000000E+00,3.66278396E-38,1.67936084E-39,-0.00000000E+00,-0.00000000E+00,3.66278396E-38,1.67936084E-39,-5.83989105E+04,-2.39961839E+03,-9.43412295E+03,-4.35499011E+02,2.43328796E+05,9.99841004E+03,2.40000000E+05,1.00000000E+04,7.76991935E+06,1.63112273E+09
2.60000000E+01,1.00000000E+00,2.32000000E-01,1.39977739E+08,3.12980483E+04,1.77012135E-08,-0.00000000E+00,-0.00000000E+00,-8.43937096E-32,-3.86307167E-33,2.39940039E+07,9.22745851E+05,2.39978137E-03,9.22892367E-05,-2.41865333E+07,-9.30344670E+05,-4.57918641E-04,-5.65949963E-05,-0.00000000E+00,-0.00000000E+00,3.83073395E-38,1.67958060E-39,-0.00000000E+00,-0.00000000E+00,3.83073395E-38,1.67958060E-39,-6.07985289E+04,-2.39961839E+03,-9.86962200E+03,-4.35499059E+02,2.53327206E+05,9.99841004E+03,2.50000000E+05,1.00000000E+04,7.76991935E+06,1.63112274E+09
2.70000000E+01,1.00000000E+00,2.32000000E-01,1.39977739E+08,3.13025125E+04,1.31695727E-08,-0.00000000E+00,-0.00000000E+00,-8.82571295E-32,-3.86362267E-33,2.49167498E+07,9.22745911E+05,2.49207061E-03,9.22892428E-05,-2.51168780E+07,-9.30344730E+05,-5.25932413E-04,-7.58454358E-05,-0.00000000E+00,-0.00000000E+00,3.99870227E-38,1.67974289E-39,-0.00000000E+00,-0.00000000E+00,3.99870227E-38,1.67974289E-39,-6.31981472E+04,-2.39961839E+03,-1.03051211E+04,-4.35499081E+02,2.63325616E+05,9.99841004E+03,2.60000000E+05,1.00000000E+04,7.76991935E+06,1.63112274E+09
2.80000000E+01,1.00000000E+00,2.32000000E-01,1.39977739E+08,3.13058337E+04,9.79806534E-09,-0.00000000E+00,-0.00000000E+00,-9.21210113E-32,-3.86403261E-33,2.58394958E+07,9.22745970E+05,2.58435986E-03,9.22892487E-05,-2.60472228E+07,-9.30344789E+05,-6.15579004E-04,-9.90295564E-05,-0.00000000E+00,-0.00000000E+00,4.16668414E-38,1.67986274E-39,-0.00000000E+00,-0.00000000E+00,4.16668414E-38,1.67986274E-39,-6.55977656E+04,-2.39961839E+03,-1.07406202E+04,-4.35499090E+02,2.73324026E+05,9.99841004E+03,2.70000000E+05,1.00000000E+04,7.76991935E+06,1.63112275E+09
2.90000000E+01,1.00000000E+00,2.32000000E-01,1.39977739E+08,3.13083047E+04,7.28968860E-09,-0.00000000E+00,-0.00000000E+00,-9.59852367E-32,-3.86433759E-33,2.67622418E+07,9.22746030E+05,2.67664912E-03,9.22892547E-05,-2.69775676E+07,-9.30344848E+05,-7.30856928E-04,-1.26234913E-04,-0.00000000E+00,-0.00000000E+00,4.33467601E-38,1.67995124E-39,-0.00000000E+00,-0.00000000E+00,4.33467601E-38,1.67995124E-39,-6.79973840E+04,-2.39961839E+03,-1.11761193E+04,-4.35499093E+02,2.83322436E+05,9.99841004E+03,2.80000000E+05,1.00000000E+04,7.76991935E+06,1.63112275E+09
3.00000000E+01,1.00000000E+00,2.32000000E-01,1.39977739E+08,3.13101430E+04,5.42347474E-09,-0.00000000E+00,-0.00000000E+00,-9.98497176E-32,-3.86456450E-33,2.76849879E+07,9.22746088E+05,2.76893838E-03,9.22892605E-05,-2.79079125E+07,-9.30344906E+05,-8.75760299E-04,-1.57396880E-04,-0.00000000E+00,-0.00000000E+00,4.50267527E-38,1.68001658E-39,-0.00000000E+00,-0.00000000E+00,4.50267527E-38,1.68001658E-39,-7.03970024E+04,-2.39961839E+03,-1.16116183E+04,-4.35499092E+02,2.93320846E+05,9.99841004E+03,2.90000000E+05,1.00000000E+04,7.76991934E+06,1.63112275E+09
3.10000000E+01,1.00000000E+00,2.32000000E-01,1.39977739E+08,3.13115107E+04,4.03502535E-09,-0.00000000E+00,-0.00000000E+00,-1.03714389E-31,-3.86473331E-33,2.86077340E+07,9.22746146E+05,2.86122764E-03,9.22892664E-05,-2.88382575E+07,-9.30344964E+05,-1.05412386E-03,-1.92295564E-04,-0.00000000E+00,-0.00000000E+00,4.67067998E-38,1.68006483E-39,-0.00000000E+00,-0.00000000E+00,4.67067998E-38,1.68006483E-39,-7.27966208E+04,-2.39961839E+03,-1.20471174E+04,-4.35499090E+02,3.03319256E+05,9.99841004E+03,3.00000000E+05,1.00000000E+04,7.76991934E+06,1.63112275E+09
3.20000000E+01,1.00000000E+00,2.32000000E-01,1.39977739E+08,3.13125283E+04,3.00202921E-09,-0.00000000E+00,-0.00000000E+00,-1.07579202E-31,-3.86485890E-33,2.95304802E+07,9.22746204E+05,2.95351691E-03,9.22892721E-05,-2.97686025E+07,-9.30345022E+05,-1.26947193E-03,-2.30564127E-04,-0.00000000E+00,-0.00000000E+00,4.83868872E-38,1.68010045E-39,-0.00000000E+00,-0.00000000E+00,4.83868872E-38,1.68010045E-39,-7.51962392E+04,-2.39961838E+03,-1.24826165E+04,-4.35499087E+02,3.13317666E+05,9.99841004E+03,3.10000000E+05,1.00000000E+04,7.76991934E+06,1.63112275E+09
3.30000000E+01,1.00000000E+00,2.32000000E-01,1.39977739E+08,3.13132853E+04,2.23348767E-09,-0.00000000E+00,-0.00000000E+00,-1.11444119E-31,-3.86495234E-33,3.04532265E+07,9.22746261E+05,3.04580619E-03,9.22892779E-05,-3.06989476E+07,-9.30345079E+05,-1.52488197E-03,-2.71707302E-04,-0.00000000E+00,-0.00000000E+00,5.00670043E-38,1.68012675E-39,-0.00000000E+00,-0.00000000E+00,5.00670043E-38,1.68012675E-39,-7.75958576E+04,-2.39961838E+03,-1.29181156E+04,-4.35499083E+02,3.23316076E+05,9.99841003E+03,3.20000000E+05,1.00000000E+04,7.76991934E+06,1.63112276E+09
3.40000000E+01,1.00000000E+00,2.32000000E-01,1.39977739E+08,3.13138484E+04,1.66169841E-09,-0.00000000E+00,-0.00000000E+00,-1.15309116E-31,-3.86502185E-33,3.13759728E+07,9.22746318E+05,3.13809548E-03,9.22892835E-05,-3.16292927E+07,-9.30345135E+05,-1.82287185E-03,-3.15127957E-04,-0.00000000E+00,-0.00000000E+00,5.17471433E-38,1.68014616E-39,-0.00000000E+00,-0.00000000E+00,5.17471433E-38,1.68014616E-39,-7.99954759E+04,-2.39961838E+03,-1.33536147E+04,-4.35499079E+02,3.33314486E+05,9.99841003E+03,3.30000000E+05,1.00000000E+04,7.76991934E+06,1.63112276E+09
3.50000000E+01,1.00000000E+00,2.32000000E-01,1.39977739E+08,3.13142674E+04,1.23629140E-09,-0.00000000E+00,-0.00000000E+00,-1.19174170E-31,-3.86507356E-33,3.22987192E+07,9.22746374E+05,3.23038477E-03,9.22892892E-05,-3.25596379E+07,-9.30345191E+05,-2.16531705E-03,-3.60158965E-04,-0.00000000E+00,-0.00000000E+00,5.34272985E-38,1.68016049E-39,-0.00000000E+00,-0.00000000E+00,5.34272985E-38,1.68016049E-39,-8.23950943E+04,-2.39961838E+03,-1.37891138E+04,-4.35499076E+02,3.43312896E+05,9.99841003E+03,3.40000000E+05,1.00000000E+04,7.76991934E+06,1.63112276E+09
3.60000000E+01,1.00000000E+00,2.32000000E-01,1.39977739E+08,3.13145790E+04,9.19791719E-10,-0.00000000E+00,-0.00000000E+00,-1.23039268E-31,-3.86511203E-33,3.32214656E+07,9.22746430E+05,3.32267406E-03,9.22892948E-05,-3.34899832E+07,-9.30345247E+05,-2.55340142E-03,-4.06097435E-04,-0.00000000E+00,-0.00000000E+00,5.51074657E-38,1.68017107E-39,-0.00000000E+00,-0.00000000E+00,5.51074657E-38,1.68017107E-39,-8.47947127E+04,-2.39961838E+03,-1.42246128E+04,-4.35499072E+02,3.53311306E+05,9.99841003E+03,3.50000000E+05,1.00000000E+04,7.76991934E+06,1.63112276E+09
3.70000000E+01,1.00000000E+00,2.32000000E-01,1.39977739E+08,3.13148109E+04,6.84318279E-10,-0.00000000E+00,-0.00000000E+00,-1.26904398E-31,-3.86514065E-33,3.41442121E+07,9.22746485E+05,3.41496336E-03,9.22893003E-05,-3.44203285E+07,-9.30345302E+05,-2.98760218E-03,-4.52238496E-04,-0.00000000E+00,-0.00000000E+00,5.67876417E-38,1.68017887E-39,-0.00000000E+00,-0.00000000E+00,5.67876417E-38,1.68017887E-39,-8.71943311E+04,-2.39961838E+03,-1.46601119E+04,-4.35499068E+02,3.63309716E+05,9.99841003E+03,3.60000000E+05,1.00000000E+04,7.76991933E+06,1.63112276E+09
3.80000000E+01,1.00000000E+00,2.32000000E-01,1.39977739E+08,3.13149833E+04,5.09127770E-10,-0.00000000E+00,-0.00000000E+00,-1.30769552E-31,-3.86516193E-33,3.50669586E+07,9.22746540E+05,3.50725267E-03,9.22893058E-05,-3.53506738E+07,-9.30345356E+05,-3.46770701E-03,-4.97906199E-04,-0.00000000E+00,-0.00000000E+00,5.84678242E-38,1.68018463E-39,-0.00000000E+00,-0.00000000E+00,5.84678242E-38,1.68018463E-39,-8.95939495E+04,-2.39961838E+03,-1.50956110E+04,-4.35499064E+02,3.73308126E+05,9.99841003E+03,3.70000000E+05,1.00000000E+04,7.76991933E+06,1.63112276E+09
3.90000000E+01,1.00000000E+00,2.32000000E-01,1.39977739E+08,3.13151116E+04,3.78787319E-10,-0.00000000E+00,-0.00000000E+00,-1.34634724E-31,-3.86517776E-33,3.59897052E+07,9.22746594E+05,3.59954198E-03,9.22893112E-05,-3.62810192E+07,-9.30345410E+05,-3.99285936E-03,-5.42479715E-04,-0.00000000E+00,-0.00000000E+00,6.01480116E-38,1.68018889E-39,-0.00000000E+00,-0.00000000E+00,6.01480116E-38,1.68018889E-39,-9.19935679E+04,-2.39961838E+03,-1.55311100E+04,-4.35499061E+02,3.83306537E+05,9.99841003E+03,3.80000000E+05,1.00000000E+04,7.76991933E+06,1.63112276E+09
4.00000000E+01,1.00000000E+00,2.32000000E-01,1.39977739E+08,3.13152070E+04,2.81814982E-10,-0.00000000E+00,-0.00000000E+00,-1.38499910E-31,-3.86518954E-33,3.69124519E+07,9.22746648E+05,3.69183129E-03,9.22893166E-05,-3.72113647E+07,-9.30345464E+05,-4.56162643E-03,-5.85413642E-04,-0.00000000E+00,-0.00000000E+00,6.18282024E-38,1.68019202E-39,-0.00000000E+00,-0.00000000E+00,6.18282024E-38,1.68019202E-39,-9.43931862E+04,-2.39961838E+03,-1.59666091E+04,-4.35499057E+02,3.93304947E+05,9.99841003E+03,3.90000000E+05,1.00000000E+04,7.76991933E+06,1.63112276E+09
4.10000000E+01,1.00000000E+00,2.32000000E-01,1.39977738E+08,3.13152780E+04,2.09668275E-10,-0.00000000E+00,-0.00000000E+00,-1.42365105E-31,-3.86519829E-33,3.78351986E+07,9.22746701E+05,3.78412062E-03,9.22893220E-05,-3.81417102E+07,-9.30345517E+05,-5.17208355E-03,-6.26251873E-04,-0.00000000E+00,-0.00000000E+00,6.35083959E-38,1.68019434E-39,-0.00000000E+00,-0.00000000E+00,6.35083959E-38,1.68019434E-39,-9.67928046E+04,-2.39961838E+03,-1.64021082E+04,-4.35499054E+02,4.03303357E+05,9.99841003E+03,4.00000000E+05,1.00000000E+04,7.76991933E+06,1.63112276E+09
4.20000000E+01,1.00000000E+00,2.32000000E-01,1.39977738E+08,3.13153307E+04,1.55991656E-10,-0.00000000E+00,-0.00000000E+00,-1.46230307E-31,-3.86520481E-33,3.87579453E+07,9.22746754E+05,3.87640994E-03,9.22893273E-05,-3.90720558E+07,-9.30345570E+05,-5.82190855E-03,-6.64635112E-04,-0.00000000E+00,-0.00000000E+00,6.51885913E-38,1.68019604E-39,-0.00000000E+00,-0.00000000E+00,6.51885913E-38,1.68019604E-39,-9.91924230E+04,-2.39961838E+03,-1.68376072E+04,-4.35499051E+02,4.13301767E+05,9.99841003E+03,4.10000000E+05,1.00000000E+04,7.76991933E+06,1.63112276E+09
4.30000000E+01,1.00000000E+00,2.32000000E-01,1.39977738E+08,3.13153699E+04,1.16056646E-10,-0.00000000E+00,-0.00000000E+00,-1.50095515E-31,-3.86520965E-33,3.96806921E+07,9.22746807E+05,3.96869928E-03,9.22893325E-05,-4.00024014E+07,-9.30345622E+05,-6.50847995E-03,-7.00302518E-04,-0.00000000E+00,-0.00000000E+00,6.68687882E-38,1.68019730E-39,-0.00000000E+00,-0.00000000E+00,6.68687882E-38,1.68019730E-39,-1.01592041E+05,-2.39961838E+03,-1.72731063E+04,-4.35499047E+02,4.23300177E+05,9.99841003E+03,4.20000000E+05,1.00000000E+04,7.76991933E+06,1.63112276E+09
4.40000000E+01,1.00000000E+00,2.32000000E-01,1.39977738E+08,3.13153991E+04,8.63452913E-11,-0.00000000E+00,-0.00000000E+00,-1.53960727E-31,-3.86521324E-33,4.06034390E+07,9.22746859E+05,4.06098861E-03,9.22893377E-05,-4.09327471E+07,-9.30345674E+05,-7.22897381E-03,-7.33088364E-04,-0.00000000E+00,-0.00000000E+00,6.85489860E-38,1.68019823E-39,-0.00000000E+00,-0.00000000E+00,6.85489860E-38,1.68019823E-39,-1.03991660E+05,-2.39961838E+03,-1.77086053E+04,-4.35499044E+02,4.33298587E+05,9.99841002E+03,4.30000000E+05,1.00000000E+04,7.76991933E+06,1.63112276E+09
4.50000000E+01,1.00000000E+00,2.32000000E-01,1.39977738E+08,3.13154207E+04,6.42402622E-11,-0.00000000E+00,-0.00000000E+00,-1.57825942E-31,-3.86521592E-33,4.15261859E+07,9.22746910E+05,4.15327796E-03,9.22893429E-05,-4.18630928E+07,-9.30345725E+05,-7.98045461E-03,-7.62914732E-04,-0.00000000E+00,-0.00000000E+00,7.02291847E-38,1.68019891E-39,-0.00000000E+00,-0.00000000E+00,7.02291847E-38,1.68019891E-39,-1.06391278E+05,-2.39961838E+03,-1.81441043E+04,-4.35499041E+02,4.43296997E+05,9.99841002E+03,4.40000000E+05,1.00000000E+04,7.76991932E+06,1.63112276E+09
4.60000000E+01,1.00000000E+00,2.32000000E-01,1.39977738E+08,3.13154368E+04,4.77942829E-11,-0.00000000E+00,-0.00000000E+00,-1.61691159E-31,-3.86521791E-33,4.24489329E+07,9.22746961E+05,4.24556730E-03,9.22893480E-05,-4.27934386E+07,-9.30345776E+05,-8.75995707E-03,-7.89781377E-04,-0.00000000E+00,-0.00000000E+00,7.19093839E-38,1.68019942E-39,-0.00000000E+00,-0.00000000E+00,7.19093839E-38,1.68019942E-39,-1.08790897E+05,-2.39961838E+03,-1.85796034E+04,-4.35499038E+02,4.53295407E+05,9.99841002E+03,4.50000000E+05,1.00000000E+04,7.76991932E+06,1.63112276E+09
4.70000000E+01,1.00000000E+00,2.32000000E-01,1.39977738E+08,3.13154488E+04,3.55585953E-11,-0.00000000E+00,-0.00000000E+00,-1.65556378E-31,-3.86521938E-33,4.33716799E+07,9.22747012E+05,4.33785666E-03,9.22893531E-05,-4.37237844E+07,-9.30345826E+05,-9.56455669E-03,-8.13753838E-04,-0.00000000E+00,-0.00000000E+00,7.35895836E-38,1.68019979E-39,-0.00000000E+00,-0.00000000E+00,7.35895836E-38,1.68019979E-39,-1.11190515E+05,-2.39961838E+03,-1.90151024E+04,-4.35499035E+02,4.63293817E+05,9.99841002E+03,4.60000000E+05,1.00000000E+04,7.76991932E+06,1.63112276E+09
4.80000000E+01,1.00000000E+00,2.32000000E-01,1.39977738E+08,3.13154577E+04,2.64553335E-11,-0.00000000E+00,-0.00000000E+00,-1.69421598E-31,-3.86522048E-33,4.42944269E+07,9.22747062E+05,4.43014602E-03,9.22893581E-05,-4.46541303E+07,-9.30345876E+05,-1.03914279E-02,-8.34950775E-04,-0.00000000E+00,-0.00000000E+00,7.52697836E-38,1.68020006E-39,-0.00000000E+00,-0.00000000E+00,7.52697836E-38,1.68020006E-39,-1.13590133E+05,-2.39961838E+03,-1.94506015E+04,-4.35499032E+02,4.73292227E+05,9.99841002E+03,4.70000000E+05,1.00000000E+04,7.76991932E+06,1.63112276E+09
4.90000000E+01,1.00000000E+00,2.32000000E-01,1.39977738E+08,3.13154643E+04,1.96825737E-11,-0.00000000E+00,-0.00000000E+00,-1.73286819E-31,-3.86522129E-33,4.52171741E+07,9.22747111E+05,4.52243538E-03,9.22893631E-05,-4.55844762E+07,-9.30345925E+05,-1.12378893E-02,-8.53531352E-04,-0.00000000E+00,-0.00000000E+00,7.69499837E-38,1.68020026E-39,-0.00000000E+00,-0.00000000E+00,7.69499837E-38,1.68020026E-39,-1.15989752E+05,-2.39961838E+03,-1.98861005E+04,-4.35499029E+02,4.83290637E+05,9.99841002E+03,4.80000000E+05,1.00000000E+04,7.76991932E+06,1.63112276E+09
5.00000000E+01,1.00000000E+00,2.32000000E-01,1.39977738E+08,3.13154692E+04,1.46436902E-11,-0.00000000E+00,-0.00000000E+00,-1.77152040E-31,-3.86522190E-33,4.61399212E+07,9.22747160E+05,4.61472475E-03,9.22893680E-05,-4.65148222E+07,-9.30345974E+05,-1.21014372E-02,-8.69683316E-04,-0.00000000E+00,-0.00000000E+00,7.86301841E-38,1.68020041E-39,-0.00000000E+00,-0.00000000E+00,7.86301841E-38,1.68020041E-39,-1.18389370E+05,-2.39961838E+03,-2.03215995E+04,-4.35499026E+02,4.93289047E+05,9.99841002E+03,4.90000000E+05,1.00000000E+04,7.76991932E+06,1.63112276E+09
