Time [d],dt_flow [d],dt_tran [d],Global Water Mass in Liquid Phas [kg],Global Vaq [mol],Global Vim [mol],Top Water Mass [kg],Top Water Mass [kg/d],Top Vaq [mol],Top Vaq [mol/d],Right Water Mass [kg],Right Water Mass [kg/d],Right Vaq [mol],Right Vaq [mol/d],Left Water Mass [kg],Left Water Mass [kg/d],Left Vaq [mol],Left Vaq [mol/d],North Water Mass [kg],North Water Mass [kg/d],North Vaq [mol],North Vaq [mol/d],South Water Mass [kg],South Water Mass [kg/d],South Vaq [mol],South Vaq [mol/d],ExtractWell Water Mass [kg],ExtractWell Water Mass [kg/d],ExtractWell Vaq [mol],ExtractWell Vaq [mol/d],InjectWell Water Mass [kg],InjectWell Water Mass [kg/d],InjectWell Vaq [mol],InjectWell Vaq [mol/d],Region Region__all Water Mass [kg],Region Region__all Total Mass [kg]
1.00000000E+00,4.89000000E-01,1.05000000E-01,1.39977957E+08,1.04922403E-02,2.97108677E-05,-0.00000000E+00,-0.00000000E+00,2.67198473E-40,4.32957774E-40,6.77559403E+06,6.77485014E+06,6.77664867E-04,6.77590468E-04,-6.77815460E+06,-6.77873478E+06,-5.70943180E-04,-5.03585344E-04,-0.00000000E+00,-0.00000000E+00,2.65541724E-40,4.30275784E-40,-0.00000000E+00,-0.00000000E+00,2.65541724E-40,4.30275784E-40,-8.08070350E+02,-1.22620690E+03,-6.49606471E-08,-9.12335567E-08,3.36696044E+03,5.10919640E+03,3.36749000E-07,5.11000000E-07,7.76993146E+06,1.63109144E+09
2.00000000E+00,4.88000000E-01,1.04000000E-01,1.39977955E+08,8.49786867E+03,2.19801284E-05,-0.00000000E+00,-0.00000000E+00,-5.97572308E-34,-1.04887806E-33,1.35483505E+07,6.77276294E+06,1.35504594E-03,6.77381720E-04,-1.35585114E+07,-6.78036335E+06,-1.00006670E-03,-3.72660927E-04,-0.00000000E+00,-0.00000000E+00,8.72684530E-40,7.38822914E-40,-0.00000000E+00,-0.00000000E+00,8.72684529E-40,7.38822914E-40,-3.20769245E+03,-2.39962209E+03,-2.34444688E+01,-6.02102403E+01,1.33653878E+04,9.99842730E+03,1.00000000E+04,1.00000000E+04,7.76993137E+06,1.63109994E+09
3.00000000E+00,1.00000000E+00,4.00000000E-02,1.39977954E+08,1.47031008E+04,1.62721641E-05,-0.00000000E+00,-0.00000000E+00,-2.08878500E-33,-1.81478100E-33,2.03211383E+07,6.77278782E+06,2.03243015E-03,6.77384213E-04,-2.03388996E+07,-6.78038816E+06,-1.32882409E-03,-3.31180560E-04,-0.00000000E+00,-0.00000000E+00,1.73712080E-39,9.55028754E-40,-0.00000000E+00,-0.00000000E+00,1.73712080E-39,9.55028754E-40,-5.60731451E+03,-2.39962206E+03,-1.28202620E+02,-1.31649879E+02,2.33638150E+04,9.99842720E+03,2.00000000E+04,1.00000000E+04,7.76993129E+06,1.63110615E+09
4.00000000E+00,1.00000000E+00,4.00000000E-02,1.39977952E+08,1.92632001E+04,1.20464868E-05,-0.00000000E+00,-0.00000000E+00,-4.22831046E-33,-2.37762754E-33,2.70939497E+07,6.77281144E+06,2.70981673E-03,6.77386580E-04,-2.71193113E+07,-6.78041171E+06,-3.53800831E-03,-7.00070080E-03,-0.00000000E+00,-0.00000000E+00,2.78023615E-39,1.10657982E-39,-0.00000000E+00,-0.00000000E+00,2.78023615E-39,1.10657982E-39,-8.00693655E+03,-2.39962204E+03,-2.73841674E+02,-1.52293912E+02,3.33622421E+04,9.99842710E+03,3.00000000E+04,1.00000000E+04,7.76993120E+06,1.63111071E+09
5.00000000E+00,1.00000000E+00,4.00000000E-02,1.39977951E+08,2.26315471E+04,8.91816492E-06,-0.00000000E+00,-0.00000000E+00,-6.84571086E-33,-2.79337780E-33,3.38667835E+07,6.77283381E+06,3.38720555E-03,6.77388821E-04,-3.38997453E+07,-6.78043400E+06,-6.89999939E-02,-1.74014116E-01,-0.00000000E+00,-0.00000000E+00,3.94839502E-39,1.21247548E-39,-0.00000000E+00,-0.00000000E+00,3.94839502E-39,1.21247548E-39,-1.04065586E+04,-2.39962202E+03,-4.28668319E+02,-1.55911417E+02,4.33606691E+04,9.99842701E+03,4.00000000E+04,1.00000000E+04,7.76993113E+06,1.63111407E+09
6.00000000E+00,1.00000000E+00,4.00000000E-02,1.39977950E+08,2.51233592E+04,6.60222911E-06,-0.00000000E+00,-0.00000000E+00,-9.81646252E-33,-3.10093861E-33,4.06396385E+07,6.77285494E+06,4.06459649E-03,6.77390939E-04,-4.06802003E+07,-6.78045505E+06,-8.65497404E-01,-1.71133886E+00,-0.00000000E+00,-0.00000000E+00,5.20376887E-39,1.28620747E-39,-0.00000000E+00,-0.00000000E+00,5.20376887E-39,1.28620747E-39,-1.28061806E+04,-2.39962200E+03,-5.84931149E+02,-1.56404688E+02,5.33590960E+04,9.99842693E+03,5.00000000E+04,1.00000000E+04,7.76993106E+06,1.63111657E+09
7.00000000E+00,1.00000000E+00,4.00000000E-02,1.39977949E+08,2.69546637E+04,4.89644113E-06,-0.00000000E+00,-0.00000000E+00,-1.30522749E-32,-3.32697391E-33,4.74125134E+07,6.77287488E+06,4.74198943E-03,6.77392938E-04,-4.74606753E+07,-6.78047492E+06,-6.09308408E+00,-9.15451628E+00,-0.00000000E+00,-0.00000000E+00,6.52055581E-39,1.33703160E-39,-0.00000000E+00,-0.00000000E+00,6.52055581E-39,1.33703160E-39,-1.52058025E+04,-2.39962198E+03,-7.41377656E+02,-1.56461796E+02,6.33575229E+04,9.99842686E+03,6.00000000E+04,1.00000000E+04,7.76993099E+06,1.63111840E+09
8.00000000E+00,1.00000000E+00,1.04000000E-01,1.39977947E+08,2.82918798E+04,3.63869660E-06,-0.00000000E+00,-0.00000000E+00,-1.64816132E-32,-3.49202457E-33,5.41854071E+07,6.77289372E+06,5.41938425E-03,6.77394827E-04,-5.42411690E+07,-6.78049369E+06,-2.65095294E+01,-3.03312202E+01,-0.00000000E+00,-0.00000000E+00,7.87939983E-39,1.37196209E-39,-0.00000000E+00,-0.00000000E+00,7.87939983E-39,1.37196209E-39,-1.76054245E+04,-2.39962196E+03,-8.97844224E+02,-1.56468092E+02,7.33559497E+04,9.99842680E+03,7.00000000E+04,1.00000000E+04,7.76993092E+06,1.63111973E+09
9.00000000E+00,1.00000000E+00,2.32000000E-01,1.39977946E+08,2.92544813E+04,2.70716347E-06,-0.00000000E+00,-0.00000000E+00,-2.00491199E-32,-3.61083711E-33,6.09583187E+07,6.77291158E+06,6.09678087E-03,6.77396617E-04,-6.10216804E+07,-6.78051149E+06,-7.96404593E+01,-7.01604104E+01,-0.00000000E+00,-0.00000000E+00,9.26668672E-39,1.39598567E-39,-0.00000000E+00,-0.00000000E+00,9.26668672E-39,1.39598567E-39,-2.00050465E+04,-2.39962195E+03,-1.05431278E+03,-1.56468639E+02,8.33543764E+04,9.99842673E+03,8.00000000E+04,1.00000000E+04,7.76993086E+06,1.63112070E+09
1.00000000E+01,1.00000000E+00,2.32000000E-01,1.39977945E+08,2.99286653E+04,2.01410973E-06,-0.00000000E+00,-0.00000000E+00,-2.37130779E-32,-3.69405067E-33,6.77312473E+07,6.77292859E+06,6.77417919E-03,6.77398323E-04,-6.78022089E+07,-6.78052845E+06,-1.82520005E+02,-1.25366444E+02,-0.00000000E+00,-0.00000000E+00,1.06732201E-38,1.41250796E-39,-0.00000000E+00,-0.00000000E+00,1.06732200E-38,1.41250796E-39,-2.24046684E+04,-2.39962193E+03,-1.21078136E+03,-1.56468512E+02,9.33528031E+04,9.99842667E+03,9.00000000E+04,1.00000000E+04,7.76993080E+06,1.63112137E+09
1.10000000E+01,1.00000000E+00,2.32000000E-01,1.39977944E+08,3.03801650E+04,1.49848284E-06,-0.00000000E+00,-0.00000000E+00,-2.74429222E-32,-3.74977864E-33,7.45041922E+07,6.77294491E+06,7.45157915E-03,6.77399959E-04,-7.45827536E+07,-6.78054473E+06,-3.45048655E+02,-1.86443021E+02,-0.00000000E+00,-0.00000000E+00,1.20929401E-38,1.42379524E-39,-0.00000000E+00,-0.00000000E+00,1.20929401E-38,1.42379524E-39,-2.48042903E+04,-2.39962192E+03,-1.36724976E+03,-1.56468309E+02,1.03351230E+05,9.99842662E+03,1.00000000E+05,1.00000000E+04,7.76993075E+06,1.63112182E+09
1.20000000E+01,1.00000000E+00,2.32000000E-01,1.39977943E+08,3.06667231E+04,1.11486022E-06,-0.00000000E+00,-0.00000000E+00,-3.12155750E-32,-3.78514810E-33,8.12771528E+07,6.77296068E+06,8.12898069E-03,6.77401540E-04,-8.13633141E+07,-6.78056046E+06,-5.66589403E+02,-2.42947859E+02,-0.00000000E+00,-0.00000000E+00,1.35216286E-38,1.43144541E-39,-0.00000000E+00,-0.00000000E+00,1.35216286E-38,1.43144541E-39,-2.72039122E+04,-2.39962190E+03,-1.52371795E+03,-1.56468105E+02,1.13349656E+05,9.99842656E+03,1.10000000E+05,1.00000000E+04,7.76993069E+06,1.63112211E+09
1.30000000E+01,1.00000000E+00,2.32000000E-01,1.39977942E+08,3.08382951E+04,8.29447808E-07,-0.00000000E+00,-0.00000000E+00,-3.50145163E-32,-3.80632498E-33,8.80501289E+07,6.77297603E+06,8.80638377E-03,6.77403080E-04,-8.81438899E+07,-6.78057578E+06,-8.38065446E+02,-2.88116330E+02,-0.00000000E+00,-0.00000000E+00,1.49563636E-38,1.43658193E-39,-0.00000000E+00,-0.00000000E+00,1.49563636E-38,1.43658193E-39,-2.96035341E+04,-2.39962189E+03,-1.68018594E+03,-1.56467906E+02,1.23348083E+05,9.99842650E+03,1.20000000E+05,1.00000000E+04,7.76993064E+06,1.63112228E+09
1.40000000E+01,1.00000000E+00,2.32000000E-01,1.39977941E+08,3.09350979E+04,6.17103073E-07,-0.00000000E+00,-0.00000000E+00,-3.88286782E-32,-3.81827321E-33,9.48231199E+07,6.77299107E+06,9.48378836E-03,6.77404588E-04,-9.49244807E+07,-6.78059080E+06,-1.14664754E+03,-3.20076349E+02,-0.00000000E+00,-0.00000000E+00,1.63951329E-38,1.43999236E-39,-0.00000000E+00,-0.00000000E+00,1.63951329E-38,1.43999236E-39,-3.20031560E+04,-2.39962188E+03,-1.83665374E+03,-1.56467712E+02,1.33346509E+05,9.99842644E+03,1.30000000E+05,1.00000000E+04,7.76993059E+06,1.63112238E+09
1.50000000E+01,1.00000000E+00,2.32000000E-01,1.39977940E+08,3.09866319E+04,4.59120151E-07,-0.00000000E+00,-0.00000000E+00,-4.26511515E-32,-3.82463398E-33,1.01596126E+08,6.77300589E+06,1.01611944E-02,6.77406075E-04,-1.01705086E+08,-6.78060560E+06,-1.47993244E+03,-3.40465960E+02,-0.00000000E+00,-0.00000000E+00,1.78365610E-38,1.44222698E-39,-0.00000000E+00,-0.00000000E+00,1.78365610E-38,1.44222698E-39,-3.44027778E+04,-2.39962186E+03,-1.99312134E+03,-1.56467522E+02,1.43344936E+05,9.99842638E+03,1.40000000E+05,1.00000000E+04,7.76993054E+06,1.63112243E+09
1.60000000E+01,1.00000000E+00,2.32000000E-01,1.39977940E+08,3.10125861E+04,3.41582018E-07,-0.00000000E+00,-0.00000000E+00,-4.64779139E-32,-3.82783747E-33,1.08369146E+08,6.77302055E+06,1.08386020E-02,6.77407546E-04,-1.08485707E+08,-6.78062026E+06,-1.82818341E+03,-3.52365516E+02,-0.00000000E+00,-0.00000000E+00,1.92797161E-38,1.44366868E-39,-0.00000000E+00,-0.00000000E+00,1.92797161E-38,1.44366868E-39,-3.68023997E+04,-2.39962185E+03,-2.14958876E+03,-1.56467335E+02,1.53343362E+05,9.99842633E+03,1.50000000E+05,1.00000000E+04,7.76993049E+06,1.63112245E+09
1.70000000E+01,1.00000000E+00,2.32000000E-01,1.39977939E+08,3.10249928E+04,2.54134511E-07,-0.00000000E+00,-0.00000000E+00,-5.03067748E-32,-3.82936881E-33,1.15142182E+08,6.77303512E+06,1.15160110E-02,6.77409007E-04,-1.15266341E+08,-6.78063482E+06,-2.18478975E+03,-3.58792804E+02,-0.00000000E+00,-0.00000000E+00,2.07239744E-38,1.44458242E-39,-0.00000000E+00,-0.00000000E+00,2.07239744E-38,1.44458242E-39,-3.92020215E+04,-2.39962183E+03,-2.30605599E+03,-1.56467150E+02,1.63341788E+05,9.99842627E+03,1.60000000E+05,1.00000000E+04,7.76993044E+06,1.63112247E+09
1.80000000E+01,1.00000000E+00,2.32000000E-01,1.39977938E+08,3.10306410E+04,1.89074209E-07,-0.00000000E+00,-0.00000000E+00,-5.41366120E-32,-3.83006596E-33,1.21915231E+08,6.77304961E+06,1.21934214E-02,6.77410461E-04,-1.22046991E+08,-6.78064931E+06,-2.54573881E+03,-3.62036604E+02,-0.00000000E+00,-0.00000000E+00,2.21689240E-38,1.44515006E-39,-0.00000000E+00,-0.00000000E+00,2.21689240E-38,1.44515006E-39,-4.16016433E+04,-2.39962182E+03,-2.46252303E+03,-1.56466966E+02,1.73340214E+05,9.99842621E+03,1.70000000E+05,1.00000000E+04,7.76993039E+06,1.63112247E+09
1.90000000E+01,1.00000000E+00,2.32000000E-01,1.39977937E+08,3.10330973E+04,1.40669822E-07,-0.00000000E+00,-0.00000000E+00,-5.79668826E-32,-3.83036914E-33,1.28688295E+08,6.77306406E+06,1.28708334E-02,6.77411910E-04,-1.28827654E+08,-6.78066375E+06,-2.90880726E+03,-3.63578723E+02,-0.00000000E+00,-0.00000000E+00,2.36142978E-38,1.44549497E-39,-0.00000000E+00,-0.00000000E+00,2.36142978E-38,1.44549497E-39,-4.40012651E+04,-2.39962181E+03,-2.61898990E+03,-1.56466783E+02,1.83338641E+05,9.99842615E+03,1.80000000E+05,1.00000000E+04,7.76993034E+06,1.63112248E+09
2.00000000E+01,1.00000000E+00,2.32000000E-01,1.39977936E+08,3.10341198E+04,1.04657313E-07,-0.00000000E+00,-0.00000000E+00,-6.17973374E-32,-3.83049534E-33,1.35461374E+08,6.77307847E+06,1.35482467E-02,6.77413356E-04,-1.35608333E+08,-6.78067816E+06,-3.27285414E+03,-3.64274274E+02,-0.00000000E+00,-0.00000000E+00,2.50599259E-38,1.44569958E-39,-0.00000000E+00,-0.00000000E+00,2.50599259E-38,1.44569958E-39,-4.64008869E+04,-2.39962179E+03,-2.77545657E+03,-1.56466601E+02,1.93337067E+05,9.99842610E+03,1.90000000E+05,1.00000000E+04,7.76993029E+06,1.63112248E+09
2.10000000E+01,1.00000000E+00,2.32000000E-01,1.39977935E+08,3.10345270E+04,7.78642721E-08,-0.00000000E+00,-0.00000000E+00,-6.56278670E-32,-3.83054561E-33,1.42234466E+08,6.77309286E+06,1.42256615E-02,6.77414799E-04,-1.42389025E+08,-6.78069255E+06,-3.63733129E+03,-3.64574021E+02,-0.00000000E+00,-0.00000000E+00,2.65057027E-38,1.44581788E-39,-0.00000000E+00,-0.00000000E+00,2.65057027E-38,1.44581788E-39,-4.88005087E+04,-2.39962178E+03,-2.93192307E+03,-1.56466419E+02,2.03335493E+05,9.99842604E+03,2.00000000E+05,1.00000000E+04,7.76993024E+06,1.63112248E+09
2.20000000E+01,1.00000000E+00,2.32000000E-01,1.39977934E+08,3.10346810E+04,5.79304462E-08,-0.00000000E+00,-0.00000000E+00,-6.94584257E-32,-3.83056461E-33,1.49007574E+08,6.77310723E+06,1.49030778E-02,6.77416241E-04,-1.49169732E+08,-6.78070692E+06,-4.00199003E+03,-3.64698511E+02,-0.00000000E+00,-0.00000000E+00,2.79515642E-38,1.44588445E-39,-0.00000000E+00,-0.00000000E+00,2.79515642E-38,1.44588445E-39,-5.12001305E+04,-2.39962176E+03,-3.08838939E+03,-1.56466237E+02,2.13333919E+05,9.99842598E+03,2.10000000E+05,1.00000000E+04,7.76993019E+06,1.63112248E+09
2.30000000E+01,1.00000000E+00,2.32000000E-01,1.39977933E+08,3.10347346E+04,4.30998262E-08,-0.00000000E+00,-0.00000000E+00,-7.32889949E-32,-3.83057123E-33,1.55780695E+08,6.77312159E+06,1.55804954E-02,6.77417681E-04,-1.55950453E+08,-6.78072128E+06,-4.36672316E+03,-3.64749050E+02,-0.00000000E+00,-0.00000000E+00,2.93974725E-38,1.44592082E-39,-0.00000000E+00,-0.00000000E+00,2.93974725E-38,1.44592082E-39,-5.35997522E+04,-2.39962175E+03,-3.24485552E+03,-1.56466055E+02,2.23332345E+05,9.99842592E+03,2.20000000E+05,1.00000000E+04,7.76993014E+06,1.63112248E+09
2.40000000E+01,1.00000000E+00,2.32000000E-01,1.39977932E+08,3.10347499E+04,3.20659539E-08,-0.00000000E+00,-0.00000000E+00,-7.71195675E-32,-3.83057312E-33,1.62553831E+08,6.77313593E+06,1.62579146E-02,6.77419120E-04,-1.62731189E+08,-6.78073562E+06,-4.73148648E+03,-3.64769700E+02,-0.00000000E+00,-0.00000000E+00,3.08434060E-38,1.44594006E-39,-0.00000000E+00,-0.00000000E+00,3.08434060E-38,1.44594006E-39,-5.59993740E+04,-2.39962174E+03,-3.40132147E+03,-1.56465874E+02,2.33330770E+05,9.99842587E+03,2.30000000E+05,1.00000000E+04,7.76993009E+06,1.63112248E+09
2.50000000E+01,1.00000000E+00,2.32000000E-01,1.39977932E+08,3.10347509E+04,2.38568341E-08,-0.00000000E+00,-0.00000000E+00,-8.09501407E-32,-3.83057325E-33,1.69326982E+08,6.77315027E+06,1.69353351E-02,6.77420558E-04,-1.69511939E+08,-6.78074995E+06,-5.09626251E+03,-3.64778727E+02,-0.00000000E+00,-0.00000000E+00,3.22893526E-38,1.44594986E-39,-0.00000000E+00,-0.00000000E+00,3.22893526E-38,1.44594986E-39,-5.83989957E+04,-2.39962172E+03,-3.55778725E+03,-1.56465693E+02,2.43329196E+05,9.99842581E+03,2.40000000E+05,1.00000000E+04,7.76993004E+06,1.63112248E+09
2.60000000E+01,1.00000000E+00,2.32000000E-01,1.39977931E+08,3.10347469E+04,1.77493092E-08,-0.00000000E+00,-0.00000000E+00,-8.47807137E-32,-3.83057275E-33,1.76100146E+08,6.77316459E+06,1.76127571E-02,6.77421995E-04,-1.76292703E+08,-6.78076428E+06,-5.46104458E+03,-3.64783390E+02,-0.00000000E+00,-0.00000000E+00,3.37353056E-38,1.44595459E-39,-0.00000000E+00,-0.00000000E+00,3.37353056E-38,1.44595459E-39,-6.07986174E+04,-2.39962171E+03,-3.71425284E+03,-1.56465511E+02,2.53327622E+05,9.99842575E+03,2.50000000E+05,1.00000000E+04,7.76993000E+06,1.63112248E+09
2.70000000E+01,1.00000000E+00,2.32000000E-01,1.39977930E+08,3.10347411E+04,1.32053556E-08,-0.00000000E+00,-0.00000000E+00,-8.86112860E-32,-3.83057203E-33,1.82873325E+08,6.77317890E+06,1.82901805E-02,6.77423430E-04,-1.83073482E+08,-6.78077859E+06,-5.82583021E+03,-3.64786466E+02,-0.00000000E+00,-0.00000000E+00,3.51812616E-38,1.44595669E-39,-0.00000000E+00,-0.00000000E+00,3.51812616E-38,1.44595669E-39,-6.31982391E+04,-2.39962169E+03,-3.87071824E+03,-1.56465330E+02,2.63326048E+05,9.99842569E+03,2.60000000E+05,1.00000000E+04,7.76992995E+06,1.63112248E+09
2.80000000E+01,1.00000000E+00,2.32000000E-01,1.39977929E+08,3.10347346E+04,9.82468752E-09,-0.00000000E+00,-0.00000000E+00,-9.24418575E-32,-3.83057123E-33,1.89646518E+08,6.77319321E+06,1.89676054E-02,6.77424865E-04,-1.89854275E+08,-6.78079289E+06,-6.19061854E+03,-3.64788982E+02,-0.00000000E+00,-0.00000000E+00,3.66272188E-38,1.44595745E-39,-0.00000000E+00,-0.00000000E+00,3.66272188E-38,1.44595745E-39,-6.55978608E+04,-2.39962168E+03,-4.02718347E+03,-1.56465149E+02,2.73324473E+05,9.99842564E+03,2.70000000E+05,1.00000000E+04,7.76992990E+06,1.63112248E+09
2.90000000E+01,1.00000000E+00,2.32000000E-01,1.39977928E+08,3.10347280E+04,7.30949531E-09,-0.00000000E+00,-0.00000000E+00,-9.62724283E-32,-3.83057042E-33,1.96419726E+08,6.77320750E+06,1.96450317E-02,6.77426299E-04,-1.96635082E+08,-6.78080718E+06,-6.55540925E+03,-3.64791305E+02,-0.00000000E+00,-0.00000000E+00,3.80731763E-38,1.44595755E-39,-0.00000000E+00,-0.00000000E+00,3.80731763E-38,1.44595755E-39,-6.79974824E+04,-2.39962167E+03,-4.18364852E+03,-1.56464968E+02,2.83322899E+05,9.99842558E+03,2.80000000E+05,1.00000000E+04,7.76992985E+06,1.63112248E+09
3.00000000E+01,1.00000000E+00,2.32000000E-01,1.39977927E+08,3.10347213E+04,5.43821079E-09,-0.00000000E+00,-0.00000000E+00,-1.00102998E-31,-3.83056959E-33,2.03192947E+08,6.77322178E+06,2.03224594E-02,6.77427731E-04,-2.03415903E+08,-6.78082146E+06,-6.92020223E+03,-3.64793563E+02,-0.00000000E+00,-0.00000000E+00,3.95191337E-38,1.44595733E-39,-0.00000000E+00,-0.00000000E+00,3.95191337E-38,1.44595733E-39,-7.03971041E+04,-2.39962165E+03,-4.34011338E+03,-1.56464786E+02,2.93321324E+05,9.99842552E+03,2.90000000E+05,1.00000000E+04,7.76992980E+06,1.63112248E+09
3.10000000E+01,1.00000000E+00,2.32000000E-01,1.39977926E+08,3.10347146E+04,4.04598886E-09,-0.00000000E+00,-0.00000000E+00,-1.03933567E-31,-3.83056876E-33,2.09966184E+08,6.77323605E+06,2.09998886E-02,6.77429163E-04,-2.10196739E+08,-6.78083573E+06,-7.28499746E+03,-3.64795800E+02,-0.00000000E+00,-0.00000000E+00,4.09650909E-38,1.44595697E-39,-0.00000000E+00,-0.00000000E+00,4.09650909E-38,1.44595697E-39,-7.27967257E+04,-2.39962164E+03,-4.49657807E+03,-1.56464605E+02,3.03319750E+05,9.99842546E+03,3.00000000E+05,1.00000000E+04,7.76992975E+06,1.63112248E+09
3.20000000E+01,1.00000000E+00,2.32000000E-01,1.39977925E+08,3.10347079E+04,3.01018598E-09,-0.00000000E+00,-0.00000000E+00,-1.07764136E-31,-3.83056794E-33,2.16739434E+08,6.77325031E+06,2.16773192E-02,6.77430594E-04,-2.16977589E+08,-6.78084999E+06,-7.64979492E+03,-3.64798030E+02,-0.00000000E+00,-0.00000000E+00,4.24110476E-38,1.44595655E-39,-0.00000000E+00,-0.00000000E+00,4.24110476E-38,1.44595655E-39,-7.51963474E+04,-2.39962163E+03,-4.65304257E+03,-1.56464424E+02,3.13318175E+05,9.99842541E+03,3.10000000E+05,1.00000000E+04,7.76992970E+06,1.63112248E+09
3.30000000E+01,1.00000000E+00,2.32000000E-01,1.39977925E+08,3.10347012E+04,2.23955625E-09,-0.00000000E+00,-0.00000000E+00,-1.11594703E-31,-3.83056711E-33,2.23512698E+08,6.77326456E+06,2.23547512E-02,6.77432023E-04,-2.23758453E+08,-6.78086424E+06,-8.01459461E+03,-3.64800258E+02,-0.00000000E+00,-0.00000000E+00,4.38570038E-38,1.44595610E-39,-0.00000000E+00,-0.00000000E+00,4.38570038E-38,1.44595610E-39,-7.75959690E+04,-2.39962161E+03,-4.80950689E+03,-1.56464243E+02,3.23316601E+05,9.99842535E+03,3.20000000E+05,1.00000000E+04,7.76992966E+06,1.63112248E+09
3.40000000E+01,1.00000000E+00,2.32000000E-01,1.39977924E+08,3.10346945E+04,1.66621339E-09,-0.00000000E+00,-0.00000000E+00,-1.15425270E-31,-3.83056628E-33,2.30285977E+08,6.77327880E+06,2.30321847E-02,6.77433452E-04,-2.30539332E+08,-6.78087848E+06,-8.37939653E+03,-3.64802484E+02,-0.00000000E+00,-0.00000000E+00,4.53029596E-38,1.44595563E-39,-0.00000000E+00,-0.00000000E+00,4.53029596E-38,1.44595563E-39,-7.99955906E+04,-2.39962160E+03,-4.96597103E+03,-1.56464063E+02,3.33315026E+05,9.99842529E+03,3.30000000E+05,1.00000000E+04,7.76992961E+06,1.63112248E+09
3.50000000E+01,1.00000000E+00,2.32000000E-01,1.39977923E+08,3.10346878E+04,1.23965051E-09,-0.00000000E+00,-0.00000000E+00,-1.19255835E-31,-3.83056545E-33,2.37059270E+08,6.77329304E+06,2.37096195E-02,6.77434879E-04,-2.37320224E+08,-6.78089271E+06,-8.74420067E+03,-3.64804710E+02,-0.00000000E+00,-0.00000000E+00,4.67489150E-38,1.44595517E-39,-0.00000000E+00,-0.00000000E+00,4.67489150E-38,1.44595517E-39,-8.23952122E+04,-2.39962158E+03,-5.12243499E+03,-1.56463882E+02,3.43313451E+05,9.99842524E+03,3.40000000E+05,1.00000000E+04,7.76992956E+06,1.63112248E+09
3.60000000E+01,1.00000000E+00,2.32000000E-01,1.39977922E+08,3.10346811E+04,9.22290872E-10,-0.00000000E+00,-0.00000000E+00,-1.23086400E-31,-3.83056463E-33,2.43832578E+08,6.77330726E+06,2.43870558E-02,6.77436306E-04,-2.44101131E+08,-6.78090693E+06,-9.10900704E+03,-3.64806935E+02,-0.00000000E+00,-0.00000000E+00,4.81948698E-38,1.44595470E-39,-0.00000000E+00,-0.00000000E+00,4.81948698E-38,1.44595470E-39,-8.47948337E+04,-2.39962157E+03,-5.27889877E+03,-1.56463701E+02,3.53311876E+05,9.99842518E+03,3.50000000E+05,1.00000000E+04,7.76992951E+06,1.63112248E+09
3.70000000E+01,1.00000000E+00,2.32000000E-01,1.39977921E+08,3.10346744E+04,6.86177631E-10,-0.00000000E+00,-0.00000000E+00,-1.26916964E-31,-3.83056380E-33,2.50605899E+08,6.77332147E+06,2.50644936E-02,6.77437732E-04,-2.50882053E+08,-6.78092115E+06,-9.47381563E+03,-3.64809159E+02,-0.00000000E+00,-0.00000000E+00,4.96408242E-38,1.44595424E-39,-0.00000000E+00,-0.00000000E+00,4.96408242E-38,1.44595424E-39,-8.71944553E+04,-2.39962156E+03,-5.43536237E+03,-1.56463520E+02,3.63310301E+05,9.99842512E+03,3.60000000E+05,1.00000000E+04,7.76992946E+06,1.63112248E+09
3.80000000E+01,1.00000000E+00,2.32000000E-01,1.39977920E+08,3.10346677E+04,5.10511114E-10,-0.00000000E+00,-0.00000000E+00,-1.30747528E-31,-3.83056297E-33,2.57379235E+08,6.77333567E+06,2.57419327E-02,6.77439156E-04,-2.57662988E+08,-6.78093535E+06,-9.83862645E+03,-3.64811383E+02,-0.00000000E+00,-0.00000000E+00,5.10867782E-38,1.44595378E-39,-0.00000000E+00,-0.00000000E+00,5.10867782E-38,1.44595378E-39,-8.95940768E+04,-2.39962154E+03,-5.59182579E+03,-1.56463339E+02,3.73308727E+05,9.99842506E+03,3.70000000E+05,1.00000000E+04,7.76992941E+06,1.63112248E+09
3.90000000E+01,1.00000000E+00,2.32000000E-01,1.39977919E+08,3.10346610E+04,3.79816517E-10,-0.00000000E+00,-0.00000000E+00,-1.34578090E-31,-3.83056215E-33,2.64152585E+08,6.77334986E+06,2.64193733E-02,6.77440580E-04,-2.64443937E+08,-6.78094954E+06,-1.02034395E+04,-3.64813607E+02,-0.00000000E+00,-0.00000000E+00,5.25327317E-38,1.44595332E-39,-0.00000000E+00,-0.00000000E+00,5.25327317E-38,1.44595332E-39,-9.19936983E+04,-2.39962153E+03,-5.74828902E+03,-1.56463159E+02,3.83307152E+05,9.99842501E+03,3.80000000E+05,1.00000000E+04,7.76992936E+06,1.63112248E+09
4.00000000E+01,1.00000000E+00,2.32000000E-01,1.39977918E+08,3.10346543E+04,2.82580697E-10,-0.00000000E+00,-0.00000000E+00,-1.38408652E-31,-3.83056132E-33,2.70925949E+08,6.77336405E+06,2.70968153E-02,6.77442003E-04,-2.71224901E+08,-6.78096372E+06,-1.05682547E+04,-3.64815829E+02,-0.00000000E+00,-0.00000000E+00,5.39786847E-38,1.44595286E-39,-0.00000000E+00,-0.00000000E+00,5.39786847E-38,1.44595286E-39,-9.43933199E+04,-2.39962152E+03,-5.90475208E+03,-1.56462978E+02,3.93305576E+05,9.99842495E+03,3.90000000E+05,1.00000000E+04,7.76992932E+06,1.63112248E+09
4.10000000E+01,1.00000000E+00,2.32000000E-01,1.39977918E+08,3.10346477E+04,2.10237962E-10,-0.00000000E+00,-0.00000000E+00,-1.42239213E-31,-3.83056050E-33,2.77699327E+08,6.77337822E+06,2.77742587E-02,6.77443424E-04,-2.78005879E+08,-6.78097789E+06,-1.09330722E+04,-3.64818051E+02,-0.00000000E+00,-0.00000000E+00,5.54246373E-38,1.44595241E-39,-0.00000000E+00,-0.00000000E+00,5.54246373E-38,1.44595241E-39,-9.67929414E+04,-2.39962150E+03,-6.06121496E+03,-1.56462798E+02,4.03304001E+05,9.99842489E+03,4.00000000E+05,1.00000000E+04,7.76992927E+06,1.63112248E+09
4.20000000E+01,1.00000000E+00,2.32000000E-01,1.39977917E+08,3.10346410E+04,1.56415499E-10,-0.00000000E+00,-0.00000000E+00,-1.46069773E-31,-3.83055967E-33,2.84472719E+08,6.77339238E+06,2.84517036E-02,6.77444845E-04,-2.84786871E+08,-6.78099206E+06,-1.12978919E+04,-3.64820273E+02,-0.00000000E+00,-0.00000000E+00,5.68705894E-38,1.44595196E-39,-0.00000000E+00,-0.00000000E+00,5.68705894E-38,1.44595196E-39,-9.91925629E+04,-2.39962149E+03,-6.21767765E+03,-1.56462617E+02,4.13302426E+05,9.99842483E+03,4.10000000E+05,1.00000000E+04,7.76992922E+06,1.63112248E+09
4.30000000E+01,1.00000000E+00,2.32000000E-01,1.39977916E+08,3.10346343E+04,1.16371981E-10,-0.00000000E+00,-0.00000000E+00,-1.49900332E-31,-3.83055885E-33,2.91246126E+08,6.77340654E+06,2.91291499E-02,6.77446265E-04,-2.91567877E+08,-6.78100621E+06,-1.16627139E+04,-3.64822494E+02,-0.00000000E+00,-0.00000000E+00,5.83165411E-38,1.44595151E-39,-0.00000000E+00,-0.00000000E+00,5.83165411E-38,1.44595151E-39,-1.01592184E+05,-2.39962147E+03,-6.37414017E+03,-1.56462436E+02,4.23300851E+05,9.99842478E+03,4.20000000E+05,1.00000000E+04,7.76992917E+06,1.63112248E+09
4.40000000E+01,1.00000000E+00,2.32000000E-01,1.39977915E+08,3.10346276E+04,8.65798989E-11,-0.00000000E+00,-0.00000000E+00,-1.53730890E-31,-3.83055802E-33,2.98019546E+08,6.77342068E+06,2.98065975E-02,6.77447684E-04,-2.98348898E+08,-6.78102035E+06,-1.20275380E+04,-3.64824715E+02,-0.00000000E+00,-0.00000000E+00,5.97624923E-38,1.44595107E-39,-0.00000000E+00,-0.00000000E+00,5.97624923E-38,1.44595107E-39,-1.03991806E+05,-2.39962146E+03,-6.53060250E+03,-1.56462256E+02,4.33299276E+05,9.99842472E+03,4.30000000E+05,1.00000000E+04,7.76992912E+06,1.63112248E+09
4.50000000E+01,1.00000000E+00,2.32000000E-01,1.39977914E+08,3.10346209E+04,6.44148085E-11,-0.00000000E+00,-0.00000000E+00,-1.57561448E-31,-3.83055720E-33,3.04792981E+08,6.77343482E+06,3.04840466E-02,6.77449102E-04,-3.05129932E+08,-6.78103449E+06,-1.23923644E+04,-3.64826935E+02,-0.00000000E+00,-0.00000000E+00,6.12084431E-38,1.44595063E-39,-0.00000000E+00,-0.00000000E+00,6.12084431E-38,1.44595063E-39,-1.06391427E+05,-2.39962145E+03,-6.68706465E+03,-1.56462076E+02,4.43297700E+05,9.99842466E+03,4.40000000E+05,1.00000000E+04,7.76992907E+06,1.63112248E+09
4.60000000E+01,1.00000000E+00,2.32000000E-01,1.39977913E+08,3.10346142E+04,4.79241441E-11,-0.00000000E+00,-0.00000000E+00,-1.61392004E-31,-3.83055637E-33,3.11566430E+08,6.77344894E+06,3.11614972E-02,6.77450519E-04,-3.11910981E+08,-6.78104861E+06,-1.27571930E+04,-3.64829154E+02,-0.00000000E+00,-0.00000000E+00,6.26543935E-38,1.44595019E-39,-0.00000000E+00,-0.00000000E+00,6.26543935E-38,1.44595019E-39,-1.08791049E+05,-2.39962143E+03,-6.84352663E+03,-1.56461895E+02,4.53296125E+05,9.99842461E+03,4.50000000E+05,1.00000000E+04,7.76992903E+06,1.63112248E+09
4.70000000E+01,1.00000000E+00,2.32000000E-01,1.39977912E+08,3.10346076E+04,3.56552110E-11,-0.00000000E+00,-0.00000000E+00,-1.65222560E-31,-3.83055555E-33,3.18339893E+08,6.77346306E+06,3.18389491E-02,6.77451935E-04,-3.18692043E+08,-6.78106273E+06,-1.31220238E+04,-3.64831373E+02,-0.00000000E+00,-0.00000000E+00,6.41003434E-38,1.44594975E-39,-0.00000000E+00,-0.00000000E+00,6.41003434E-38,1.44594975E-39,-1.11190670E+05,-2.39962142E+03,-6.99998842E+03,-1.56461715E+02,4.63294550E+05,9.99842455E+03,4.60000000E+05,1.00000000E+04,7.76992898E+06,1.63112248E+09
4.80000000E+01,1.00000000E+00,2.32000000E-01,1.39977911E+08,3.10346009E+04,2.65272150E-11,-0.00000000E+00,-0.00000000E+00,-1.69053115E-31,-3.83055472E-33,3.25113370E+08,6.77347716E+06,3.25164024E-02,6.77453350E-04,-3.25473120E+08,-6.78107683E+06,-1.34868568E+04,-3.64833591E+02,-0.00000000E+00,-0.00000000E+00,6.55462928E-38,1.44594931E-39,-0.00000000E+00,-0.00000000E+00,6.55462928E-38,1.44594931E-39,-1.13590291E+05,-2.39962140E+03,-7.15645003E+03,-1.56461535E+02,4.73292974E+05,9.99842449E+03,4.70000000E+05,1.00000000E+04,7.76992893E+06,1.63112248E+09
4.90000000E+01,1.00000000E+00,2.32000000E-01,1.39977911E+08,3.10345942E+04,1.97360530E-11,-0.00000000E+00,-0.00000000E+00,-1.72883669E-31,-3.83055390E-33,3.31886862E+08,6.77349126E+06,3.31938572E-02,6.77454764E-04,-3.32254211E+08,-6.78109093E+06,-1.38516920E+04,-3.64835808E+02,-0.00000000E+00,-0.00000000E+00,6.69922419E-38,1.44594888E-39,-0.00000000E+00,-0.00000000E+00,6.69922419E-38,1.44594888E-39,-1.15989913E+05,-2.39962139E+03,-7.31291147E+03,-1.56461355E+02,4.83291398E+05,9.99842443E+03,4.80000000E+05,1.00000000E+04,7.76992888E+06,1.63112248E+09
5.00000000E+01,1.00000000E+00,2.32000000E-01,1.39977910E+08,3.10345875E+04,1.46834784E-11,-0.00000000E+00,-0.00000000E+00,-1.76714223E-31,-3.83055307E-33,3.38660367E+08,6.77350535E+06,3.38713134E-02,6.77456177E-04,-3.39035316E+08,-6.78110502E+06,-1.42165295E+04,-3.64838025E+02,-0.00000000E+00,-0.00000000E+00,6.84381905E-38,1.44594845E-39,-0.00000000E+00,-0.00000000E+00,6.84381905E-38,1.44594845E-39,-1.18389534E+05,-2.39962138E+03,-7.46937272E+03,-1.56461174E+02,4.93289823E+05,9.99842438E+03,4.90000000E+05,1.00000000E+04,7.76992883E+06,1.63112248E+09
