Time [d],dt_flow [d],dt_tran [d],Global Water Mass in Liquid Phas [kg],Global Vaq [mol],Global Vim [mol],Top Water Mass [kg],Top Water Mass [kg/d],Top Vaq [mol],Top Vaq [mol/d],Right Water Mass [kg],Right Water Mass [kg/d],Right Vaq [mol],Right Vaq [mol/d],Left Water Mass [kg],Left Water Mass [kg/d],Left Vaq [mol],Left Vaq [mol/d],North Water Mass [kg],North Water Mass [kg/d],North Vaq [mol],North Vaq [mol/d],South Water Mass [kg],South Water Mass [kg/d],South Vaq [mol],South Vaq [mol/d],ExtractWell Water Mass [kg],ExtractWell Water Mass [kg/d],ExtractWell Vaq [mol],ExtractWell Vaq [mol/d],InjectWell Water Mass [kg],InjectWell Water Mass [kg/d],InjectWell Vaq [mol],InjectWell Vaq [mol/d],Region Region__all Water Mass [kg],Region Region__all Total Mass [kg]
1.00000000E+00,4.89000000E-01,1.05000000E-01,1.39977733E+08,1.04092147E-02,2.97108677E-05,-0.00000000E+00,-0.00000000E+00,2.72066944E-40,4.43205498E-40,7.51488309E+05,7.50735156E+05,7.51607701E-05,7.50854428E-05,-7.54047180E+05,-7.54618123E+05,-6.35117203E-05,-5.60598256E-05,-0.00000000E+00,-0.00000000E+00,2.70379959E-40,4.40459869E-40,-0.00000000E+00,-0.00000000E+00,2.70379959E-40,4.40459869E-40,-8.08069057E+02,-1.22620494E+03,-6.49147831E-08,-9.10951975E-08,3.36695448E+03,5.10918737E+03,3.36749000E-07,5.11000000E-07,7.76991903E+06,1.63109144E+09
2.00000000E+00,4.88000000E-01,1.04000000E-01,1.39977733E+08,8.50785653E+03,2.19902709E-05,-0.00000000E+00,-0.00000000E+00,-6.02902232E-34,-1.05011085E-33,1.50010988E+06,7.48621565E+05,1.50034821E-04,7.48740501E-05,-1.51026753E+06,-7.56220378E+05,-1.11309227E-04,-4.15803490E-05,-0.00000000E+00,-0.00000000E+00,8.99795722E-40,7.69335305E-40,-0.00000000E+00,-0.00000000E+00,8.99795722E-40,7.69335304E-40,-3.20768734E+03,-2.39961828E+03,-2.67370036E-01,-8.75348339E-01,1.33653642E+04,9.99840974E+03,1.00000000E+04,1.00000000E+04,7.76991903E+06,1.63109995E+09
3.00000000E+00,1.00000000E+00,4.00000000E-02,1.39977733E+08,1.47979443E+04,1.62796728E-05,-0.00000000E+00,-0.00000000E+00,-2.10076590E-33,-1.82648740E-33,2.24873149E+06,7.48621603E+05,2.24908875E-04,7.48740540E-05,-2.26648795E+06,-7.56220416E+05,-1.46663020E-04,-3.07824543E-05,-0.00000000E+00,-0.00000000E+00,1.80877153E-39,1.01131523E-39,-0.00000000E+00,-0.00000000E+00,1.80877153E-39,1.01131523E-39,-5.60730562E+03,-2.39961828E+03,-3.71168115E+00,-6.44678368E+00,2.33637740E+04,9.99840974E+03,2.00000000E+04,1.00000000E+04,7.76991903E+06,1.63110624E+09
4.00000000E+00,1.00000000E+00,4.00000000E-02,1.39977733E+08,1.94468641E+04,1.20520455E-05,-0.00000000E+00,-0.00000000E+00,-4.25825582E-33,-2.40029693E-33,2.99735313E+06,7.48621642E+05,2.99782933E-04,7.48740578E-05,-3.02270840E+06,-7.56220455E+05,-1.72835877E-04,-2.27886373E-05,-0.00000000E+00,-0.00000000E+00,2.92292176E-39,1.18951502E-39,-0.00000000E+00,-0.00000000E+00,2.92292176E-39,1.18951502E-39,-8.00692390E+03,-2.39961828E+03,-1.60787934E+01,-1.79464922E+01,3.33621837E+04,9.99840974E+03,3.00000000E+04,1.00000000E+04,7.76991903E+06,1.63111089E+09
5.00000000E+00,1.00000000E+00,4.00000000E-02,1.39977733E+08,2.28766932E+04,8.92228013E-06,-0.00000000E+00,-0.00000000E+00,-6.90282291E-33,-2.82363583E-33,3.74597481E+06,7.48621680E+05,3.74656994E-04,7.48740616E-05,-3.77892890E+06,-7.56220493E+05,-1.92211971E-04,-1.68707142E-05,-0.00000000E+00,-0.00000000E+00,4.18816512E-39,1.32074194E-39,-0.00000000E+00,-0.00000000E+00,4.18816512E-39,1.32074194E-39,-1.04065422E+04,-2.39961828E+03,-4.22642333E+01,-3.32045144E+01,4.33605934E+04,9.99840974E+03,4.00000000E+04,1.00000000E+04,7.76991903E+06,1.63111432E+09
6.00000000E+00,1.00000000E+00,4.00000000E-02,1.39977733E+08,2.54022754E+04,6.60527564E-06,-0.00000000E+00,-0.00000000E+00,-9.90637615E-33,-3.13536484E-33,4.49459653E+06,7.48621718E+05,4.49531060E-04,7.48740654E-05,-4.53514943E+06,-7.56220530E+05,-2.06556337E-04,-1.24896014E-05,-0.00000000E+00,-0.00000000E+00,5.56467231E-39,1.41737516E-39,-0.00000000E+00,-0.00000000E+00,5.56467231E-39,1.41737516E-39,-1.28061605E+04,-2.39961828E+03,-8.43852868E+01,-4.92892924E+01,5.33590032E+04,9.99840973E+03,5.00000000E+04,1.00000000E+04,7.76991903E+06,1.63111684E+09
7.00000000E+00,1.00000000E+00,4.00000000E-02,1.39977733E+08,2.72588685E+04,4.88996823E-06,-0.00000000E+00,-0.00000000E+00,-1.31740289E-32,-3.36452147E-33,5.24321828E+06,7.48621755E+05,5.24405129E-04,7.48740692E-05,-5.29136999E+06,-7.56220568E+05,-2.17175650E-04,-9.24620870E-06,-0.00000000E+00,-0.00000000E+00,7.02311102E-39,1.48853215E-39,-0.00000000E+00,-0.00000000E+00,7.02311102E-39,1.48853215E-39,-1.52057787E+04,-2.39961828E+03,-1.41981260E+02,-6.40282711E+01,6.33574129E+04,9.99840973E+03,6.00000000E+04,1.00000000E+04,7.76991902E+06,1.63111870E+09
8.00000000E+00,1.00000000E+00,1.04000000E-01,1.39977733E+08,2.86067931E+04,3.63388638E-06,-0.00000000E+00,-0.00000000E+00,-1.66416302E-32,-3.53089387E-33,5.99184007E+06,7.48621793E+05,5.99279202E-04,7.48740729E-05,-6.04759060E+06,-7.56220605E+05,-2.24951940E-04,-6.87114353E-06,-0.00000000E+00,-0.00000000E+00,8.54373507E-39,1.54035098E-39,-0.00000000E+00,-0.00000000E+00,8.54373507E-39,1.54035098E-39,-1.76053970E+04,-2.39961828E+03,-2.13473111E+02,-7.62043953E+01,7.33558226E+04,9.99840973E+03,7.00000000E+04,1.00000000E+04,7.76991902E+06,1.63112005E+09
9.00000000E+00,1.00000000E+00,2.32000000E-01,1.39977733E+08,2.95962220E+04,2.70358470E-06,-0.00000000E+00,-0.00000000E+00,-2.02497923E-32,-3.65301767E-33,6.74046190E+06,7.48621830E+05,6.74153279E-04,7.48740767E-05,-6.80381124E+06,-7.56220642E+05,-2.30711355E-04,-5.11208042E-06,-0.00000000E+00,-0.00000000E+00,1.01082284E-38,1.57852614E-39,-0.00000000E+00,-0.00000000E+00,1.01082284E-38,1.57852614E-39,-2.00050153E+04,-2.39961828E+03,-2.95642995E+02,-8.56677985E+01,8.33542324E+04,9.99840973E+03,8.00000000E+04,1.00000000E+04,7.76991902E+06,1.63112104E+09
1.00000000E+01,1.00000000E+00,2.32000000E-01,1.39977733E+08,3.03257226E+04,2.01144710E-06,-0.00000000E+00,-0.00000000E+00,-2.39597797E-32,-3.74305889E-33,7.48908377E+06,7.48621867E+05,7.49027359E-04,7.48740804E-05,-7.56003192E+06,-7.56220679E+05,-2.34996317E-04,-3.80335048E-06,-0.00000000E+00,-0.00000000E+00,1.17046221E-38,1.60677911E-39,-0.00000000E+00,-0.00000000E+00,1.17046221E-38,1.60677911E-39,-2.24046336E+04,-2.39961828E+03,-3.85774424E+02,-9.27138583E+01,9.33526421E+04,9.99840973E+03,9.00000000E+04,1.00000000E+04,7.76991902E+06,1.63112177E+09
1.10000000E+01,1.00000000E+00,2.32000000E-01,1.39977733E+08,3.08636397E+04,1.49650183E-06,-0.00000000E+00,-0.00000000E+00,-2.77448454E-32,-3.80945324E-33,8.23770567E+06,7.48621904E+05,8.23901443E-04,7.48740841E-05,-8.31625264E+06,-7.56220716E+05,-2.38184298E-04,-2.82966557E-06,-0.00000000E+00,-0.00000000E+00,1.33246245E-38,1.62768820E-39,-0.00000000E+00,-0.00000000E+00,1.33246244E-38,1.62768820E-39,-2.48042519E+04,-2.39961828E+03,-4.81708011E+02,-9.77767040E+01,1.03351052E+05,9.99840973E+03,1.00000000E+05,1.00000000E+04,7.76991902E+06,1.63112231E+09
1.20000000E+01,1.00000000E+00,2.32000000E-01,1.39977733E+08,3.12604392E+04,1.11338633E-06,-0.00000000E+00,-0.00000000E+00,-3.15852834E-32,-3.85842963E-33,8.98632762E+06,7.48621941E+05,8.98775531E-04,7.48740877E-05,-9.07247339E+06,-7.56220752E+05,-2.40556134E-04,-2.10525360E-06,-0.00000000E+00,-0.00000000E+00,1.49620985E-38,1.64316191E-39,-0.00000000E+00,-0.00000000E+00,1.49620985E-38,1.64316191E-39,-2.72038701E+04,-2.39961828E+03,-5.81740402E+02,-1.01312606E+02,1.13349462E+05,9.99840973E+03,1.10000000E+05,1.00000000E+04,7.76991902E+06,1.63112270E+09
1.30000000E+01,1.00000000E+00,2.32000000E-01,1.39977733E+08,3.15533095E+04,8.28351234E-07,-0.00000000E+00,-0.00000000E+00,-3.54665805E-32,-3.89457819E-33,9.73494959E+06,7.48621977E+05,9.73649622E-04,7.48740914E-05,-9.82869418E+06,-7.56220789E+05,-2.42320771E-04,-1.56630511E-06,-0.00000000E+00,-0.00000000E+00,1.66125022E-38,1.65461284E-39,-0.00000000E+00,-0.00000000E+00,1.66125022E-38,1.65461284E-39,-2.96034884E+04,-2.39961828E+03,-6.84596218E+02,-1.03725486E+02,1.23347871E+05,9.99840973E+03,1.20000000E+05,1.00000000E+04,7.76991902E+06,1.63112300E+09
1.40000000E+01,1.00000000E+00,2.32000000E-01,1.39977733E+08,3.17696210E+04,6.16287219E-07,-0.00000000E+00,-0.00000000E+00,-3.93780469E-32,-3.92127721E-33,1.04835716E+07,7.48622013E+05,1.04852372E-03,7.48740950E-05,-1.05849150E+07,-7.56220825E+05,-2.43633673E-04,-1.16535807E-06,-0.00000000E+00,-0.00000000E+00,1.82724740E-38,1.66308657E-39,-0.00000000E+00,-0.00000000E+00,1.82724740E-38,1.66308657E-39,-3.20031067E+04,-2.39961828E+03,-7.89356916E+02,-1.05340638E+02,1.33346281E+05,9.99840973E+03,1.30000000E+05,1.00000000E+04,7.76991902E+06,1.63112321E+09
1.50000000E+01,1.00000000E+00,2.32000000E-01,1.39977733E+08,3.19295068E+04,4.58513153E-07,-0.00000000E+00,-0.00000000E+00,-4.33118058E-32,-3.94101168E-33,1.12321937E+07,7.48622049E+05,1.12339782E-03,7.48740986E-05,-1.13411359E+07,-7.56220860E+05,-2.44610541E-04,-8.67128649E-07,-0.00000000E+00,-0.00000000E+00,1.99395261E-38,1.66935699E-39,-0.00000000E+00,-0.00000000E+00,1.99395261E-38,1.66935699E-39,-3.44027250E+04,-2.39961828E+03,-8.95380608E+02,-1.06404431E+02,1.43344691E+05,9.99840973E+03,1.40000000E+05,1.00000000E+04,7.76991902E+06,1.63112337E+09
1.60000000E+01,1.00000000E+00,2.32000000E-01,1.39977733E+08,3.20477759E+04,3.41130410E-07,-0.00000000E+00,-0.00000000E+00,-4.72620494E-32,-3.95560947E-33,1.19808157E+07,7.48622085E+05,1.19827192E-03,7.48741022E-05,-1.20973568E+07,-7.56220896E+05,-2.45337529E-04,-6.45424334E-07,-0.00000000E+00,-0.00000000E+00,2.16118175E-38,1.67399685E-39,-0.00000000E+00,-0.00000000E+00,2.16118175E-38,1.67399685E-39,-3.68023433E+04,-2.39961828E+03,-1.00222944E+03,-1.07095481E+02,1.53343100E+05,9.99840973E+03,1.50000000E+05,1.00000000E+04,7.76991901E+06,1.63112349E+09
1.70000000E+01,1.00000000E+00,2.32000000E-01,1.39977733E+08,3.21353256E+04,2.53798513E-07,-0.00000000E+00,-0.00000000E+00,-5.12244923E-32,-3.96641560E-33,1.27294379E+07,7.48622120E+05,1.27314602E-03,7.48741057E-05,-1.28535777E+07,-7.56220931E+05,-2.45878906E-04,-4.80870282E-07,-0.00000000E+00,-0.00000000E+00,2.32879856E-38,1.67743006E-39,-0.00000000E+00,-0.00000000E+00,2.32879856E-38,1.67743006E-39,-3.92019615E+04,-2.39961828E+03,-1.10961059E+03,-1.07539098E+02,1.63341510E+05,9.99840973E+03,1.60000000E+05,1.00000000E+04,7.76991901E+06,1.63112358E+09
1.80000000E+01,1.00000000E+00,2.32000000E-01,1.39977733E+08,3.22001802E+04,1.88824225E-07,-0.00000000E+00,-0.00000000E+00,-5.51959695E-32,-3.97442052E-33,1.34780600E+07,7.48622155E+05,1.34802013E-03,7.48741093E-05,-1.36097987E+07,-7.56220966E+05,-2.46282814E-04,-3.59250220E-07,-0.00000000E+00,-0.00000000E+00,2.49670222E-38,1.67997035E-39,-0.00000000E+00,-0.00000000E+00,2.49670222E-38,1.67997035E-39,-4.16015798E+04,-2.39961828E+03,-1.21733139E+03,-1.07820957E+02,1.73339920E+05,9.99840973E+03,1.70000000E+05,1.00000000E+04,7.76991901E+06,1.63112364E+09
1.90000000E+01,1.00000000E+00,2.32000000E-01,1.39977733E+08,3.22482536E+04,1.40483836E-07,-0.00000000E+00,-0.00000000E+00,-5.91741417E-32,-3.98035414E-33,1.42266822E+07,7.48622191E+05,1.42289425E-03,7.48741128E-05,-1.43660197E+07,-7.56221001E+05,-2.46585672E-04,-2.70313082E-07,-0.00000000E+00,-0.00000000E+00,2.66481813E-38,1.68184990E-39,-0.00000000E+00,-0.00000000E+00,2.66481813E-38,1.68184990E-39,-4.40011981E+04,-2.39961828E+03,-1.32526688E+03,-1.07998434E+02,1.83338330E+05,9.99840972E+03,1.80000000E+05,1.00000000E+04,7.76991901E+06,1.63112369E+09
2.00000000E+01,1.00000000E+00,2.32000000E-01,1.39977733E+08,3.22839082E+04,1.04518941E-07,-0.00000000E+00,-0.00000000E+00,-6.31572781E-32,-3.98475494E-33,1.49753044E+07,7.48622225E+05,1.49776836E-03,7.48741163E-05,-1.51222407E+07,-7.56221036E+05,-2.46815605E-04,-2.06931787E-07,-0.00000000E+00,-0.00000000E+00,2.83309107E-38,1.68324052E-39,-0.00000000E+00,-0.00000000E+00,2.83309107E-38,1.68324052E-39,-4.64008164E+04,-2.39961828E+03,-1.43333693E+03,-1.08109302E+02,1.93336739E+05,9.99840972E+03,1.90000000E+05,1.00000000E+04,7.76991901E+06,1.63112373E+09
2.10000000E+01,1.00000000E+00,2.32000000E-01,1.39977733E+08,3.23103656E+04,7.77613241E-08,-0.00000000E+00,-0.00000000E+00,-6.71440975E-32,-3.98802054E-33,1.57239267E+07,7.48622260E+05,1.57264248E-03,7.48741197E-05,-1.58784618E+07,-7.56221071E+05,-2.46995196E-04,-1.64524206E-07,-0.00000000E+00,-0.00000000E+00,3.00148019E-38,1.68426937E-39,-0.00000000E+00,-0.00000000E+00,3.00148019E-38,1.68426937E-39,-4.88004347E+04,-2.39961828E+03,-1.54149069E+03,-1.08178076E+02,2.03335149E+05,9.99840972E+03,2.00000000E+05,1.00000000E+04,7.76991901E+06,1.63112375E+09
2.20000000E+01,1.00000000E+00,2.32000000E-01,1.39977733E+08,3.23300068E+04,5.78538537E-08,-0.00000000E+00,-0.00000000E+00,-7.11336506E-32,-3.99044483E-33,1.64725490E+07,7.48622294E+05,1.64751660E-03,7.48741232E-05,-1.66346829E+07,-7.56221105E+05,-2.47143784E-04,-1.40661753E-07,-0.00000000E+00,-0.00000000E+00,3.16995526E-38,1.68503053E-39,-0.00000000E+00,-0.00000000E+00,3.16995526E-38,1.68503053E-39,-5.12000529E+04,-2.39961828E+03,-1.64969619E+03,-1.08220470E+02,2.13333559E+05,9.99840972E+03,2.10000000E+05,1.00000000E+04,7.76991901E+06,1.63112377E+09
2.30000000E+01,1.00000000E+00,2.32000000E-01,1.39977733E+08,3.23445934E+04,4.30428419E-08,-0.00000000E+00,-0.00000000E+00,-7.51252335E-32,-3.99224523E-33,1.72211713E+07,7.48622329E+05,1.72239073E-03,7.48741266E-05,-1.73909040E+07,-7.56221139E+05,-2.47279445E-04,-1.34801684E-07,-0.00000000E+00,-0.00000000E+00,3.33849393E-38,1.68559365E-39,-0.00000000E+00,-0.00000000E+00,3.33849393E-38,1.68559365E-39,-5.35996712E+04,-2.39961828E+03,-1.75793348E+03,-1.08246459E+02,2.23331969E+05,9.99840972E+03,2.20000000E+05,1.00000000E+04,7.76991901E+06,1.63112379E+09
2.40000000E+01,1.00000000E+00,2.32000000E-01,1.39977733E+08,3.23554296E+04,3.20235581E-08,-0.00000000E+00,-0.00000000E+00,-7.91183242E-32,-3.99358273E-33,1.79697937E+07,7.48622363E+05,1.79726486E-03,7.48741300E-05,-1.81471252E+07,-7.56221173E+05,-2.47420750E-04,-1.48087441E-07,-0.00000000E+00,-0.00000000E+00,3.50707964E-38,1.68601022E-39,-0.00000000E+00,-0.00000000E+00,3.50707964E-38,1.68601022E-39,-5.59992895E+04,-2.39961828E+03,-1.86619020E+03,-1.08262309E+02,2.33330378E+05,9.99840972E+03,2.30000000E+05,1.00000000E+04,7.76991901E+06,1.63112380E+09
2.50000000E+01,1.00000000E+00,2.32000000E-01,1.39977733E+08,3.23634819E+04,2.38252918E-08,-0.00000000E+00,-0.00000000E+00,-8.31125351E-32,-3.99457661E-33,1.87184161E+07,7.48622396E+05,1.87213899E-03,7.48741334E-05,-1.89033464E+07,-7.56221207E+05,-2.47588350E-04,-1.83169603E-07,-0.00000000E+00,-0.00000000E+00,3.67570015E-38,1.68631839E-39,-0.00000000E+00,-0.00000000E+00,3.67570015E-38,1.68631839E-39,-5.83989078E+04,-2.39961828E+03,-1.97445875E+03,-1.08271933E+02,2.43328788E+05,9.99840972E+03,2.40000000E+05,1.00000000E+04,7.76991900E+06,1.63112381E+09
2.60000000E+01,1.00000000E+00,2.32000000E-01,1.39977733E+08,3.23694668E+04,1.77258420E-08,-0.00000000E+00,-0.00000000E+00,-8.71075787E-32,-3.99531532E-33,1.94670385E+07,7.48622430E+05,1.94701313E-03,7.48741368E-05,-1.96595676E+07,-7.56221240E+05,-2.47806357E-04,-2.44009536E-07,-0.00000000E+00,-0.00000000E+00,3.84434641E-38,1.68654635E-39,-0.00000000E+00,-0.00000000E+00,3.84434641E-38,1.68654635E-39,-6.07985260E+04,-2.39961828E+03,-2.08273446E+03,-1.08277753E+02,2.53327198E+05,9.99840972E+03,2.50000000E+05,1.00000000E+04,7.76991900E+06,1.63112381E+09
2.70000000E+01,1.00000000E+00,2.32000000E-01,1.39977733E+08,3.23739159E+04,1.31878962E-08,-0.00000000E+00,-0.00000000E+00,-9.11032411E-32,-3.99586447E-33,2.02156610E+07,7.48622463E+05,2.02188727E-03,7.48741401E-05,-2.04157889E+07,-7.56221273E+05,-2.48103521E-04,-3.35639133E-07,-0.00000000E+00,-0.00000000E+00,4.01301171E-38,1.68671497E-39,-0.00000000E+00,-0.00000000E+00,4.01301171E-38,1.68671497E-39,-6.31981443E+04,-2.39961828E+03,-2.19101448E+03,-1.08281259E+02,2.63325607E+05,9.99840972E+03,2.60000000E+05,1.00000000E+04,7.76991900E+06,1.63112382E+09
2.80000000E+01,1.00000000E+00,2.32000000E-01,1.39977733E+08,3.23772239E+04,9.81169785E-09,-0.00000000E+00,-0.00000000E+00,-9.50993636E-32,-3.99627276E-33,2.09642835E+07,7.48622496E+05,2.09676142E-03,7.48741434E-05,-2.11720102E+07,-7.56221306E+05,-2.48514117E-04,-4.63862783E-07,-0.00000000E+00,-0.00000000E+00,4.18169109E-38,1.68683969E-39,-0.00000000E+00,-0.00000000E+00,4.18169109E-38,1.68683969E-39,-6.55977626E+04,-2.39961828E+03,-2.29929711E+03,-1.08283364E+02,2.73324017E+05,9.99840972E+03,2.70000000E+05,1.00000000E+04,7.76991900E+06,1.63112382E+09
2.90000000E+01,1.00000000E+00,2.32000000E-01,1.39977733E+08,3.23796837E+04,7.29983109E-09,-0.00000000E+00,-0.00000000E+00,-9.90958283E-32,-3.99657638E-33,2.17129060E+07,7.48622529E+05,2.17163556E-03,7.48741467E-05,-2.19282315E+07,-7.56221339E+05,-2.49078508E-04,-6.34900930E-07,-0.00000000E+00,-0.00000000E+00,4.35038090E-38,1.68693195E-39,-0.00000000E+00,-0.00000000E+00,4.35038090E-38,1.68693195E-39,-6.79973809E+04,-2.39961828E+03,-2.40758129E+03,-1.08284624E+02,2.83322427E+05,9.99840972E+03,2.80000000E+05,1.00000000E+04,7.76991900E+06,1.63112382E+09
3.00000000E+01,1.00000000E+00,2.32000000E-01,1.39977733E+08,3.23815130E+04,5.43102068E-09,-0.00000000E+00,-0.00000000E+00,-1.03092547E-31,-3.99680217E-33,2.24615286E+07,7.48622562E+05,2.24650971E-03,7.48741500E-05,-2.26844529E+07,-7.56221372E+05,-2.49843321E-04,-8.54986880E-07,-0.00000000E+00,-0.00000000E+00,4.51907841E-38,1.68700018E-39,-0.00000000E+00,-0.00000000E+00,4.51907841E-38,1.68700018E-39,-7.03969991E+04,-2.39961828E+03,-2.51586640E+03,-1.08285377E+02,2.93320837E+05,9.99840972E+03,2.90000000E+05,1.00000000E+04,7.76991900E+06,1.63112382E+09
3.10000000E+01,1.00000000E+00,2.32000000E-01,1.39977733E+08,3.23828736E+04,4.04063947E-09,-0.00000000E+00,-0.00000000E+00,-1.07089456E-31,-3.99697010E-33,2.32101511E+07,7.48622595E+05,2.32138387E-03,7.48741533E-05,-2.34406743E+07,-7.56221404E+05,-2.50861194E-04,-1.12993859E-06,-0.00000000E+00,-0.00000000E+00,4.68778162E-38,1.68705064E-39,-0.00000000E+00,-0.00000000E+00,4.68778162E-38,1.68705064E-39,-7.27966174E+04,-2.39961828E+03,-2.62415207E+03,-1.08285826E+02,3.03319246E+05,9.99840972E+03,3.00000000E+05,1.00000000E+04,7.76991900E+06,1.63112383E+09
3.20000000E+01,1.00000000E+00,2.32000000E-01,1.39977733E+08,3.23838855E+04,3.00620607E-09,-0.00000000E+00,-0.00000000E+00,-1.11086505E-31,-3.99709500E-33,2.39587738E+07,7.48622627E+05,2.39625802E-03,7.48741565E-05,-2.41968958E+07,-7.56221436E+05,-2.52190106E-04,-1.46473384E-06,-0.00000000E+00,-0.00000000E+00,4.85648904E-38,1.68708797E-39,-0.00000000E+00,-0.00000000E+00,4.85648904E-38,1.68708797E-39,-7.51962357E+04,-2.39961827E+03,-2.73243807E+03,-1.08286092E+02,3.13317656E+05,9.99840971E+03,3.10000000E+05,1.00000000E+04,7.76991900E+06,1.63112383E+09
3.30000000E+01,1.00000000E+00,2.32000000E-01,1.39977732E+08,3.23846382E+04,2.23659522E-09,-0.00000000E+00,-0.00000000E+00,-1.15083658E-31,-3.99718791E-33,2.47073964E+07,7.48622659E+05,2.47113218E-03,7.48741597E-05,-2.49531172E+07,-7.56221468E+05,-2.53892293E-04,-1.86311991E-06,-0.00000000E+00,-0.00000000E+00,5.02519958E-38,1.68711557E-39,-0.00000000E+00,-0.00000000E+00,5.02519958E-38,1.68711557E-39,-7.75958540E+04,-2.39961827E+03,-2.84072427E+03,-1.08286251E+02,3.23316066E+05,9.99840971E+03,3.20000000E+05,1.00000000E+04,7.76991900E+06,1.63112383E+09
3.40000000E+01,1.00000000E+00,2.32000000E-01,1.39977732E+08,3.23851982E+04,1.66401041E-09,-0.00000000E+00,-0.00000000E+00,-1.19080890E-31,-3.99725702E-33,2.54560191E+07,7.48622691E+05,2.54600634E-03,7.48741629E-05,-2.57093387E+07,-7.56221500E+05,-2.56032810E-04,-2.32728742E-06,-0.00000000E+00,-0.00000000E+00,5.19391243E-38,1.68713598E-39,-0.00000000E+00,-0.00000000E+00,5.19391243E-38,1.68713598E-39,-7.99954722E+04,-2.39961827E+03,-2.94901058E+03,-1.08286346E+02,3.33314475E+05,9.99840971E+03,3.30000000E+05,1.00000000E+04,7.76991900E+06,1.63112383E+09
3.50000000E+01,1.00000000E+00,2.32000000E-01,1.39977732E+08,3.23856147E+04,1.23801152E-09,-0.00000000E+00,-0.00000000E+00,-1.23078179E-31,-3.99730843E-33,2.62046418E+07,7.48622723E+05,2.62088051E-03,7.48741661E-05,-2.64655603E+07,-7.56221532E+05,-2.58677830E-04,-2.85763318E-06,-0.00000000E+00,-0.00000000E+00,5.36262698E-38,1.68715107E-39,-0.00000000E+00,-0.00000000E+00,5.36262698E-38,1.68715107E-39,-8.23950905E+04,-2.39961827E+03,-3.05729696E+03,-1.08286402E+02,3.43312885E+05,9.99840971E+03,3.40000000E+05,1.00000000E+04,7.76991899E+06,1.63112383E+09
3.60000000E+01,1.00000000E+00,2.32000000E-01,1.39977732E+08,3.23859245E+04,9.21071469E-10,-0.00000000E+00,-0.00000000E+00,-1.27075512E-31,-3.99734667E-33,2.69532646E+07,7.48622754E+05,2.69575468E-03,7.48741692E-05,-2.72217818E+07,-7.56221563E+05,-2.61892753E-04,-3.45262891E-06,-0.00000000E+00,-0.00000000E+00,5.53134280E-38,1.68716223E-39,-0.00000000E+00,-0.00000000E+00,5.53134280E-38,1.68716223E-39,-8.47947088E+04,-2.39961827E+03,-3.16558338E+03,-1.08286436E+02,3.53311295E+05,9.99840971E+03,3.50000000E+05,1.00000000E+04,7.76991899E+06,1.63112383E+09
3.70000000E+01,1.00000000E+00,2.32000000E-01,1.39977732E+08,3.23861551E+04,6.85270403E-10,-0.00000000E+00,-0.00000000E+00,-1.31072877E-31,-3.99737512E-33,2.77018874E+07,7.48622785E+05,2.77062885E-03,7.48741724E-05,-2.79780034E+07,-7.56221594E+05,-2.65740266E-04,-4.10880375E-06,-0.00000000E+00,-0.00000000E+00,5.70005954E-38,1.68717049E-39,-0.00000000E+00,-0.00000000E+00,5.70005954E-38,1.68717049E-39,-8.71943271E+04,-2.39961827E+03,-3.27386983E+03,-1.08286457E+02,3.63309705E+05,9.99840971E+03,3.60000000E+05,1.00000000E+04,7.76991899E+06,1.63112383E+09
3.80000000E+01,1.00000000E+00,2.32000000E-01,1.39977732E+08,3.23863265E+04,5.09836144E-10,-0.00000000E+00,-0.00000000E+00,-1.35070265E-31,-3.99739629E-33,2.84505102E+07,7.48622816E+05,2.84550303E-03,7.48741755E-05,-2.87342250E+07,-7.56221625E+05,-2.70278449E-04,-4.82083870E-06,-0.00000000E+00,-0.00000000E+00,5.86877698E-38,1.68717659E-39,-0.00000000E+00,-0.00000000E+00,5.86877698E-38,1.68717659E-39,-8.95939453E+04,-2.39961827E+03,-3.38215630E+03,-1.08286469E+02,3.73308114E+05,9.99840971E+03,3.70000000E+05,1.00000000E+04,7.76991899E+06,1.63112383E+09
3.90000000E+01,1.00000000E+00,2.32000000E-01,1.39977732E+08,3.23864541E+04,3.79314344E-10,-0.00000000E+00,-0.00000000E+00,-1.39067671E-31,-3.99741204E-33,2.91991331E+07,7.48622847E+05,2.92037721E-03,7.48741785E-05,-2.94904467E+07,-7.56221656E+05,-2.75559037E-04,-5.58176230E-06,-0.00000000E+00,-0.00000000E+00,6.03749492E-38,1.68718110E-39,-0.00000000E+00,-0.00000000E+00,6.03749492E-38,1.68718110E-39,-9.19935636E+04,-2.39961827E+03,-3.49044277E+03,-1.08286478E+02,3.83306524E+05,9.99840971E+03,3.80000000E+05,1.00000000E+04,7.76991899E+06,1.63112383E+09
4.00000000E+01,1.00000000E+00,2.32000000E-01,1.39977732E+08,3.23865490E+04,2.82207084E-10,-0.00000000E+00,-0.00000000E+00,-1.43065091E-31,-3.99742375E-33,2.99477559E+07,7.48622878E+05,2.99525139E-03,7.48741816E-05,-3.02466684E+07,-7.56221686E+05,-2.81625933E-04,-6.38322988E-06,-0.00000000E+00,-0.00000000E+00,6.20621324E-38,1.68718444E-39,-0.00000000E+00,-0.00000000E+00,6.20621324E-38,1.68718444E-39,-9.43931819E+04,-2.39961827E+03,-3.59872925E+03,-1.08286483E+02,3.93304934E+05,9.99840971E+03,3.90000000E+05,1.00000000E+04,7.76991899E+06,1.63112383E+09
4.10000000E+01,1.00000000E+00,2.32000000E-01,1.39977732E+08,3.23866196E+04,2.09959997E-10,-0.00000000E+00,-0.00000000E+00,-1.47062520E-31,-3.99743247E-33,3.06963788E+07,7.48622908E+05,3.07012557E-03,7.48741847E-05,-3.10028901E+07,-7.56221716E+05,-2.88514038E-04,-7.21586348E-06,-0.00000000E+00,-0.00000000E+00,6.37493184E-38,1.68718690E-39,-0.00000000E+00,-0.00000000E+00,6.37493184E-38,1.68718690E-39,-9.67928002E+04,-2.39961827E+03,-3.70701574E+03,-1.08286487E+02,4.03303343E+05,9.99840971E+03,4.00000000E+05,1.00000000E+04,7.76991899E+06,1.63112383E+09
4.20000000E+01,1.00000000E+00,2.32000000E-01,1.39977732E+08,3.23866722E+04,1.56208694E-10,-0.00000000E+00,-0.00000000E+00,-1.51059957E-31,-3.99743895E-33,3.14450018E+07,7.48622938E+05,3.14499976E-03,7.48741877E-05,-3.17591118E+07,-7.56221746E+05,-2.96248445E-04,-8.06962731E-06,-0.00000000E+00,-0.00000000E+00,6.54365065E-38,1.68718872E-39,-0.00000000E+00,-0.00000000E+00,6.54365065E-38,1.68718872E-39,-9.91924184E+04,-2.39961827E+03,-3.81530223E+03,-1.08286490E+02,4.13301753E+05,9.99840971E+03,4.10000000E+05,1.00000000E+04,7.76991899E+06,1.63112383E+09
4.30000000E+01,1.00000000E+00,2.32000000E-01,1.39977732E+08,3.23867112E+04,1.16218121E-10,-0.00000000E+00,-0.00000000E+00,-1.55057399E-31,-3.99744377E-33,3.21936247E+07,7.48622968E+05,3.21987395E-03,7.48741907E-05,-3.25153336E+07,-7.56221776E+05,-3.04844014E-04,-8.93421325E-06,-0.00000000E+00,-0.00000000E+00,6.71236960E-38,1.68719007E-39,-0.00000000E+00,-0.00000000E+00,6.71236960E-38,1.68719007E-39,-1.01592037E+05,-2.39961827E+03,-3.92358872E+03,-1.08286493E+02,4.23300163E+05,9.99840971E+03,4.20000000E+05,1.00000000E+04,7.76991899E+06,1.63112383E+09
4.40000000E+01,1.00000000E+00,2.32000000E-01,1.39977732E+08,3.23867403E+04,8.64654277E-11,-0.00000000E+00,-0.00000000E+00,-1.59054845E-31,-3.99744736E-33,3.29422477E+07,7.48622998E+05,3.29474814E-03,7.48741937E-05,-3.32715554E+07,-7.56221806E+05,-3.14305331E-04,-9.79941307E-06,-0.00000000E+00,-0.00000000E+00,6.88108867E-38,1.68719107E-39,-0.00000000E+00,-0.00000000E+00,6.88108867E-38,1.68719107E-39,-1.03991655E+05,-2.39961827E+03,-4.03187521E+03,-1.08286495E+02,4.33298573E+05,9.99840971E+03,4.30000000E+05,1.00000000E+04,7.76991899E+06,1.63112383E+09
4.50000000E+01,1.00000000E+00,2.32000000E-01,1.39977732E+08,3.23867619E+04,6.43296427E-11,-0.00000000E+00,-0.00000000E+00,-1.63052294E-31,-3.99745003E-33,3.36908708E+07,7.48623027E+05,3.36962234E-03,7.48741966E-05,-3.40277773E+07,-7.56221835E+05,-3.24627016E-04,-1.06554574E-05,-0.00000000E+00,-0.00000000E+00,7.04980783E-38,1.68719180E-39,-0.00000000E+00,-0.00000000E+00,7.04980783E-38,1.68719180E-39,-1.06391273E+05,-2.39961827E+03,-4.14016171E+03,-1.08286497E+02,4.43296982E+05,9.99840971E+03,4.40000000E+05,1.00000000E+04,7.76991899E+06,1.63112383E+09
4.60000000E+01,1.00000000E+00,2.32000000E-01,1.39977732E+08,3.23867780E+04,4.78607814E-11,-0.00000000E+00,-0.00000000E+00,-1.67049745E-31,-3.99745201E-33,3.44394938E+07,7.48623057E+05,3.44449654E-03,7.48741996E-05,-3.47839991E+07,-7.56221864E+05,-3.35794341E-04,-1.14933062E-05,-0.00000000E+00,-0.00000000E+00,7.21852704E-38,1.68719235E-39,-0.00000000E+00,-0.00000000E+00,7.21852704E-38,1.68719235E-39,-1.08790892E+05,-2.39961827E+03,-4.24844821E+03,-1.08286499E+02,4.53295392E+05,9.99840971E+03,4.50000000E+05,1.00000000E+04,7.76991898E+06,1.63112383E+09
4.70000000E+01,1.00000000E+00,2.32000000E-01,1.39977732E+08,3.23867900E+04,3.56080696E-11,-0.00000000E+00,-0.00000000E+00,-1.71047198E-31,-3.99745349E-33,3.51881169E+07,7.48623086E+05,3.51937074E-03,7.48742025E-05,-3.55402210E+07,-7.56221893E+05,-3.47784109E-04,-1.23048806E-05,-0.00000000E+00,-0.00000000E+00,7.38724630E-38,1.68719275E-39,-0.00000000E+00,-0.00000000E+00,7.38724630E-38,1.68719275E-39,-1.11190510E+05,-2.39961827E+03,-4.35673471E+03,-1.08286501E+02,4.63293802E+05,9.99840971E+03,4.60000000E+05,1.00000000E+04,7.76991898E+06,1.63112383E+09
4.80000000E+01,1.00000000E+00,2.32000000E-01,1.39977732E+08,3.23867989E+04,2.64921421E-11,-0.00000000E+00,-0.00000000E+00,-1.75044652E-31,-3.99745459E-33,3.59367400E+07,7.48623115E+05,3.59424495E-03,7.48742054E-05,-3.62964429E+07,-7.56221922E+05,-3.60565722E-04,-1.30832307E-05,-0.00000000E+00,-0.00000000E+00,7.55596560E-38,1.68719304E-39,-0.00000000E+00,-0.00000000E+00,7.55596560E-38,1.68719304E-39,-1.13590128E+05,-2.39961827E+03,-4.46502121E+03,-1.08286503E+02,4.73292211E+05,9.99840970E+03,4.70000000E+05,1.00000000E+04,7.76991898E+06,1.63112383E+09
4.90000000E+01,1.00000000E+00,2.32000000E-01,1.39977732E+08,3.23868055E+04,1.97099590E-11,-0.00000000E+00,-0.00000000E+00,-1.79042107E-31,-3.99745541E-33,3.66853632E+07,7.48623143E+05,3.66911916E-03,7.48742082E-05,-3.70526649E+07,-7.56221951E+05,-3.74102375E-04,-1.38226391E-05,-0.00000000E+00,-0.00000000E+00,7.72468491E-38,1.68719326E-39,-0.00000000E+00,-0.00000000E+00,7.72468491E-38,1.68719326E-39,-1.15989746E+05,-2.39961827E+03,-4.57330771E+03,-1.08286505E+02,4.83290621E+05,9.99840970E+03,4.80000000E+05,1.00000000E+04,7.76991898E+06,1.63112383E+09
5.00000000E+01,1.00000000E+00,2.32000000E-01,1.39977732E+08,3.23868104E+04,1.46640647E-11,-0.00000000E+00,-0.00000000E+00,-1.83039563E-31,-3.99745602E-33,3.74339863E+07,7.48623172E+05,3.74399337E-03,7.48742111E-05,-3.78088869E+07,-7.56221979E+05,-3.88352321E-04,-1.45186635E-05,-0.00000000E+00,-0.00000000E+00,7.89340425E-38,1.68719342E-39,-0.00000000E+00,-0.00000000E+00,7.89340425E-38,1.68719342E-39,-1.18389365E+05,-2.39961827E+03,-4.68159422E+03,-1.08286507E+02,4.93289031E+05,9.99840970E+03,4.90000000E+05,1.00000000E+04,7.76991898E+06,1.63112383E+09
