Time [d],dt_flow [d],dt_tran [d],Global Water Mass in Liquid Phas [kg],Global Vaq [mol],Global Vim [mol],Top Water Mass [kg],Top Water Mass [kg/d],Top Vaq [mol],Top Vaq [mol/d],Right Water Mass [kg],Right Water Mass [kg/d],Right Vaq [mol],Right Vaq [mol/d],Left Water Mass [kg],Left Water Mass [kg/d],Left Vaq [mol],Left Vaq [mol/d],North Water Mass [kg],North Water Mass [kg/d],North Vaq [mol],North Vaq [mol/d],South Water Mass [kg],South Water Mass [kg/d],South Vaq [mol],South Vaq [mol/d],ExtractWell Water Mass [kg],ExtractWell Water Mass [kg/d],ExtractWell Vaq [mol],ExtractWell Vaq [mol/d],InjectWell Water Mass [kg],InjectWell Water Mass [kg/d],InjectWell Vaq [mol],InjectWell Vaq [mol/d],Region Region__all Water Mass [kg],Region Region__all Total Mass [kg]
1.00000000E+00,4.89000000E-01,6.13461663E-02,1.39978320E+08,1.05948640E-02,2.96332533E-05,-0.00000000E+00,-0.00000000E+00,2.49787922E-40,4.20291077E-40,1.66803051E+07,1.66794286E+07,1.66828134E-03,1.66819370E-03,-1.66828739E+07,-1.66833212E+07,-1.41585275E-03,-1.23614829E-03,-0.00000000E+00,-0.00000000E+00,2.48238830E-40,4.17687195E-40,-0.00000000E+00,-0.00000000E+00,2.48238830E-40,4.17687195E-40,-8.08072447E+02,-1.22621007E+03,-6.54537090E-08,-9.08630087E-08,3.36697450E+03,5.10921771E+03,3.36749000E-07,5.11000000E-07,7.76995159E+06,1.63109144E+09
2.00000000E+00,4.88000000E-01,4.90666061E-02,1.39978311E+08,8.52754252E+03,2.19140279E-05,-0.00000000E+00,-0.00000000E+00,-5.94481665E-34,-1.05254066E-33,3.33571708E+07,1.66769497E+07,3.33621876E-03,1.66794584E-03,-3.33673472E+07,-1.66845570E+07,-2.48170074E-03,-9.91554219E-04,-0.00000000E+00,-0.00000000E+00,8.23528360E-40,6.91149042E-40,-0.00000000E+00,-0.00000000E+00,8.23528359E-40,6.91149042E-40,-3.20770065E+03,-2.39962816E+03,-1.41890190E+00,-5.81665104E+00,1.33654432E+04,9.99846861E+03,1.00000000E+04,1.00000000E+04,7.76995111E+06,1.63109997E+09
3.00000000E+00,1.00000000E+00,2.45924581E-02,1.39978304E+08,1.48129372E+04,1.62068845E-05,-0.00000000E+00,-0.00000000E+00,-2.08618643E-33,-1.82833795E-33,5.00344166E+07,1.66772458E+07,5.00419427E-03,1.66797551E-03,-5.00521992E+07,-1.66848520E+07,-3.37722551E-02,-1.47728289E-01,-0.00000000E+00,-0.00000000E+00,1.61524262E-39,8.64804700E-40,-0.00000000E+00,-0.00000000E+00,1.61524262E-39,8.64804700E-40,-5.60732869E+03,-2.39962805E+03,-2.47668548E+01,-3.95738331E+01,2.33639114E+04,9.99846821E+03,2.00000000E+04,1.00000000E+04,7.76995070E+06,1.63110626E+09
4.00000000E+00,1.00000000E+00,5.87092291E-02,1.39978297E+08,1.94260089E+04,1.19941979E-05,-0.00000000E+00,-0.00000000E+00,-4.24106878E-33,-2.39772280E-33,6.67119272E+07,1.66775106E+07,6.67219633E-03,1.66800206E-03,-6.67373153E+07,-1.66851161E+07,-3.83786821E+00,-1.19663342E+01,-0.00000000E+00,-0.00000000E+00,2.54309559E-39,9.71842780E-40,-0.00000000E+00,-0.00000000E+00,2.54309558E-39,9.71842780E-40,-8.00695664E+03,-2.39962794E+03,-7.56321244E+01,-5.63970325E+01,3.33623793E+04,9.99846783E+03,3.00000000E+04,1.00000000E+04,7.76995033E+06,1.63111087E+09
5.00000000E+00,1.00000000E+00,7.42917934E-02,1.39978291E+08,2.27720291E+04,8.88261554E-06,-0.00000000E+00,-0.00000000E+00,-6.87995182E-33,-2.81071729E-33,8.33896813E+07,1.66777541E+07,8.34022282E-03,1.66802648E-03,-8.34226744E+07,-1.66853591E+07,-6.97371078E+01,-1.40726443E+02,-0.00000000E+00,-0.00000000E+00,3.55306832E-39,1.03536411E-39,-0.00000000E+00,-0.00000000E+00,3.55306832E-39,1.03536411E-39,-1.04065845E+04,-2.39962785E+03,-1.33793966E+02,-5.88009853E+01,4.33608467E+04,9.99846746E+03,4.00000000E+04,1.00000000E+04,7.76994999E+06,1.63111421E+09
6.00000000E+00,1.00000000E+00,1.45509590E-01,1.39978285E+08,2.50008315E+04,6.58434364E-06,-0.00000000E+00,-0.00000000E+00,-9.85732682E-33,-3.08581518E-33,1.00067666E+08,1.66779846E+07,1.00082724E-02,1.66804960E-03,-1.00108264E+08,-1.66855892E+07,-4.14476934E+02,-5.38740830E+02,-0.00000000E+00,-0.00000000E+00,4.61034715E-39,1.07093970E-39,-0.00000000E+00,-0.00000000E+00,4.61034715E-39,1.07093970E-39,-1.28062122E+04,-2.39962776E+03,-1.92735022E+02,-5.89833529E+01,5.33593138E+04,9.99846708E+03,5.00000000E+04,1.00000000E+04,7.76994967E+06,1.63111644E+09
7.00000000E+00,1.00000000E+00,1.45521639E-01,1.39978279E+08,2.62299019E+04,4.88293477E-06,-0.00000000E+00,-0.00000000E+00,-1.30386838E-32,-3.23751760E-33,1.16745874E+08,1.66782078E+07,1.16763444E-02,1.66807199E-03,-1.16794076E+08,-1.66858123E+07,-1.25414507E+03,-1.06044808E+03,-0.00000000E+00,-0.00000000E+00,5.69286305E-39,1.08934856E-39,-0.00000000E+00,-0.00000000E+00,5.69286305E-39,1.08934856E-39,-1.52058399E+04,-2.39962767E+03,-2.51726207E+02,-5.89931989E+01,6.33577805E+04,9.99846671E+03,6.00000000E+04,1.00000000E+04,7.76994936E+06,1.63111767E+09
8.00000000E+00,1.00000000E+00,1.45532527E-01,1.39978274E+08,2.67602218E+04,3.62117371E-06,-0.00000000E+00,-0.00000000E+00,-1.63187678E-32,-3.30297422E-33,1.33424301E+08,1.66784273E+07,1.33444384E-02,1.66809401E-03,-1.33480108E+08,-1.66860317E+07,-2.54826132E+03,-1.43854907E+03,-0.00000000E+00,-0.00000000E+00,6.78768230E-39,1.09791489E-39,-0.00000000E+00,-0.00000000E+00,6.78768230E-39,1.09791489E-39,-1.76054675E+04,-2.39962758E+03,-3.10719595E+02,-5.89933110E+01,7.33562469E+04,9.99846634E+03,7.00000000E+04,1.00000000E+04,7.76994905E+06,1.63111820E+09
9.00000000E+00,1.00000000E+00,1.45543311E-01,1.39978269E+08,2.69379844E+04,2.68545448E-06,-0.00000000E+00,-0.00000000E+00,-1.96364243E-32,-3.32491520E-33,1.50102946E+08,1.66786450E+07,1.50125543E-02,1.66811584E-03,-1.50166357E+08,-1.66862493E+07,-4.10196208E+03,-1.61623382E+03,-0.00000000E+00,-0.00000000E+00,7.88786873E-39,1.10141206E-39,-0.00000000E+00,-0.00000000E+00,7.88786873E-39,1.10141206E-39,-2.00050950E+04,-2.39962749E+03,-3.69712740E+02,-5.89929782E+01,8.33547128E+04,9.99846597E+03,8.00000000E+04,1.00000000E+04,7.76994875E+06,1.63111838E+09
1.00000000E+01,1.00000000E+00,1.45554049E-01,1.39978263E+08,2.69852274E+04,1.99152716E-06,-0.00000000E+00,-0.00000000E+00,-2.29653371E-32,-3.33074634E-33,1.66781808E+08,1.66788618E+07,1.66806918E-02,1.66813759E-03,-1.66852823E+08,-1.66864661E+07,-5.75832889E+03,-1.67606077E+03,-0.00000000E+00,-0.00000000E+00,8.99009901E-39,1.10265029E-39,-0.00000000E+00,-0.00000000E+00,8.99009901E-39,1.10265029E-39,-2.24047224E+04,-2.39962740E+03,-4.28705540E+02,-5.89926324E+01,9.33531784E+04,9.99846560E+03,9.00000000E+04,1.00000000E+04,7.76994845E+06,1.63111843E+09
1.10000000E+01,1.00000000E+00,1.45564765E-01,1.39978258E+08,2.69954075E+04,1.47691218E-06,-0.00000000E+00,-0.00000000E+00,-2.62969634E-32,-3.33200286E-33,1.83460886E+08,1.66790782E+07,1.83488511E-02,1.66815929E-03,-1.83539505E+08,-1.66866824E+07,-7.44504452E+03,-1.69153181E+03,-0.00000000E+00,-0.00000000E+00,1.00930033E-38,1.10302809E-39,-0.00000000E+00,-0.00000000E+00,1.00930033E-38,1.10302809E-39,-2.48043497E+04,-2.39962731E+03,-4.87697996E+02,-5.89922886E+01,1.03351644E+05,9.99846523E+03,1.00000000E+05,1.00000000E+04,7.76994815E+06,1.63111844E+09
1.20000000E+01,1.00000000E+00,1.45575471E-01,1.39978252E+08,2.69971679E+04,1.09527485E-06,-0.00000000E+00,-0.00000000E+00,-2.96291224E-32,-3.33222013E-33,2.00140180E+08,1.66792942E+07,2.00170321E-02,1.66818097E-03,-2.00226404E+08,-1.66868985E+07,-9.13886192E+03,-1.69477890E+03,-0.00000000E+00,-0.00000000E+00,1.11960982E-38,1.10312551E-39,-0.00000000E+00,-0.00000000E+00,1.11960982E-38,1.10312551E-39,-2.72039769E+04,-2.39962722E+03,-5.46690108E+02,-5.89919462E+01,1.13350109E+05,9.99846485E+03,1.10000000E+05,1.00000000E+04,7.76994785E+06,1.63111844E+09
1.30000000E+01,1.00000000E+00,1.45586171E-01,1.39978247E+08,2.69973433E+04,8.12253434E-07,-0.00000000E+00,-0.00000000E+00,-3.29613601E-32,-3.33224179E-33,2.16819690E+08,1.66795101E+07,2.16852347E-02,1.66820262E-03,-2.16913518E+08,-1.66871143E+07,-1.08340699E+04,-1.69537383E+03,-0.00000000E+00,-0.00000000E+00,1.22992371E-38,1.10314415E-39,-0.00000000E+00,-0.00000000E+00,1.22992371E-38,1.10314415E-39,-2.96036041E+04,-2.39962713E+03,-6.05681879E+02,-5.89916043E+01,1.23348573E+05,9.99846448E+03,1.20000000E+05,1.00000000E+04,7.76994755E+06,1.63111844E+09
1.40000000E+01,1.00000000E+00,1.45596867E-01,1.39978242E+08,2.69972645E+04,6.02365374E-07,-0.00000000E+00,-0.00000000E+00,-3.62935969E-32,-3.33223206E-33,2.33499416E+08,1.66797258E+07,2.33534590E-02,1.66822426E-03,-2.33600848E+08,-1.66873300E+07,-1.25295348E+04,-1.69549397E+03,-0.00000000E+00,-0.00000000E+00,1.34023813E-38,1.10314350E-39,-0.00000000E+00,-0.00000000E+00,1.34023813E-38,1.10314350E-39,-3.20032311E+04,-2.39962704E+03,-6.64673308E+02,-5.89912627E+01,1.33347037E+05,9.99846411E+03,1.30000000E+05,1.00000000E+04,7.76994725E+06,1.63111844E+09
1.50000000E+01,1.00000000E+00,1.45607560E-01,1.39978236E+08,2.69971501E+04,4.46712848E-07,-0.00000000E+00,-0.00000000E+00,-3.96258208E-32,-3.33221795E-33,2.50179358E+08,1.66799413E+07,2.50217049E-02,1.66824588E-03,-2.50288394E+08,-1.66875456E+07,-1.42250674E+04,-1.69554161E+03,-0.00000000E+00,-0.00000000E+00,1.45055220E-38,1.10313872E-39,-0.00000000E+00,-0.00000000E+00,1.45055220E-38,1.10313872E-39,-3.44028581E+04,-2.39962695E+03,-7.23664395E+02,-5.89909212E+01,1.43345501E+05,9.99846374E+03,1.40000000E+05,1.00000000E+04,7.76994695E+06,1.63111844E+09
1.60000000E+01,1.00000000E+00,1.45618250E-01,1.39978231E+08,2.69970315E+04,3.31281275E-07,-0.00000000E+00,-0.00000000E+00,-4.29580302E-32,-3.33220330E-33,2.66859514E+08,1.66801567E+07,2.66899724E-02,1.66826749E-03,-2.66976155E+08,-1.66877609E+07,-1.59206406E+04,-1.69557958E+03,-0.00000000E+00,-0.00000000E+00,1.56086574E-38,1.10313316E-39,-0.00000000E+00,-0.00000000E+00,1.56086574E-38,1.10313316E-39,-3.68024849E+04,-2.39962686E+03,-7.82655141E+02,-5.89905799E+01,1.53343964E+05,9.99846337E+03,1.50000000E+05,1.00000000E+04,7.76994666E+06,1.63111844E+09
1.70000000E+01,1.00000000E+00,1.45628938E-01,1.39978225E+08,2.69969124E+04,2.45677473E-07,-0.00000000E+00,-0.00000000E+00,-4.62902248E-32,-3.33218860E-33,2.83539886E+08,1.66803719E+07,2.83582614E-02,1.66828908E-03,-2.83664131E+08,-1.66879762E+07,-1.76162510E+04,-1.69561640E+03,-0.00000000E+00,-0.00000000E+00,1.67117872E-38,1.10312750E-39,-0.00000000E+00,-0.00000000E+00,1.67117872E-38,1.10312750E-39,-3.92021117E+04,-2.39962678E+03,-8.41645546E+02,-5.89902387E+01,1.63342427E+05,9.99846300E+03,1.60000000E+05,1.00000000E+04,7.76994636E+06,1.63111844E+09
1.80000000E+01,1.00000000E+00,1.45639622E-01,1.39978220E+08,2.69967933E+04,1.82193880E-07,-0.00000000E+00,-0.00000000E+00,-4.96224048E-32,-3.33217390E-33,3.00220473E+08,1.66805870E+07,3.00265721E-02,1.66831065E-03,-3.00352322E+08,-1.66881912E+07,-1.93118980E+04,-1.69565310E+03,-0.00000000E+00,-0.00000000E+00,1.78149113E-38,1.10312186E-39,-0.00000000E+00,-0.00000000E+00,1.78149113E-38,1.10312186E-39,-4.16017384E+04,-2.39962669E+03,-9.00635609E+02,-5.89898975E+01,1.73340890E+05,9.99846263E+03,1.70000000E+05,1.00000000E+04,7.76994606E+06,1.63111844E+09
1.90000000E+01,1.00000000E+00,1.45650303E-01,1.39978215E+08,2.69966742E+04,1.35114586E-07,-0.00000000E+00,-0.00000000E+00,-5.29545701E-32,-3.33215920E-33,3.16901275E+08,1.66808019E+07,3.16949043E-02,1.66833221E-03,-3.17040728E+08,-1.66884061E+07,-2.10075818E+04,-1.69568978E+03,-0.00000000E+00,-0.00000000E+00,1.89180297E-38,1.10311625E-39,-0.00000000E+00,-0.00000000E+00,1.89180297E-38,1.10311624E-39,-4.40013650E+04,-2.39962660E+03,-9.59625332E+02,-5.89895565E+01,1.83339352E+05,9.99846225E+03,1.80000000E+05,1.00000000E+04,7.76994576E+06,1.63111844E+09
2.00000000E+01,1.00000000E+00,1.45660982E-01,1.39978209E+08,2.69965552E+04,1.00200684E-07,-0.00000000E+00,-0.00000000E+00,-5.62867207E-32,-3.33214451E-33,3.33582292E+08,1.66810167E+07,3.33632581E-02,1.66835375E-03,-3.33729349E+08,-1.66886209E+07,-2.27033022E+04,-1.69572645E+03,-0.00000000E+00,-0.00000000E+00,2.00211426E-38,1.10311067E-39,-0.00000000E+00,-0.00000000E+00,2.00211426E-38,1.10311067E-39,-4.64009915E+04,-2.39962651E+03,-1.01861471E+03,-5.89892155E+01,1.93337814E+05,9.99846188E+03,1.90000000E+05,1.00000000E+04,7.76994546E+06,1.63111844E+09
2.10000000E+01,1.00000000E+00,1.45671657E-01,1.39978204E+08,2.69964361E+04,7.43086100E-08,-0.00000000E+00,-0.00000000E+00,-5.96188566E-32,-3.33212982E-33,3.50263523E+08,1.66812313E+07,3.50316333E-02,1.66837528E-03,-3.50418185E+08,-1.66888355E+07,-2.43990593E+04,-1.69576312E+03,-0.00000000E+00,-0.00000000E+00,2.11242499E-38,1.10310513E-39,-0.00000000E+00,-0.00000000E+00,2.11242499E-38,1.10310513E-39,-4.88006179E+04,-2.39962642E+03,-1.07760375E+03,-5.89888746E+01,2.03336275E+05,9.99846151E+03,2.00000000E+05,1.00000000E+04,7.76994516E+06,1.63111844E+09
2.20000000E+01,1.00000000E+00,1.45682330E-01,1.39978199E+08,2.69963172E+04,5.51071044E-08,-0.00000000E+00,-0.00000000E+00,-6.29509778E-32,-3.33211513E-33,3.66944969E+08,1.66814457E+07,3.67000301E-02,1.66839679E-03,-3.67107235E+08,-1.66890499E+07,-2.60948530E+04,-1.69579977E+03,-0.00000000E+00,-0.00000000E+00,2.22273518E-38,1.10309962E-39,-0.00000000E+00,-0.00000000E+00,2.22273518E-38,1.10309962E-39,-5.12002442E+04,-2.39962633E+03,-1.13659245E+03,-5.89885338E+01,2.13334737E+05,9.99846114E+03,2.10000000E+05,1.00000000E+04,7.76994487E+06,1.63111844E+09
2.30000000E+01,1.00000000E+00,1.45692999E-01,1.39978193E+08,2.69961982E+04,4.08673094E-08,-0.00000000E+00,-0.00000000E+00,-6.62830843E-32,-3.33210045E-33,3.83626629E+08,1.66816600E+07,3.83684484E-02,1.66841829E-03,-3.83796499E+08,-1.66892642E+07,-2.77906834E+04,-1.69583642E+03,-0.00000000E+00,-0.00000000E+00,2.33304481E-38,1.10309415E-39,-0.00000000E+00,-0.00000000E+00,2.33304481E-38,1.10309415E-39,-5.35998705E+04,-2.39962624E+03,-1.19558081E+03,-5.89881931E+01,2.23333197E+05,9.99846077E+03,2.20000000E+05,1.00000000E+04,7.76994457E+06,1.63111844E+09
2.40000000E+01,1.00000000E+00,1.45703666E-01,1.39978188E+08,2.69960793E+04,3.03071084E-08,-0.00000000E+00,-0.00000000E+00,-6.96151762E-32,-3.33208577E-33,4.00308503E+08,1.66818742E+07,4.00368882E-02,1.66843977E-03,-4.00485977E+08,-1.66894784E+07,-2.94865505E+04,-1.69587305E+03,-0.00000000E+00,-0.00000000E+00,2.44335390E-38,1.10308872E-39,-0.00000000E+00,-0.00000000E+00,2.44335390E-38,1.10308872E-39,-5.59994966E+04,-2.39962615E+03,-1.25456883E+03,-5.89878525E+01,2.33331658E+05,9.99846040E+03,2.30000000E+05,1.00000000E+04,7.76994427E+06,1.63111844E+09
2.50000000E+01,1.00000000E+00,1.45714330E-01,1.39978182E+08,2.69959604E+04,2.24756862E-08,-0.00000000E+00,-0.00000000E+00,-7.29472534E-32,-3.33207110E-33,4.16990591E+08,1.66820882E+07,4.17053494E-02,1.66846124E-03,-4.17175670E+08,-1.66896924E+07,-3.11824541E+04,-1.69590968E+03,-0.00000000E+00,-0.00000000E+00,2.55366244E-38,1.10308331E-39,-0.00000000E+00,-0.00000000E+00,2.55366244E-38,1.10308331E-39,-5.83991227E+04,-2.39962606E+03,-1.31355651E+03,-5.89875119E+01,2.43330118E+05,9.99846003E+03,2.40000000E+05,1.00000000E+04,7.76994398E+06,1.63111844E+09
2.60000000E+01,1.00000000E+00,1.45724991E-01,1.39978177E+08,2.69958415E+04,1.66679204E-08,-0.00000000E+00,-0.00000000E+00,-7.62793158E-32,-3.33205642E-33,4.33672893E+08,1.66823020E+07,4.33738321E-02,1.66848269E-03,-4.33865576E+08,-1.66899062E+07,-3.28783944E+04,-1.69594630E+03,-0.00000000E+00,-0.00000000E+00,2.66397045E-38,1.10307794E-39,-0.00000000E+00,-0.00000000E+00,2.66397045E-38,1.10307794E-39,-6.07987487E+04,-2.39962597E+03,-1.37254385E+03,-5.89871715E+01,2.53328577E+05,9.99845966E+03,2.50000000E+05,1.00000000E+04,7.76994368E+06,1.63111844E+09
2.70000000E+01,1.00000000E+00,1.45735649E-01,1.39978172E+08,2.69957227E+04,1.23608939E-08,-0.00000000E+00,-0.00000000E+00,-7.96113637E-32,-3.33204176E-33,4.50355409E+08,1.66825157E+07,4.50423363E-02,1.66850413E-03,-4.50555696E+08,-1.66901199E+07,-3.45743713E+04,-1.69598291E+03,-0.00000000E+00,-0.00000000E+00,2.77427792E-38,1.10307261E-39,-0.00000000E+00,-0.00000000E+00,2.77427792E-38,1.10307261E-39,-6.31983745E+04,-2.39962588E+03,-1.43153084E+03,-5.89868311E+01,2.63327037E+05,9.99845929E+03,2.60000000E+05,1.00000000E+04,7.76994338E+06,1.63111844E+09
2.80000000E+01,1.00000000E+00,1.45746305E-01,1.39978166E+08,2.69956039E+04,9.16681233E-09,-0.00000000E+00,-0.00000000E+00,-8.29433968E-32,-3.33202709E-33,4.67038138E+08,1.66827293E+07,4.67108618E-02,1.66852555E-03,-4.67246029E+08,-1.66903335E+07,-3.62703848E+04,-1.69601951E+03,-0.00000000E+00,-0.00000000E+00,2.88458486E-38,1.10306731E-39,-0.00000000E+00,-0.00000000E+00,2.88458486E-38,1.10306731E-39,-6.55980003E+04,-2.39962579E+03,-1.49051750E+03,-5.89864908E+01,2.73325496E+05,9.99845892E+03,2.70000000E+05,1.00000000E+04,7.76994308E+06,1.63111844E+09
2.90000000E+01,1.00000000E+00,1.45756957E-01,1.39978161E+08,2.69954851E+04,6.79808833E-09,-0.00000000E+00,-0.00000000E+00,-8.62754153E-32,-3.33201243E-33,4.83721081E+08,1.66829427E+07,4.83794088E-02,1.66854696E-03,-4.83936576E+08,-1.66905469E+07,-3.79664348E+04,-1.69605610E+03,-0.00000000E+00,-0.00000000E+00,2.99489128E-38,1.10306204E-39,-0.00000000E+00,-0.00000000E+00,2.99489128E-38,1.10306204E-39,-6.79976260E+04,-2.39962570E+03,-1.54950381E+03,-5.89861506E+01,2.83323954E+05,9.99845855E+03,2.80000000E+05,1.00000000E+04,7.76994279E+06,1.63111844E+09
3.00000000E+01,1.00000000E+00,1.45767606E-01,1.39978156E+08,2.69953663E+04,5.04144771E-09,-0.00000000E+00,-0.00000000E+00,-8.96074192E-32,-3.33199777E-33,5.00404237E+08,1.66831560E+07,5.00479771E-02,1.66856835E-03,-5.00627336E+08,-1.66907601E+07,-3.96625215E+04,-1.69609268E+03,-0.00000000E+00,-0.00000000E+00,3.10519717E-38,1.10305680E-39,-0.00000000E+00,-0.00000000E+00,3.10519717E-38,1.10305680E-39,-7.03972517E+04,-2.39962562E+03,-1.60848979E+03,-5.89858105E+01,2.93322412E+05,9.99845818E+03,2.90000000E+05,1.00000000E+04,7.76994249E+06,1.63111844E+09
3.10000000E+01,1.00000000E+00,1.45778253E-01,1.39978150E+08,2.69952476E+04,3.73872681E-09,-0.00000000E+00,-0.00000000E+00,-9.29394084E-32,-3.33198312E-33,5.17087606E+08,1.66833691E+07,5.17165668E-02,1.66858973E-03,-5.17318309E+08,-1.66909732E+07,-4.13586447E+04,-1.69612925E+03,-0.00000000E+00,-0.00000000E+00,3.21550253E-38,1.10305160E-39,-0.00000000E+00,-0.00000000E+00,3.21550253E-38,1.10305160E-39,-7.27968772E+04,-2.39962553E+03,-1.66747543E+03,-5.89854705E+01,3.03320870E+05,9.99845781E+03,3.00000000E+05,1.00000000E+04,7.76994220E+06,1.63111844E+09
3.20000000E+01,1.00000000E+00,1.45788897E-01,1.39978145E+08,2.69951289E+04,2.77263180E-09,-0.00000000E+00,-0.00000000E+00,-9.62713829E-32,-3.33196847E-33,5.33771188E+08,1.66835820E+07,5.33851779E-02,1.66861109E-03,-5.34009496E+08,-1.66911862E+07,-4.30548045E+04,-1.69616581E+03,-0.00000000E+00,-0.00000000E+00,3.32580738E-38,1.10304642E-39,-0.00000000E+00,-0.00000000E+00,3.32580738E-38,1.10304642E-39,-7.51965026E+04,-2.39962544E+03,-1.72646072E+03,-5.89851306E+01,3.13319328E+05,9.99845744E+03,3.10000000E+05,1.00000000E+04,7.76994190E+06,1.63111844E+09
3.30000000E+01,1.00000000E+00,1.45799537E-01,1.39978140E+08,2.69950103E+04,2.05617781E-09,-0.00000000E+00,-0.00000000E+00,-9.96033428E-32,-3.33195383E-33,5.50454983E+08,1.66837948E+07,5.50538104E-02,1.66863244E-03,-5.50700895E+08,-1.66913990E+07,-4.47510009E+04,-1.69620237E+03,-0.00000000E+00,-0.00000000E+00,3.43611171E-38,1.10304128E-39,-0.00000000E+00,-0.00000000E+00,3.43611171E-38,1.10304128E-39,-7.75961280E+04,-2.39962535E+03,-1.78544568E+03,-5.89847907E+01,3.23317785E+05,9.99845707E+03,3.20000000E+05,1.00000000E+04,7.76994161E+06,1.63111844E+09
3.40000000E+01,1.00000000E+00,1.45810175E-01,1.39978134E+08,2.69948916E+04,1.52485707E-09,-0.00000000E+00,-0.00000000E+00,-1.02935288E-31,-3.33193918E-33,5.67138991E+08,1.66840075E+07,5.67224641E-02,1.66865377E-03,-5.67392506E+08,-1.66916117E+07,-4.64472338E+04,-1.69623891E+03,-0.00000000E+00,-0.00000000E+00,3.54641553E-38,1.10303617E-39,-0.00000000E+00,-0.00000000E+00,3.54641553E-38,1.10303617E-39,-7.99957532E+04,-2.39962526E+03,-1.84443030E+03,-5.89844509E+01,3.33316241E+05,9.99845670E+03,3.30000000E+05,1.00000000E+04,7.76994131E+06,1.63111844E+09
3.50000000E+01,1.00000000E+00,1.45820810E-01,1.39978129E+08,2.69947730E+04,1.13083075E-09,-0.00000000E+00,-0.00000000E+00,-1.06267219E-31,-3.33192454E-33,5.83823211E+08,1.66842200E+07,5.83911392E-02,1.66867509E-03,-5.84084330E+08,-1.66918242E+07,-4.81435032E+04,-1.69627545E+03,-0.00000000E+00,-0.00000000E+00,3.65671884E-38,1.10303109E-39,-0.00000000E+00,-0.00000000E+00,3.65671884E-38,1.10303109E-39,-8.23953784E+04,-2.39962517E+03,-1.90341457E+03,-5.89841113E+01,3.43314698E+05,9.99845633E+03,3.40000000E+05,1.00000000E+04,7.76994101E+06,1.63111844E+09
3.60000000E+01,1.00000000E+00,1.45831442E-01,1.39978124E+08,2.69946545E+04,8.38621671E-10,-0.00000000E+00,-0.00000000E+00,-1.09599135E-31,-3.33190991E-33,6.00507643E+08,1.66844324E+07,6.00598356E-02,1.66869640E-03,-6.00776367E+08,-1.66920366E+07,-4.98398092E+04,-1.69631197E+03,-0.00000000E+00,-0.00000000E+00,3.76702165E-38,1.10302604E-39,-0.00000000E+00,-0.00000000E+00,3.76702165E-38,1.10302604E-39,-8.47950035E+04,-2.39962508E+03,-1.96239851E+03,-5.89837717E+01,3.53313154E+05,9.99845596E+03,3.50000000E+05,1.00000000E+04,7.76994072E+06,1.63111844E+09
3.70000000E+01,1.00000000E+00,1.45842072E-01,1.39978119E+08,2.69945359E+04,6.21920045E-10,-0.00000000E+00,-0.00000000E+00,-1.12931036E-31,-3.33189528E-33,6.17192288E+08,1.66846446E+07,6.17285533E-02,1.66871769E-03,-6.17468616E+08,-1.66922488E+07,-5.15361517E+04,-1.69634849E+03,-0.00000000E+00,-0.00000000E+00,3.87732395E-38,1.10302102E-39,-0.00000000E+00,-0.00000000E+00,3.87732395E-38,1.10302102E-39,-8.71946285E+04,-2.39962499E+03,-2.02138211E+03,-5.89834322E+01,3.63311609E+05,9.99845559E+03,3.60000000E+05,1.00000000E+04,7.76994042E+06,1.63111844E+09
3.80000000E+01,1.00000000E+00,1.45852698E-01,1.39978113E+08,2.69944174E+04,4.61214582E-10,-0.00000000E+00,-0.00000000E+00,-1.16262923E-31,-3.33188065E-33,6.33877144E+08,1.66848567E+07,6.33972923E-02,1.66873896E-03,-6.34161077E+08,-1.66924609E+07,-5.32325307E+04,-1.69638500E+03,-0.00000000E+00,-0.00000000E+00,3.98762575E-38,1.10301604E-39,-0.00000000E+00,-0.00000000E+00,3.98762575E-38,1.10301604E-39,-8.95942534E+04,-2.39962490E+03,-2.08036536E+03,-5.89830927E+01,3.73310065E+05,9.99845522E+03,3.70000000E+05,1.00000000E+04,7.76994013E+06,1.63111844E+09
3.90000000E+01,1.00000000E+00,1.45863321E-01,1.39978108E+08,2.69942989E+04,3.42035753E-10,-0.00000000E+00,-0.00000000E+00,-1.19594795E-31,-3.33186603E-33,6.50562213E+08,1.66850687E+07,6.50660525E-02,1.66876022E-03,-6.50853749E+08,-1.66926728E+07,-5.49289462E+04,-1.69642150E+03,-0.00000000E+00,-0.00000000E+00,4.09792706E-38,1.10301108E-39,-0.00000000E+00,-0.00000000E+00,4.09792706E-38,1.10301108E-39,-9.19938782E+04,-2.39962481E+03,-2.13934828E+03,-5.89827534E+01,3.83308519E+05,9.99845485E+03,3.80000000E+05,1.00000000E+04,7.76993984E+06,1.63111844E+09
4.00000000E+01,1.00000000E+00,1.45873942E-01,1.39978103E+08,2.69941805E+04,2.53652989E-10,-0.00000000E+00,-0.00000000E+00,-1.22926652E-31,-3.33185141E-33,6.67247494E+08,1.66852805E+07,6.67348340E-02,1.66878147E-03,-6.67546634E+08,-1.66928846E+07,-5.66253982E+04,-1.69645799E+03,-0.00000000E+00,-0.00000000E+00,4.20822787E-38,1.10300615E-39,-0.00000000E+00,-0.00000000E+00,4.20822787E-38,1.10300615E-39,-9.43935029E+04,-2.39962473E+03,-2.19833086E+03,-5.89824141E+01,3.93306974E+05,9.99845448E+03,3.90000000E+05,1.00000000E+04,7.76993954E+06,1.63111844E+09
4.10000000E+01,1.00000000E+00,1.45884560E-01,1.39978097E+08,2.69940621E+04,1.88108518E-10,-0.00000000E+00,-0.00000000E+00,-1.26258495E-31,-3.33183679E-33,6.83932986E+08,1.66854922E+07,6.84036367E-02,1.66880271E-03,-6.84239730E+08,-1.66930963E+07,-5.83218867E+04,-1.69649447E+03,-0.00000000E+00,-0.00000000E+00,4.31852819E-38,1.10300125E-39,-0.00000000E+00,-0.00000000E+00,4.31852819E-38,1.10300125E-39,-9.67931275E+04,-2.39962464E+03,-2.25731310E+03,-5.89820750E+01,4.03305428E+05,9.99845411E+03,4.00000000E+05,1.00000000E+04,7.76993925E+06,1.63111844E+09
4.20000000E+01,1.00000000E+00,1.45895175E-01,1.39978092E+08,2.69939437E+04,1.39500879E-10,-0.00000000E+00,-0.00000000E+00,-1.29590323E-31,-3.33182218E-33,7.00618689E+08,1.66857037E+07,7.00724606E-02,1.66882392E-03,-7.00933038E+08,-1.66933078E+07,-6.00184116E+04,-1.69653094E+03,-0.00000000E+00,-0.00000000E+00,4.42882802E-38,1.10299638E-39,-0.00000000E+00,-0.00000000E+00,4.42882802E-38,1.10299638E-39,-9.91927521E+04,-2.39962455E+03,-2.31629500E+03,-5.89817359E+01,4.13303882E+05,9.99845374E+03,4.10000000E+05,1.00000000E+04,7.76993895E+06,1.63111844E+09
4.30000000E+01,1.00000000E+00,1.45905786E-01,1.39978087E+08,2.69938253E+04,1.03453557E-10,-0.00000000E+00,-0.00000000E+00,-1.32922137E-31,-3.33180757E-33,7.17304605E+08,1.66859151E+07,7.17413057E-02,1.66884513E-03,-7.17626557E+08,-1.66935192E+07,-6.17149730E+04,-1.69656740E+03,-0.00000000E+00,-0.00000000E+00,4.53912736E-38,1.10299153E-39,-0.00000000E+00,-0.00000000E+00,4.53912736E-38,1.10299153E-39,-1.01592377E+05,-2.39962446E+03,-2.37527656E+03,-5.89813969E+01,4.23302335E+05,9.99845337E+03,4.20000000E+05,1.00000000E+04,7.76993866E+06,1.63111844E+09
4.40000000E+01,1.00000000E+00,1.45916396E-01,1.39978081E+08,2.69937070E+04,7.67209389E-11,-0.00000000E+00,-0.00000000E+00,-1.36253936E-31,-3.33179296E-33,7.33990731E+08,1.66861263E+07,7.34101721E-02,1.66886632E-03,-7.34320288E+08,-1.66937305E+07,-6.34115709E+04,-1.69660386E+03,-0.00000000E+00,-0.00000000E+00,4.64942623E-38,1.10298672E-39,-0.00000000E+00,-0.00000000E+00,4.64942623E-38,1.10298672E-39,-1.03992001E+05,-2.39962437E+03,-2.43425779E+03,-5.89810580E+01,4.33300788E+05,9.99845300E+03,4.30000000E+05,1.00000000E+04,7.76993837E+06,1.63111844E+09
4.50000000E+01,1.00000000E+00,1.45927002E-01,1.39978076E+08,2.69935887E+04,5.68960863E-11,-0.00000000E+00,-0.00000000E+00,-1.39585720E-31,-3.33177836E-33,7.50677068E+08,1.66863375E+07,7.50790596E-02,1.66888750E-03,-7.51014229E+08,-1.66939416E+07,-6.51082052E+04,-1.69664030E+03,-0.00000000E+00,-0.00000000E+00,4.75972461E-38,1.10298193E-39,-0.00000000E+00,-0.00000000E+00,4.75972461E-38,1.10298193E-39,-1.06391625E+05,-2.39962428E+03,-2.49323867E+03,-5.89807192E+01,4.43299241E+05,9.99845263E+03,4.40000000E+05,1.00000000E+04,7.76993807E+06,1.63111844E+09
4.60000000E+01,1.00000000E+00,1.45937605E-01,1.39978071E+08,2.69934704E+04,4.21940176E-11,-0.00000000E+00,-0.00000000E+00,-1.42917490E-31,-3.33176376E-33,7.67363617E+08,1.66865484E+07,7.67479682E-02,1.66890866E-03,-7.67708382E+08,-1.66941525E+07,-6.68048759E+04,-1.69667674E+03,-0.00000000E+00,-0.00000000E+00,4.87002252E-38,1.10297718E-39,-0.00000000E+00,-0.00000000E+00,4.87002252E-38,1.10297718E-39,-1.08791249E+05,-2.39962419E+03,-2.55221922E+03,-5.89803804E+01,4.53297693E+05,9.99845226E+03,4.50000000E+05,1.00000000E+04,7.76993778E+06,1.63111844E+09
4.70000000E+01,1.00000000E+00,1.45948205E-01,1.39978066E+08,2.69933521E+04,3.12909946E-11,-0.00000000E+00,-0.00000000E+00,-1.46249245E-31,-3.33174916E-33,7.84050376E+08,1.66867593E+07,7.84168980E-02,1.66892981E-03,-7.84402745E+08,-1.66943634E+07,-6.85015831E+04,-1.69671316E+03,-0.00000000E+00,-0.00000000E+00,4.98031995E-38,1.10297244E-39,-0.00000000E+00,-0.00000000E+00,4.98031995E-38,1.10297244E-39,-1.11190873E+05,-2.39962410E+03,-2.61119942E+03,-5.89800418E+01,4.63296145E+05,9.99845189E+03,4.60000000E+05,1.00000000E+04,7.76993749E+06,1.63111844E+09
4.80000000E+01,1.00000000E+00,1.45958803E-01,1.39978060E+08,2.69932339E+04,2.32053358E-11,-0.00000000E+00,-0.00000000E+00,-1.49580986E-31,-3.33173457E-33,8.00737346E+08,1.66869700E+07,8.00858490E-02,1.66895095E-03,-8.01097319E+08,-1.66945741E+07,-7.01983267E+04,-1.69674958E+03,-0.00000000E+00,-0.00000000E+00,5.09061691E-38,1.10296774E-39,-0.00000000E+00,-0.00000000E+00,5.09061691E-38,1.10296774E-39,-1.13590498E+05,-2.39962401E+03,-2.67017929E+03,-5.89797032E+01,4.73294596E+05,9.99845152E+03,4.70000000E+05,1.00000000E+04,7.76993719E+06,1.63111844E+09
4.90000000E+01,1.00000000E+00,1.45969398E-01,1.39978055E+08,2.69931157E+04,1.72090282E-11,-0.00000000E+00,-0.00000000E+00,-1.52912712E-31,-3.33171999E-33,8.17424527E+08,1.66871805E+07,8.17548210E-02,1.66897207E-03,-8.17792104E+08,-1.66947846E+07,-7.18951067E+04,-1.69678599E+03,-0.00000000E+00,-0.00000000E+00,5.20091340E-38,1.10296307E-39,-0.00000000E+00,-0.00000000E+00,5.20091340E-38,1.10296307E-39,-1.15990121E+05,-2.39962393E+03,-2.72915882E+03,-5.89793647E+01,4.83293048E+05,9.99845115E+03,4.80000000E+05,1.00000000E+04,7.76993690E+06,1.63111844E+09
5.00000000E+01,1.00000000E+00,1.45979989E-01,1.39978050E+08,2.69929976E+04,1.27621792E-11,-0.00000000E+00,-0.00000000E+00,-1.56244423E-31,-3.33170540E-33,8.34111918E+08,1.66873909E+07,8.34238142E-02,1.66899318E-03,-8.34487099E+08,-1.66949950E+07,-7.35919231E+04,-1.69682239E+03,-0.00000000E+00,-0.00000000E+00,5.31120943E-38,1.10295842E-39,-0.00000000E+00,-0.00000000E+00,5.31120943E-38,1.10295842E-39,-1.18389745E+05,-2.39962384E+03,-2.78813801E+03,-5.89790263E+01,4.93291498E+05,9.99845078E+03,4.90000000E+05,1.00000000E+04,7.76993661E+06,1.63111844E+09
