Time [d],dt_flow [d],dt_tran [d],Global Water Mass in Liquid Phas [kg],Global Vaq [mol],Global Vim [mol],Top Water Mass [kg],Top Water Mass [kg/d],Top Vaq [mol],Top Vaq [mol/d],Right Water Mass [kg],Right Water Mass [kg/d],Right Vaq [mol],Right Vaq [mol/d],Left Water Mass [kg],Left Water Mass [kg/d],Left Vaq [mol],Left Vaq [mol/d],North Water Mass [kg],North Water Mass [kg/d],North Vaq [mol],North Vaq [mol/d],South Water Mass [kg],South Water Mass [kg/d],South Vaq [mol],South Vaq [mol/d],ExtractWell Water Mass [kg],ExtractWell Water Mass [kg/d],ExtractWell Vaq [mol],ExtractWell Vaq [mol/d],InjectWell Water Mass [kg],InjectWell Water Mass [kg/d],InjectWell Vaq [mol],InjectWell Vaq [mol/d],Region Region__all Water Mass [kg],Region Region__all Total Mass [kg]
1.00000000E+00,4.89000000E-01,1.37558569E-02,1.39978621E+08,1.06831486E-02,2.95851900E-05,-0.00000000E+00,-0.00000000E+00,2.38389773E-40,4.09394236E-40,2.50219809E+07,2.50213931E+07,2.50256326E-03,2.50250455E-03,-2.50245613E+07,-2.50252963E+07,-2.13364518E-03,-1.85123586E-03,-0.00000000E+00,-0.00000000E+00,2.36911256E-40,4.06857802E-40,-0.00000000E+00,-0.00000000E+00,2.36911256E-40,4.06857802E-40,-8.08074187E+02,-1.22621270E+03,-6.57821109E-08,-9.07345090E-08,3.36698476E+03,5.10923323E+03,3.36749000E-07,5.11000000E-07,7.76996829E+06,1.63109144E+09
2.00000000E+00,4.88000000E-01,6.61072509E-02,1.39978603E+08,8.53712375E+03,2.18670749E-05,-0.00000000E+00,-0.00000000E+00,-5.89289125E-34,-1.05372326E-33,5.00413485E+07,2.50196176E+07,5.00486540E-03,2.50232719E-03,-5.00515453E+07,-2.50272332E+07,-6.37566232E-03,-2.16998004E-02,-0.00000000E+00,-0.00000000E+00,7.84999932E-40,6.50918827E-40,-0.00000000E+00,-0.00000000E+00,7.84999932E-40,6.50918827E-40,-3.20770742E+03,-2.39963317E+03,-4.68439029E+00,-1.67405258E+01,1.33654835E+04,9.99849853E+03,1.00000000E+04,1.00000000E+04,7.76996731E+06,1.63109998E+09
3.00000000E+00,1.00000000E+00,2.96466770E-02,1.39978588E+08,1.48143754E+04,1.61640051E-05,-0.00000000E+00,-0.00000000E+00,-2.07746876E-33,-1.82851547E-33,7.50618319E+07,2.50204834E+07,7.50727941E-03,2.50241401E-03,-7.50796421E+07,-2.50280968E+07,-5.00878527E+00,-2.18809961E+01,-0.00000000E+00,-0.00000000E+00,1.51642533E-39,7.88345782E-40,-0.00000000E+00,-0.00000000E+00,1.51642533E-39,7.88345782E-40,-5.60734036E+03,-2.39963294E+03,-3.99279687E+01,-4.50505860E+01,2.33639812E+04,9.99849766E+03,2.00000000E+04,1.00000000E+04,7.76996651E+06,1.63110626E+09
4.00000000E+00,1.00000000E+00,9.76268825E-02,1.39978575E+08,1.92458916E+04,1.19606092E-05,-0.00000000E+00,-0.00000000E+00,-4.22371181E-33,-2.37549117E-33,1.00083107E+08,2.50212749E+07,1.00097728E-02,2.50249339E-03,-1.00108529E+08,-2.50288870E+07,-2.15535154E+02,-5.06074789E+02,-0.00000000E+00,-0.00000000E+00,2.34709088E-39,8.57991515E-40,-0.00000000E+00,-0.00000000E+00,2.34709088E-39,8.57991515E-40,-8.00697309E+03,-2.39963273E+03,-8.70054138E+01,-4.76417332E+01,3.33624780E+04,9.99849681E+03,3.00000000E+04,1.00000000E+04,7.76996577E+06,1.63111069E+09
5.00000000E+00,1.00000000E+00,5.01634223E-02,1.39978563E+08,2.16832538E+04,8.85019241E-06,-0.00000000E+00,-0.00000000E+00,-6.78429653E-33,-2.67633131E-33,1.25105138E+08,2.50220309E+07,1.25123420E-02,2.50256921E-03,-1.25138171E+08,-2.50296424E+07,-1.39431037E+03,-1.78361245E+03,-0.00000000E+00,-0.00000000E+00,3.22382095E-39,8.87959311E-40,-0.00000000E+00,-0.00000000E+00,3.22382095E-39,8.87959311E-40,-1.04066056E+04,-2.39963252E+03,-1.34699369E+02,-4.77050635E+01,4.33609739E+04,9.99849596E+03,4.00000000E+04,1.00000000E+04,7.76996507E+06,1.63111313E+09
6.00000000E+00,1.00000000E+00,5.01909640E-02,1.39978550E+08,2.24963986E+04,6.54865445E-06,-0.00000000E+00,-0.00000000E+00,-9.52682952E-33,-2.77669662E-33,1.50127909E+08,2.50227717E+07,1.50149855E-02,2.50264353E-03,-1.50168554E+08,-2.50303829E+07,-3.74706058E+03,-2.70606291E+03,-0.00000000E+00,-0.00000000E+00,4.11824489E-39,8.97927885E-40,-0.00000000E+00,-0.00000000E+00,4.11824489E-39,8.97927885E-40,-1.28062379E+04,-2.39963232E+03,-1.82404662E+02,-4.77049727E+01,5.33594691E+04,9.99849511E+03,5.00000000E+04,1.00000000E+04,7.76996439E+06,1.63111394E+09
7.00000000E+00,1.00000000E+00,5.02182589E-02,1.39978538E+08,2.26533703E+04,4.84564273E-06,-0.00000000E+00,-0.00000000E+00,-1.23170420E-32,-2.79607140E-33,1.75151416E+08,2.50235065E+07,1.75177028E-02,2.50271724E-03,-1.75199672E+08,-2.50311177E+07,-6.63800181E+03,-2.98012757E+03,-0.00000000E+00,-0.00000000E+00,5.01780637E-39,9.00354752E-40,-0.00000000E+00,-0.00000000E+00,5.01780637E-39,9.00354752E-40,-1.52058700E+04,-2.39963211E+03,-2.30109206E+02,-4.77041019E+01,6.33579633E+04,9.99849426E+03,6.00000000E+04,1.00000000E+04,7.76996371E+06,1.63111410E+09
8.00000000E+00,1.00000000E+00,5.02454625E-02,1.39978526E+08,2.26718927E+04,3.58550769E-06,-0.00000000E+00,-0.00000000E+00,-1.51147795E-32,-2.79835760E-33,2.00175655E+08,2.50242390E+07,2.00204935E-02,2.50279071E-03,-2.00231522E+08,-2.50318500E+07,-9.64877241E+03,-3.02310883E+03,-0.00000000E+00,-0.00000000E+00,5.91845500E-39,9.00775488E-40,-0.00000000E+00,-0.00000000E+00,5.91845500E-39,9.00775488E-40,-1.76055020E+04,-2.39963191E+03,-2.77812878E+02,-4.77032317E+01,7.33564567E+04,9.99849341E+03,7.00000000E+04,1.00000000E+04,7.76996303E+06,1.63111411E+09
9.00000000E+00,1.00000000E+00,5.02726309E-02,1.39978514E+08,2.26730872E+04,2.65307715E-06,-0.00000000E+00,-0.00000000E+00,-1.79132546E-32,-2.79850504E-33,2.25200625E+08,2.50249702E+07,2.25233575E-02,2.50286407E-03,-2.25264103E+08,-2.50325813E+07,-1.26750467E+04,-3.02736521E+03,-0.00000000E+00,-0.00000000E+00,6.81926329E-39,9.00818895E-40,-0.00000000E+00,-0.00000000E+00,6.81926329E-39,9.00818895E-40,-2.00051337E+04,-2.39963171E+03,-3.25515682E+02,-4.77023641E+01,8.33549493E+04,9.99849256E+03,8.00000000E+04,1.00000000E+04,7.76996235E+06,1.63111412E+09
1.00000000E+01,1.00000000E+00,5.02997835E-02,1.39978501E+08,2.26728464E+04,1.96312997E-06,-0.00000000E+00,-0.00000000E+00,-2.07117449E-32,-2.79847532E-33,2.50226326E+08,2.50257008E+07,2.50262949E-02,2.50293735E-03,-2.50297415E+08,-2.50333119E+07,-1.57027195E+04,-3.02774466E+03,-0.00000000E+00,-0.00000000E+00,7.72007817E-39,9.00810616E-40,-0.00000000E+00,-0.00000000E+00,7.72007817E-39,9.00810616E-40,-2.24047652E+04,-2.39963150E+03,-3.73217618E+02,-4.77014976E+01,9.33534410E+04,9.99849171E+03,9.00000000E+04,1.00000000E+04,7.76996168E+06,1.63111412E+09
1.10000000E+01,1.00000000E+00,5.03269262E-02,1.39978489E+08,2.26725204E+04,1.45260716E-06,-0.00000000E+00,-0.00000000E+00,-2.35101975E-32,-2.79843507E-33,2.75252757E+08,2.50264308E+07,2.75293055E-02,2.50301058E-03,-2.75331457E+08,-2.50340419E+07,-1.87305719E+04,-3.02785994E+03,-0.00000000E+00,-0.00000000E+00,8.62088091E-39,9.00797056E-40,-0.00000000E+00,-0.00000000E+00,8.62088091E-39,9.00797056E-40,-2.48043965E+04,-2.39963130E+03,-4.20918688E+02,-4.77006315E+01,1.03351932E+05,9.99849086E+03,1.00000000E+05,1.00000000E+04,7.76996100E+06,1.63111411E+09
1.20000000E+01,1.00000000E+00,5.03540606E-02,1.39978477E+08,2.26721906E+04,1.07484851E-06,-0.00000000E+00,-0.00000000E+00,-2.63086095E-32,-2.79839437E-33,3.00279917E+08,2.50271603E+07,3.00323892E-02,2.50308376E-03,-3.00366228E+08,-2.50347713E+07,-2.17585293E+04,-3.02796195E+03,-0.00000000E+00,-0.00000000E+00,9.52166982E-39,9.00783153E-40,-0.00000000E+00,-0.00000000E+00,9.52166982E-39,9.00783153E-40,-2.72040276E+04,-2.39963109E+03,-4.68618893E+02,-4.76997657E+01,1.13350422E+05,9.99849001E+03,1.10000000E+05,1.00000000E+04,7.76996033E+06,1.63111411E+09
1.30000000E+01,1.00000000E+00,5.03811873E-02,1.39978465E+08,2.26718609E+04,7.95328036E-07,-0.00000000E+00,-0.00000000E+00,-2.91069807E-32,-2.79835367E-33,3.25307806E+08,2.50278893E+07,3.25355461E-02,2.50315688E-03,-3.25401729E+08,-2.50355003E+07,-2.47865883E+04,-3.02806345E+03,-0.00000000E+00,-0.00000000E+00,1.04224449E-38,9.00769314E-40,-0.00000000E+00,-0.00000000E+00,1.04224449E-38,9.00769313E-40,-2.96036584E+04,-2.39963089E+03,-5.16318231E+02,-4.76989002E+01,1.23348911E+05,9.99848916E+03,1.20000000E+05,1.00000000E+04,7.76995965E+06,1.63111411E+09
1.40000000E+01,1.00000000E+00,5.04083063E-02,1.39978453E+08,2.26715312E+04,5.88498389E-07,-0.00000000E+00,-0.00000000E+00,-3.19053113E-32,-2.79831298E-33,3.50336424E+08,2.50286177E+07,3.50387761E-02,2.50322995E-03,-3.50437958E+08,-2.50362287E+07,-2.78147487E+04,-3.02816492E+03,-0.00000000E+00,-0.00000000E+00,1.13232061E-38,9.00755563E-40,-0.00000000E+00,-0.00000000E+00,1.13232061E-38,9.00755563E-40,-3.20032891E+04,-2.39963069E+03,-5.64016704E+02,-4.76980348E+01,1.33347399E+05,9.99848831E+03,1.30000000E+05,1.00000000E+04,7.76995898E+06,1.63111411E+09
1.50000000E+01,1.00000000E+00,5.04354177E-02,1.39978441E+08,2.26712016E+04,4.35455938E-07,-0.00000000E+00,-0.00000000E+00,-3.47036011E-32,-2.79827230E-33,3.75365770E+08,2.50293456E+07,3.75420791E-02,2.50330297E-03,-3.75474914E+08,-2.50369566E+07,-3.08430107E+04,-3.02826638E+03,-0.00000000E+00,-0.00000000E+00,1.22239537E-38,9.00741902E-40,-0.00000000E+00,-0.00000000E+00,1.22239537E-38,9.00741902E-40,-3.44029196E+04,-2.39963048E+03,-6.11714312E+02,-4.76971697E+01,1.43345887E+05,9.99848746E+03,1.40000000E+05,1.00000000E+04,7.76995830E+06,1.63111411E+09
1.60000000E+01,1.00000000E+00,5.04625215E-02,1.39978428E+08,2.26708721E+04,3.22213038E-07,-0.00000000E+00,-0.00000000E+00,-3.75018503E-32,-2.79823163E-33,4.00395843E+08,2.50300730E+07,4.00454550E-02,2.50337594E-03,-4.00512598E+08,-2.50376840E+07,-3.38713740E+04,-3.02836780E+03,-0.00000000E+00,-0.00000000E+00,1.31246876E-38,9.00728329E-40,-0.00000000E+00,-0.00000000E+00,1.31246876E-38,9.00728329E-40,-3.68025499E+04,-2.39963028E+03,-6.59411055E+02,-4.76963048E+01,1.53344373E+05,9.99848661E+03,1.50000000E+05,1.00000000E+04,7.76995763E+06,1.63111411E+09
1.70000000E+01,1.00000000E+00,5.04896177E-02,1.39978416E+08,2.26705427E+04,2.38419623E-07,-0.00000000E+00,-0.00000000E+00,-4.03000589E-32,-2.79819097E-33,4.25426643E+08,2.50307999E+07,4.25489039E-02,2.50344886E-03,-4.25551009E+08,-2.50384109E+07,-3.68998388E+04,-3.02846921E+03,-0.00000000E+00,-0.00000000E+00,1.40254080E-38,9.00714843E-40,-0.00000000E+00,-0.00000000E+00,1.40254080E-38,9.00714843E-40,-3.92021800E+04,-2.39963007E+03,-7.07106933E+02,-4.76954402E+01,1.63342859E+05,9.99848576E+03,1.60000000E+05,1.00000000E+04,7.76995696E+06,1.63111411E+09
1.80000000E+01,1.00000000E+00,5.05167063E-02,1.39978404E+08,2.26702134E+04,1.76417166E-07,-0.00000000E+00,-0.00000000E+00,-4.30982267E-32,-2.79815032E-33,4.50458169E+08,2.50315263E+07,4.50524256E-02,2.50352172E-03,-4.50590146E+08,-2.50391373E+07,-3.99284049E+04,-3.02857058E+03,-0.00000000E+00,-0.00000000E+00,1.49261150E-38,9.00701443E-40,-0.00000000E+00,-0.00000000E+00,1.49261150E-38,9.00701443E-40,-4.16018098E+04,-2.39962987E+03,-7.54801947E+02,-4.76945757E+01,1.73341344E+05,9.99848491E+03,1.70000000E+05,1.00000000E+04,7.76995628E+06,1.63111411E+09
1.90000000E+01,1.00000000E+00,5.05437873E-02,1.39978392E+08,2.26698841E+04,1.30538807E-07,-0.00000000E+00,-0.00000000E+00,-4.58963540E-32,-2.79810968E-33,4.75490421E+08,2.50322522E+07,4.75560201E-02,2.50359454E-03,-4.75630009E+08,-2.50398632E+07,-4.29570724E+04,-3.02867194E+03,-0.00000000E+00,-0.00000000E+00,1.58268087E-38,9.00688129E-40,-0.00000000E+00,-0.00000000E+00,1.58268087E-38,9.00688128E-40,-4.40014395E+04,-2.39962967E+03,-8.02496096E+02,-4.76937115E+01,1.83339828E+05,9.99848407E+03,1.80000000E+05,1.00000000E+04,7.76995561E+06,1.63111411E+09
2.00000000E+01,1.00000000E+00,5.05708606E-02,1.39978380E+08,2.26695550E+04,9.65913842E-08,-0.00000000E+00,-0.00000000E+00,-4.86944406E-32,-2.79806906E-33,5.00523399E+08,2.50329776E+07,5.00596874E-02,2.50366730E-03,-5.00670598E+08,-2.50405885E+07,-4.59858412E+04,-3.02877327E+03,-0.00000000E+00,-0.00000000E+00,1.67274890E-38,9.00674899E-40,-0.00000000E+00,-0.00000000E+00,1.67274890E-38,9.00674899E-40,-4.64010690E+04,-2.39962946E+03,-8.50189382E+02,-4.76928475E+01,1.93338311E+05,9.99848322E+03,1.90000000E+05,1.00000000E+04,7.76995494E+06,1.63111411E+09
2.10000000E+01,1.00000000E+00,5.05979264E-02,1.39978368E+08,2.26692259E+04,7.14721907E-08,-0.00000000E+00,-0.00000000E+00,-5.14924866E-32,-2.79802844E-33,5.25557101E+08,2.50337024E+07,5.25634274E-02,2.50374002E-03,-5.25711911E+08,-2.50413134E+07,-4.90147113E+04,-3.02887457E+03,-0.00000000E+00,-0.00000000E+00,1.76281562E-38,9.00661753E-40,-0.00000000E+00,-0.00000000E+00,1.76281562E-38,9.00661753E-40,-4.88006982E+04,-2.39962926E+03,-8.97881803E+02,-4.76919838E+01,2.03336794E+05,9.99848237E+03,2.00000000E+05,1.00000000E+04,7.76995427E+06,1.63111411E+09
2.20000000E+01,1.00000000E+00,5.06249846E-02,1.39978356E+08,2.26688969E+04,5.28853950E-08,-0.00000000E+00,-0.00000000E+00,-5.42904919E-32,-2.79798783E-33,5.50591528E+08,2.50344268E+07,5.50672401E-02,2.50381268E-03,-5.50753949E+08,-2.50420377E+07,-5.20436827E+04,-3.02897585E+03,-0.00000000E+00,-0.00000000E+00,1.85288103E-38,9.00648690E-40,-0.00000000E+00,-0.00000000E+00,1.85288103E-38,9.00648690E-40,-5.12003273E+04,-2.39962905E+03,-9.45573361E+02,-4.76911202E+01,2.13335275E+05,9.99848152E+03,2.10000000E+05,1.00000000E+04,7.76995359E+06,1.63111411E+09
2.30000000E+01,1.00000000E+00,5.06520352E-02,1.39978344E+08,2.26685679E+04,3.91322089E-08,-0.00000000E+00,-0.00000000E+00,-5.70884567E-32,-2.79794723E-33,5.75626679E+08,2.50351507E+07,5.75711254E-02,2.50388530E-03,-5.75796711E+08,-2.50427616E+07,-5.50727554E+04,-3.02907710E+03,-0.00000000E+00,-0.00000000E+00,1.94294514E-38,9.00635709E-40,-0.00000000E+00,-0.00000000E+00,1.94294514E-38,9.00635709E-40,-5.35999561E+04,-2.39962885E+03,-9.93264055E+02,-4.76902569E+01,2.23333756E+05,9.99848067E+03,2.20000000E+05,1.00000000E+04,7.76995292E+06,1.63111411E+09
2.40000000E+01,1.00000000E+00,5.06790782E-02,1.39978332E+08,2.26682391E+04,2.89556240E-08,-0.00000000E+00,-0.00000000E+00,-5.98863808E-32,-2.79790664E-33,6.00662553E+08,2.50358740E+07,6.00750833E-02,2.50395786E-03,-6.00840196E+08,-2.50434850E+07,-5.81019293E+04,-3.02917833E+03,-0.00000000E+00,-0.00000000E+00,2.03300795E-38,9.00622810E-40,-0.00000000E+00,-0.00000000E+00,2.03300795E-38,9.00622809E-40,-5.59995848E+04,-2.39962865E+03,-1.04095389E+03,-4.76893938E+01,2.33332236E+05,9.99847982E+03,2.30000000E+05,1.00000000E+04,7.76995225E+06,1.63111411E+09
2.50000000E+01,1.00000000E+00,5.07061136E-02,1.39978320E+08,2.26679103E+04,2.14255238E-08,-0.00000000E+00,-0.00000000E+00,-6.26842644E-32,-2.79786606E-33,6.25699150E+08,2.50365969E+07,6.25791137E-02,2.50403038E-03,-6.25884404E+08,-2.50442079E+07,-6.11312044E+04,-3.02927953E+03,-0.00000000E+00,-0.00000000E+00,2.12306948E-38,9.00609991E-40,-0.00000000E+00,-0.00000000E+00,2.12306948E-38,9.00609990E-40,-5.83992132E+04,-2.39962844E+03,-1.08864285E+03,-4.76885309E+01,2.43330715E+05,9.99847897E+03,2.40000000E+05,1.00000000E+04,7.76995158E+06,1.63111411E+09
2.60000000E+01,1.00000000E+00,5.07331414E-02,1.39978307E+08,2.26675816E+04,1.58536739E-08,-0.00000000E+00,-0.00000000E+00,-6.54821074E-32,-2.79782549E-33,6.50736469E+08,2.50373193E+07,6.50832165E-02,2.50410284E-03,-6.50929334E+08,-2.50449303E+07,-6.41605806E+04,-3.02938071E+03,-0.00000000E+00,-0.00000000E+00,2.21312974E-38,9.00597252E-40,-0.00000000E+00,-0.00000000E+00,2.21312973E-38,9.00597251E-40,-6.07988414E+04,-2.39962824E+03,-1.13633096E+03,-4.76876682E+01,2.53329193E+05,9.99847812E+03,2.50000000E+05,1.00000000E+04,7.76995091E+06,1.63111411E+09
2.70000000E+01,1.00000000E+00,5.07601616E-02,1.39978295E+08,2.26672530E+04,1.17308193E-08,-0.00000000E+00,-0.00000000E+00,-6.82799099E-32,-2.79778493E-33,6.75774510E+08,2.50380412E+07,6.75873918E-02,2.50417526E-03,-6.75974986E+08,-2.50456521E+07,-6.71900581E+04,-3.02948187E+03,-0.00000000E+00,-0.00000000E+00,2.30318872E-38,9.00584591E-40,-0.00000000E+00,-0.00000000E+00,2.30318872E-38,9.00584591E-40,-6.31984695E+04,-2.39962803E+03,-1.18401820E+03,-4.76868057E+01,2.63327670E+05,9.99847728E+03,2.60000000E+05,1.00000000E+04,7.76995024E+06,1.63111411E+09
2.80000000E+01,1.00000000E+00,5.07871743E-02,1.39978283E+08,2.26669245E+04,8.68013993E-09,-0.00000000E+00,-0.00000000E+00,-7.10776718E-32,-2.79774438E-33,7.00813273E+08,2.50387626E+07,7.00916394E-02,2.50424763E-03,-7.01021360E+08,-2.50463736E+07,-7.02196366E+04,-3.02958300E+03,-0.00000000E+00,-0.00000000E+00,2.39324644E-38,9.00572010E-40,-0.00000000E+00,-0.00000000E+00,2.39324644E-38,9.00572009E-40,-6.55980973E+04,-2.39962783E+03,-1.23170458E+03,-4.76859435E+01,2.73326147E+05,9.99847643E+03,2.70000000E+05,1.00000000E+04,7.76994957E+06,1.63111411E+09
2.90000000E+01,1.00000000E+00,5.08141793E-02,1.39978271E+08,2.26665961E+04,6.42280978E-09,-0.00000000E+00,-0.00000000E+00,-7.38753931E-32,-2.79770384E-33,7.25852756E+08,2.50394836E+07,7.25959593E-02,2.50431995E-03,-7.26068454E+08,-2.50470945E+07,-7.32493163E+04,-3.02968410E+03,-0.00000000E+00,-0.00000000E+00,2.48330291E-38,9.00559505E-40,-0.00000000E+00,-0.00000000E+00,2.48330291E-38,9.00559505E-40,-6.79977249E+04,-2.39962763E+03,-1.27939010E+03,-4.76850815E+01,2.83324622E+05,9.99847558E+03,2.80000000E+05,1.00000000E+04,7.76994890E+06,1.63111411E+09
3.00000000E+01,1.00000000E+00,5.08411768E-02,1.39978259E+08,2.26662677E+04,4.75251337E-09,-0.00000000E+00,-0.00000000E+00,-7.66730740E-32,-2.79766331E-33,7.50892960E+08,2.50402040E+07,7.51003516E-02,2.50439222E-03,-7.51116269E+08,-2.50478149E+07,-7.62790971E+04,-3.02978518E+03,-0.00000000E+00,-0.00000000E+00,2.57335813E-38,9.00547078E-40,-0.00000000E+00,-0.00000000E+00,2.57335813E-38,9.00547077E-40,-7.03973524E+04,-2.39962742E+03,-1.32707476E+03,-4.76842197E+01,2.93323097E+05,9.99847473E+03,2.90000000E+05,1.00000000E+04,7.76994823E+06,1.63111411E+09
3.10000000E+01,1.00000000E+00,5.08681668E-02,1.39978247E+08,2.26659394E+04,3.51658880E-09,-0.00000000E+00,-0.00000000E+00,-7.94707142E-32,-2.79762279E-33,7.75933884E+08,2.50409240E+07,7.76048160E-02,2.50446444E-03,-7.76164804E+08,-2.50485349E+07,-7.93089789E+04,-3.02988623E+03,-0.00000000E+00,-0.00000000E+00,2.66341211E-38,9.00534726E-40,-0.00000000E+00,-0.00000000E+00,2.66341211E-38,9.00534726E-40,-7.27969796E+04,-2.39962722E+03,-1.37475855E+03,-4.76833582E+01,3.03321571E+05,9.99847388E+03,3.00000000E+05,1.00000000E+04,7.76994756E+06,1.63111411E+09
3.20000000E+01,1.00000000E+00,5.08951491E-02,1.39978235E+08,2.26656112E+04,2.60207485E-09,-0.00000000E+00,-0.00000000E+00,-8.22683140E-32,-2.79758229E-33,8.00975528E+08,2.50416435E+07,8.01093526E-02,2.50453662E-03,-8.01214058E+08,-2.50492544E+07,-8.23389617E+04,-3.02998726E+03,-0.00000000E+00,-0.00000000E+00,2.75346487E-38,9.00522450E-40,-0.00000000E+00,-0.00000000E+00,2.75346487E-38,9.00522450E-40,-7.51966066E+04,-2.39962701E+03,-1.42244148E+03,-4.76824968E+01,3.13320044E+05,9.99847303E+03,3.10000000E+05,1.00000000E+04,7.76994690E+06,1.63111411E+09
3.30000000E+01,1.00000000E+00,5.09221239E-02,1.39978223E+08,2.26652831E+04,1.92538655E-09,-0.00000000E+00,-0.00000000E+00,-8.50658733E-32,-2.79754179E-33,8.26017890E+08,2.50423625E+07,8.26139614E-02,2.50460875E-03,-8.26264032E+08,-2.50499734E+07,-8.53690455E+04,-3.03008827E+03,-0.00000000E+00,-0.00000000E+00,2.84351640E-38,9.00510249E-40,-0.00000000E+00,-0.00000000E+00,2.84351640E-38,9.00510248E-40,-7.75962334E+04,-2.39962681E+03,-1.47012356E+03,-4.76816357E+01,3.23318516E+05,9.99847218E+03,3.20000000E+05,1.00000000E+04,7.76994623E+06,1.63111411E+09
3.40000000E+01,1.00000000E+00,5.09490911E-02,1.39978211E+08,2.26649551E+04,1.42467577E-09,-0.00000000E+00,-0.00000000E+00,-8.78633921E-32,-2.79750130E-33,8.51060972E+08,2.50430810E+07,8.51186422E-02,2.50468083E-03,-8.51314724E+08,-2.50506919E+07,-8.83992304E+04,-3.03018924E+03,-0.00000000E+00,-0.00000000E+00,2.93356671E-38,9.00498121E-40,-0.00000000E+00,-0.00000000E+00,2.93356671E-38,9.00498120E-40,-7.99958600E+04,-2.39962661E+03,-1.51780477E+03,-4.76807748E+01,3.33316987E+05,9.99847134E+03,3.30000000E+05,1.00000000E+04,7.76994556E+06,1.63111411E+09
3.50000000E+01,1.00000000E+00,5.09760507E-02,1.39978199E+08,2.26646271E+04,1.05417835E-09,-0.00000000E+00,-0.00000000E+00,-9.06608704E-32,-2.79746082E-33,8.76104771E+08,2.50437991E+07,8.76233951E-02,2.50475286E-03,-8.76366134E+08,-2.50514100E+07,-9.14295161E+04,-3.03029020E+03,-0.00000000E+00,-0.00000000E+00,3.02361581E-38,9.00486066E-40,-0.00000000E+00,-0.00000000E+00,3.02361581E-38,9.00486066E-40,-8.23954864E+04,-2.39962640E+03,-1.56548512E+03,-4.76799141E+01,3.43315458E+05,9.99847049E+03,3.40000000E+05,1.00000000E+04,7.76994489E+06,1.63111411E+09
3.60000000E+01,1.00000000E+00,5.10030028E-02,1.39978187E+08,2.26642992E+04,7.80031437E-10,-0.00000000E+00,-0.00000000E+00,-9.34583082E-32,-2.79742035E-33,9.01149287E+08,2.50445167E+07,9.01282199E-02,2.50482484E-03,-9.01418261E+08,-2.50521276E+07,-9.44599029E+04,-3.03039113E+03,-0.00000000E+00,-0.00000000E+00,3.11366372E-38,9.00474084E-40,-0.00000000E+00,-0.00000000E+00,3.11366372E-38,9.00474084E-40,-8.47951126E+04,-2.39962620E+03,-1.61316461E+03,-4.76790536E+01,3.53313927E+05,9.99846964E+03,3.50000000E+05,1.00000000E+04,7.76994423E+06,1.63111411E+09
3.70000000E+01,1.00000000E+00,5.10299473E-02,1.39978175E+08,2.26639714E+04,5.77178403E-10,-0.00000000E+00,-0.00000000E+00,-9.62557056E-32,-2.79737989E-33,9.26194521E+08,2.50452338E+07,9.26331167E-02,2.50489678E-03,-9.26471106E+08,-2.50528447E+07,-9.74903905E+04,-3.03049203E+03,-0.00000000E+00,-0.00000000E+00,3.20371043E-38,9.00462174E-40,-0.00000000E+00,-0.00000000E+00,3.20371043E-38,9.00462174E-40,-8.71947386E+04,-2.39962600E+03,-1.66084324E+03,-4.76781934E+01,3.63312396E+05,9.99846879E+03,3.60000000E+05,1.00000000E+04,7.76994356E+06,1.63111411E+09
3.80000000E+01,1.00000000E+00,5.10568843E-02,1.39978163E+08,2.26636437E+04,4.27078778E-10,-0.00000000E+00,-0.00000000E+00,-9.90530625E-32,-2.79733944E-33,9.51240472E+08,2.50459505E+07,9.51380854E-02,2.50496867E-03,-9.51524667E+08,-2.50535613E+07,-1.00520979E+05,-3.03059291E+03,-0.00000000E+00,-0.00000000E+00,3.29375595E-38,9.00450335E-40,-0.00000000E+00,-0.00000000E+00,3.29375595E-38,9.00450334E-40,-8.95943644E+04,-2.39962579E+03,-1.70852101E+03,-4.76773334E+01,3.73310864E+05,9.99846794E+03,3.70000000E+05,1.00000000E+04,7.76994289E+06,1.63111411E+09
3.90000000E+01,1.00000000E+00,5.10838137E-02,1.39978151E+08,2.26633161E+04,3.16013667E-10,-0.00000000E+00,-0.00000000E+00,-1.01850379E-31,-2.79729900E-33,9.76287138E+08,2.50466667E+07,9.76431259E-02,2.50504052E-03,-9.76578945E+08,-2.50542775E+07,-1.03551668E+05,-3.03069377E+03,-0.00000000E+00,-0.00000000E+00,3.38380030E-38,9.00438566E-40,-0.00000000E+00,-0.00000000E+00,3.38380030E-38,9.00438566E-40,-9.19939900E+04,-2.39962559E+03,-1.75619791E+03,-4.76764736E+01,3.83309331E+05,9.99846710E+03,3.80000000E+05,1.00000000E+04,7.76994223E+06,1.63111411E+09
4.00000000E+01,1.00000000E+00,5.11107356E-02,1.39978139E+08,2.26629885E+04,2.33831866E-10,-0.00000000E+00,-0.00000000E+00,-1.04647655E-31,-2.79725857E-33,1.00133452E+09,2.50473824E+07,1.00148238E-01,2.50511232E-03,-1.00163394E+09,-2.50549933E+07,-1.06582459E+05,-3.03079460E+03,-0.00000000E+00,-0.00000000E+00,3.47384347E-38,9.00426867E-40,-0.00000000E+00,-0.00000000E+00,3.47384347E-38,9.00426867E-40,-9.43936154E+04,-2.39962538E+03,-1.80387396E+03,-4.76756140E+01,3.93307797E+05,9.99846625E+03,3.90000000E+05,1.00000000E+04,7.76994156E+06,1.63111411E+09
4.10000000E+01,1.00000000E+00,5.11376499E-02,1.39978127E+08,2.26626611E+04,1.73022060E-10,-0.00000000E+00,-0.00000000E+00,-1.07444891E-31,-2.79721815E-33,1.02638262E+09,2.50480977E+07,1.02653422E-01,2.50518407E-03,-1.02668965E+09,-2.50557085E+07,-1.09613350E+05,-3.03089540E+03,-0.00000000E+00,-0.00000000E+00,3.56388547E-38,9.00415237E-40,-0.00000000E+00,-0.00000000E+00,3.56388547E-38,9.00415237E-40,-9.67932406E+04,-2.39962518E+03,-1.85154915E+03,-4.76747546E+01,4.03306263E+05,9.99846540E+03,4.00000000E+05,1.00000000E+04,7.76994090E+06,1.63111411E+09
4.20000000E+01,1.00000000E+00,5.11645566E-02,1.39978115E+08,2.26623337E+04,1.28026306E-10,-0.00000000E+00,-0.00000000E+00,-1.10242086E-31,-2.79717774E-33,1.05143143E+09,2.50488125E+07,1.05158678E-01,2.50525578E-03,-1.05174607E+09,-2.50564233E+07,-1.12644341E+05,-3.03099619E+03,-0.00000000E+00,-0.00000000E+00,3.65392632E-38,9.00403676E-40,-0.00000000E+00,-0.00000000E+00,3.65392632E-38,9.00403675E-40,-9.91928655E+04,-2.39962498E+03,-1.89922349E+03,-4.76738955E+01,4.13304727E+05,9.99846455E+03,4.10000000E+05,1.00000000E+04,7.76994023E+06,1.63111410E+09
4.30000000E+01,1.00000000E+00,5.11914558E-02,1.39978103E+08,2.26620064E+04,9.47320436E-11,-0.00000000E+00,-0.00000000E+00,-1.13039241E-31,-2.79713734E-33,1.07648096E+09,2.50495269E+07,1.07664005E-01,2.50532744E-03,-1.07680321E+09,-2.50571377E+07,-1.15675434E+05,-3.03109694E+03,-0.00000000E+00,-0.00000000E+00,3.74396601E-38,9.00392182E-40,-0.00000000E+00,-0.00000000E+00,3.74396601E-38,9.00392182E-40,-1.01592490E+05,-2.39962477E+03,-1.94689696E+03,-4.76730366E+01,4.23303191E+05,9.99846371E+03,4.20000000E+05,1.00000000E+04,7.76993957E+06,1.63111410E+09
4.40000000E+01,1.00000000E+00,5.12183475E-02,1.39978091E+08,2.26616791E+04,7.00962125E-11,-0.00000000E+00,-0.00000000E+00,-1.15836355E-31,-2.79709695E-33,1.10153120E+09,2.50502408E+07,1.10169405E-01,2.50539905E-03,-1.10186106E+09,-2.50578516E+07,-1.18706627E+05,-3.03119767E+03,-0.00000000E+00,-0.00000000E+00,3.83400456E-38,9.00380756E-40,-0.00000000E+00,-0.00000000E+00,3.83400456E-38,9.00380755E-40,-1.03992115E+05,-2.39962457E+03,-1.99456957E+03,-4.76721779E+01,4.33301654E+05,9.99846286E+03,4.30000000E+05,1.00000000E+04,7.76993890E+06,1.63111410E+09
4.50000000E+01,1.00000000E+00,5.12452316E-02,1.39978079E+08,2.26613520E+04,5.18671223E-11,-0.00000000E+00,-0.00000000E+00,-1.18633429E-31,-2.79705657E-33,1.12658215E+09,2.50509542E+07,1.12674875E-01,2.50547062E-03,-1.12691962E+09,-2.50585650E+07,-1.21737921E+05,-3.03129838E+03,-0.00000000E+00,-0.00000000E+00,3.92404197E-38,9.00369396E-40,-0.00000000E+00,-0.00000000E+00,3.92404197E-38,9.00369396E-40,-1.06391739E+05,-2.39962437E+03,-2.04224132E+03,-4.76713194E+01,4.43300116E+05,9.99846201E+03,4.40000000E+05,1.00000000E+04,7.76993824E+06,1.63111410E+09
4.60000000E+01,1.00000000E+00,5.12721082E-02,1.39978067E+08,2.26610249E+04,3.83786512E-11,-0.00000000E+00,-0.00000000E+00,-1.21430463E-31,-2.79701620E-33,1.15163382E+09,2.50516672E+07,1.15180417E-01,2.50554215E-03,-1.15197890E+09,-2.50592780E+07,-1.24769316E+05,-3.03139906E+03,-0.00000000E+00,-0.00000000E+00,4.01407825E-38,9.00358102E-40,-0.00000000E+00,-0.00000000E+00,4.01407825E-38,9.00358102E-40,-1.08791363E+05,-2.39962416E+03,-2.08991222E+03,-4.76704611E+01,4.53298577E+05,9.99846116E+03,4.50000000E+05,1.00000000E+04,7.76993758E+06,1.63111410E+09
4.70000000E+01,1.00000000E+00,5.12989772E-02,1.39978055E+08,2.26606979E+04,2.83979649E-11,-0.00000000E+00,-0.00000000E+00,-1.24227456E-31,-2.79697584E-33,1.17668620E+09,2.50523797E+07,1.17686031E-01,2.50561363E-03,-1.17703889E+09,-2.50599905E+07,-1.27800811E+05,-3.03149972E+03,-0.00000000E+00,-0.00000000E+00,4.10411340E-38,9.00346874E-40,-0.00000000E+00,-0.00000000E+00,4.10411340E-38,9.00346873E-40,-1.11190987E+05,-2.39962396E+03,-2.13758226E+03,-4.76696031E+01,4.63297037E+05,9.99846031E+03,4.60000000E+05,1.00000000E+04,7.76993691E+06,1.63111410E+09
4.80000000E+01,1.00000000E+00,5.13258388E-02,1.39978043E+08,2.26603710E+04,2.10128365E-11,-0.00000000E+00,-0.00000000E+00,-1.27024409E-31,-2.79693549E-33,1.20173929E+09,2.50530918E+07,1.20191716E-01,2.50568506E-03,-1.20209960E+09,-2.50607026E+07,-1.30832407E+05,-3.03160035E+03,-0.00000000E+00,-0.00000000E+00,4.19414743E-38,9.00335710E-40,-0.00000000E+00,-0.00000000E+00,4.19414743E-38,9.00335709E-40,-1.13590611E+05,-2.39962376E+03,-2.18525144E+03,-4.76687453E+01,4.73295497E+05,9.99845947E+03,4.70000000E+05,1.00000000E+04,7.76993625E+06,1.63111410E+09
4.90000000E+01,1.00000000E+00,5.13526927E-02,1.39978031E+08,2.26600442E+04,1.55482710E-11,-0.00000000E+00,-0.00000000E+00,-1.29821321E-31,-2.79689515E-33,1.22679310E+09,2.50538035E+07,1.22697472E-01,2.50575645E-03,-1.22716101E+09,-2.50614143E+07,-1.33864104E+05,-3.03170095E+03,-0.00000000E+00,-0.00000000E+00,4.28418035E-38,9.00324610E-40,-0.00000000E+00,-0.00000000E+00,4.28418035E-38,9.00324609E-40,-1.15990235E+05,-2.39962355E+03,-2.23291976E+03,-4.76678877E+01,4.83293956E+05,9.99845862E+03,4.80000000E+05,1.00000000E+04,7.76993559E+06,1.63111410E+09
5.00000000E+01,1.00000000E+00,5.13795392E-02,1.39978019E+08,2.26597174E+04,1.15048106E-11,-0.00000000E+00,-0.00000000E+00,-1.32618194E-31,-2.79685482E-33,1.25184761E+09,2.50545147E+07,1.25203300E-01,2.50582779E-03,-1.25222313E+09,-2.50621255E+07,-1.36895901E+05,-3.03180154E+03,-0.00000000E+00,-0.00000000E+00,4.37421217E-38,9.00313573E-40,-0.00000000E+00,-0.00000000E+00,4.37421216E-38,9.00313573E-40,-1.18389858E+05,-2.39962335E+03,-2.28058722E+03,-4.76670303E+01,4.93292413E+05,9.99845777E+03,4.90000000E+05,1.00000000E+04,7.76993492E+06,1.63111410E+09
