Time [d],dt_flow [d],dt_tran [d],Global Water Mass in Liquid Phas [kg],Global Vaq [mol],Global Vim [mol],Top Water Mass [kg],Top Water Mass [kg/d],Top Vaq [mol],Top Vaq [mol/d],Right Water Mass [kg],Right Water Mass [kg/d],Right Vaq [mol],Right Vaq [mol/d],Left Water Mass [kg],Left Water Mass [kg/d],Left Vaq [mol],Left Vaq [mol/d],North Water Mass [kg],North Water Mass [kg/d],North Vaq [mol],North Vaq [mol/d],South Water Mass [kg],South Water Mass [kg/d],South Vaq [mol],South Vaq [mol/d],ExtractWell Water Mass [kg],ExtractWell Water Mass [kg/d],ExtractWell Vaq [mol],ExtractWell Vaq [mol/d],InjectWell Water Mass [kg],InjectWell Water Mass [kg/d],InjectWell Vaq [mol],InjectWell Vaq [mol/d],Region Region__all Water Mass [kg],Region Region__all Total Mass [kg]
1.00000000E+00,4.89000000E-01,1.05000000E-01,1.39978015E+08,1.05137859E-02,2.97108677E-05,-0.00000000E+00,-0.00000000E+00,2.65935006E-40,4.30298424E-40,8.33905413E+06,8.33806408E+06,8.34034517E-04,8.33935500E-04,-8.34161557E+06,-8.34194958E+06,-7.02640762E-04,-6.19714936E-04,-0.00000000E+00,-0.00000000E+00,2.64285983E-40,4.27632643E-40,-0.00000000E+00,-0.00000000E+00,2.64285982E-40,4.27632642E-40,-8.08070684E+02,-1.22620741E+03,-6.49144580E-08,-9.10942072E-08,3.36696416E+03,5.10920206E+03,3.36749000E-07,5.11000000E-07,7.76993466E+06,1.63109144E+09
2.00000000E+00,4.88000000E-01,1.04000000E-01,1.39978012E+08,8.51923139E+03,2.19801284E-05,-0.00000000E+00,-0.00000000E+00,-5.98392358E-34,-1.05151483E-33,1.66743282E+07,8.33528597E+06,1.66769098E-03,8.33657653E-04,-1.66844909E+07,-8.34288717E+06,-1.23065131E-03,-4.58517238E-04,-0.00000000E+00,-0.00000000E+00,8.66015121E-40,7.30791862E-40,-0.00000000E+00,-0.00000000E+00,8.66015120E-40,7.30791862E-40,-3.20769376E+03,-2.39962306E+03,-5.26183852E-02,-2.48579086E-01,1.33654025E+04,9.99843832E+03,1.00000000E+04,1.00000000E+04,7.76993453E+06,1.63109996E+09
3.00000000E+00,1.00000000E+00,4.00000000E-02,1.39978010E+08,1.48067377E+04,1.62721641E-05,-0.00000000E+00,-0.00000000E+00,-2.09749264E-33,-1.82757275E-33,2.50096590E+07,8.33533077E+06,2.50135312E-03,8.33662142E-04,-2.50274227E+07,-8.34293183E+06,-1.62074545E-03,-3.40654008E-04,-0.00000000E+00,-0.00000000E+00,1.71879778E-39,9.40339469E-40,-0.00000000E+00,-0.00000000E+00,1.71879778E-39,9.40339468E-40,-5.60731677E+03,-2.39962302E+03,-3.01882248E+00,-7.22185100E+00,2.33638407E+04,9.99843820E+03,2.00000000E+04,1.00000000E+04,7.76993440E+06,1.63110625E+09
4.00000000E+00,1.00000000E+00,4.00000000E-02,1.39978008E+08,1.94483093E+04,1.20464868E-05,-0.00000000E+00,-0.00000000E+00,-4.25564625E-33,-2.40047530E-33,3.33450317E+07,8.33537271E+06,3.33501947E-03,8.33666345E-04,-3.33703963E+07,-8.34297363E+06,-2.00244043E-03,-6.13489767E-04,-0.00000000E+00,-0.00000000E+00,2.74340880E-39,1.08499603E-39,-0.00000000E+00,-0.00000000E+00,2.74340880E-39,1.08499603E-39,-8.00693976E+03,-2.39962298E+03,-2.10922775E+01,-2.83694074E+01,3.33622788E+04,9.99843809E+03,3.00000000E+04,1.00000000E+04,7.76993429E+06,1.63111089E+09
5.00000000E+00,1.00000000E+00,4.00000000E-02,1.39978006E+08,2.28650687E+04,8.91816492E-06,-0.00000000E+00,-0.00000000E+00,-6.89952099E-33,-2.82220104E-33,4.16804435E+07,8.33541185E+06,4.16868973E-03,8.33670268E-04,-4.17134090E+07,-8.34301263E+06,-8.27295405E-03,-1.86392376E-02,-0.00000000E+00,-0.00000000E+00,3.88632014E-39,1.18433177E-39,-0.00000000E+00,-0.00000000E+00,3.88632014E-39,1.18433177E-39,-1.04065627E+04,-2.39962295E+03,-6.20551094E+01,-5.00286336E+01,4.33607168E+04,9.99843799E+03,4.00000000E+04,1.00000000E+04,7.76993418E+06,1.63111431E+09
6.00000000E+00,1.00000000E+00,4.00000000E-02,1.39978004E+08,2.53807097E+04,6.60222911E-06,-0.00000000E+00,-0.00000000E+00,-9.90088573E-33,-3.13270301E-33,5.00158919E+07,8.33544837E+06,5.00236366E-03,8.33673928E-04,-5.00564580E+07,-8.34304902E+06,-1.35071996E-01,-3.10817256E-01,-0.00000000E+00,-0.00000000E+00,5.11021613E-39,1.25212895E-39,-0.00000000E+00,-0.00000000E+00,5.11021613E-39,1.25212895E-39,-1.28061856E+04,-2.39962292E+03,-1.19406780E+02,-6.18072997E+01,5.33591547E+04,9.99843789E+03,5.00000000E+04,1.00000000E+04,7.76993408E+06,1.63111682E+09
7.00000000E+00,1.00000000E+00,4.00000000E-02,1.39978002E+08,2.72361319E+04,4.88771284E-06,-0.00000000E+00,-0.00000000E+00,-1.31657090E-32,-3.36171513E-33,5.83513745E+07,8.33548256E+06,5.83604102E-03,8.33677356E-04,-5.83995411E+07,-8.34308309E+06,-1.33901398E+00,-2.44884123E+00,-0.00000000E+00,-0.00000000E+00,6.38918326E-39,1.29806829E-39,-0.00000000E+00,-0.00000000E+00,6.38918325E-39,1.29806829E-39,-1.52058085E+04,-2.39962290E+03,-1.83972054E+02,-6.60660387E+01,6.33575925E+04,9.99843780E+03,6.00000000E+04,1.00000000E+04,7.76993398E+06,1.63111868E+09
8.00000000E+00,1.00000000E+00,4.00000000E-02,1.39978001E+08,2.85960037E+04,3.62489665E-06,-0.00000000E+00,-0.00000000E+00,-1.66276224E-32,-3.52956216E-33,6.66868892E+07,8.33551477E+06,6.66972160E-03,8.33680585E-04,-6.67426563E+07,-8.34311520E+06,-8.11261269E+00,-1.14460096E+01,-0.00000000E+00,-0.00000000E+00,7.70578303E-39,1.32872961E-39,-0.00000000E+00,-0.00000000E+00,7.70578302E-39,1.32872961E-39,-1.76054314E+04,-2.39962288E+03,-2.50818573E+02,-6.72126694E+01,7.33560302E+04,9.99843771E+03,7.00000000E+04,1.00000000E+04,7.76993389E+06,1.63112004E+09
9.00000000E+00,1.00000000E+00,1.04000000E-01,1.39977999E+08,2.95834595E+04,2.69377263E-06,-0.00000000E+00,-0.00000000E+00,-2.02328535E-32,-3.65144242E-33,7.50224346E+07,8.33554539E+06,7.50340526E-03,8.33683656E-04,-7.50858020E+07,-8.34314574E+06,-3.21109294E+01,-3.47858009E+01,-0.00000000E+00,-0.00000000E+00,9.04724618E-39,1.34901850E-39,-0.00000000E+00,-0.00000000E+00,9.04724618E-39,1.34901850E-39,-2.00050543E+04,-2.39962285E+03,-3.18216677E+02,-6.74738388E+01,8.33544678E+04,9.99843762E+03,8.00000000E+04,1.00000000E+04,7.76993381E+06,1.63112103E+09
1.00000000E+01,1.00000000E+00,2.32000000E-01,1.39977998E+08,3.02855258E+04,2.00414700E-06,-0.00000000E+00,-0.00000000E+00,-2.39394630E-32,-3.73809746E-33,8.33580094E+07,8.33557481E+06,8.33709187E-03,8.33686606E-04,-8.34289771E+07,-8.34317510E+06,-9.05222230E+01,-7.56934283E+01,-0.00000000E+00,-0.00000000E+00,1.04048276E-38,1.36236320E-39,-0.00000000E+00,-0.00000000E+00,1.04048276E-38,1.36236320E-39,-2.24046771E+04,-2.39962283E+03,-3.85730463E+02,-6.75287095E+01,9.33529054E+04,9.99843753E+03,9.00000000E+04,1.00000000E+04,7.76993372E+06,1.63112173E+09
1.10000000E+01,1.00000000E+00,2.32000000E-01,1.39977996E+08,3.07664591E+04,1.49107064E-06,-0.00000000E+00,-0.00000000E+00,-2.77155844E-32,-3.79745836E-33,9.16936128E+07,8.33560335E+06,9.17078133E-03,8.33689469E-04,-9.17721807E+07,-8.34320359E+06,-1.98036169E+02,-1.28941582E+02,-0.00000000E+00,-0.00000000E+00,1.17727863E-38,1.37106581E-39,-0.00000000E+00,-0.00000000E+00,1.17727863E-38,1.37106581E-39,-2.48042999E+04,-2.39962281E+03,-4.53267177E+02,-6.75396159E+01,1.03351343E+05,9.99843745E+03,1.00000000E+05,1.00000000E+04,7.76993364E+06,1.63112221E+09
1.20000000E+01,1.00000000E+00,2.32000000E-01,1.39977995E+08,3.10778451E+04,1.10934560E-06,-0.00000000E+00,-0.00000000E+00,-3.15378486E-32,-3.83589230E-33,1.00029244E+08,8.33563128E+06,1.00044736E-02,8.33692271E-04,-1.00115412E+08,-8.34323149E+06,-3.60912846E+02,-1.84249048E+02,-0.00000000E+00,-0.00000000E+00,1.31474434E-38,1.37663758E-39,-0.00000000E+00,-0.00000000E+00,1.31474433E-38,1.37663758E-39,-2.72039227E+04,-2.39962279E+03,-5.20808284E+02,-6.75416281E+01,1.13349780E+05,9.99843736E+03,1.10000000E+05,1.00000000E+04,7.76993357E+06,1.63112252E+09
1.30000000E+01,1.00000000E+00,2.32000000E-01,1.39977994E+08,3.12666277E+04,8.25344972E-07,-0.00000000E+00,-0.00000000E+00,-3.53889045E-32,-3.85919346E-33,1.08364903E+08,8.33565881E+06,1.08381686E-02,8.33695032E-04,-1.08458671E+08,-8.34325900E+06,-5.75147083E+02,-2.32098756E+02,-0.00000000E+00,-0.00000000E+00,1.45263361E-38,1.38012618E-39,-0.00000000E+00,-0.00000000E+00,1.45263361E-38,1.38012618E-39,-2.96035455E+04,-2.39962277E+03,-5.88350176E+02,-6.75419764E+01,1.23348217E+05,9.99843727E+03,1.20000000E+05,1.00000000E+04,7.76993349E+06,1.63112271E+09
1.40000000E+01,1.00000000E+00,2.32000000E-01,1.39977992E+08,3.13733444E+04,6.14050593E-07,-0.00000000E+00,-0.00000000E+00,-3.92567420E-32,-3.87236536E-33,1.16700589E+08,8.33568607E+06,1.16718664E-02,8.33697766E-04,-1.16801957E+08,-8.34328625E+06,-8.29920923E+02,-2.67663030E+02,-0.00000000E+00,-0.00000000E+00,1.59078423E-38,1.38225371E-39,-0.00000000E+00,-0.00000000E+00,1.59078423E-38,1.38225371E-39,-3.20031682E+04,-2.39962275E+03,-6.55892200E+02,-6.75420336E+01,1.33346655E+05,9.99843718E+03,1.30000000E+05,1.00000000E+04,7.76993341E+06,1.63112282E+09
1.50000000E+01,1.00000000E+00,2.32000000E-01,1.39977991E+08,3.14295713E+04,4.56849129E-07,-0.00000000E+00,-0.00000000E+00,-4.31336990E-32,-3.87930535E-33,1.25036302E+08,8.33571317E+06,1.25055669E-02,8.33700485E-04,-1.25145271E+08,-8.34331334E+06,-1.11261852E+03,-2.90905600E+02,-0.00000000E+00,-0.00000000E+00,1.72909158E-38,1.38351269E-39,-0.00000000E+00,-0.00000000E+00,1.72909158E-38,1.38351269E-39,-3.44027909E+04,-2.39962272E+03,-7.23434247E+02,-6.75420434E+01,1.43345092E+05,9.99843709E+03,1.40000000E+05,1.00000000E+04,7.76993334E+06,1.63112287E+09
1.60000000E+01,1.00000000E+00,2.32000000E-01,1.39977990E+08,3.14572391E+04,3.39892394E-07,-0.00000000E+00,-0.00000000E+00,-4.70152813E-32,-3.88272036E-33,1.33372042E+08,8.33574016E+06,1.33392701E-02,8.33703192E-04,-1.33488611E+08,-8.34334032E+06,-1.41242981E+03,-3.04505561E+02,-0.00000000E+00,-0.00000000E+00,1.86748995E-38,1.38423318E-39,-0.00000000E+00,-0.00000000E+00,1.86748995E-38,1.38423318E-39,-3.68024136E+04,-2.39962270E+03,-7.90976297E+02,-6.75420465E+01,1.53343529E+05,9.99843700E+03,1.50000000E+05,1.00000000E+04,7.76993326E+06,1.63112290E+09
1.70000000E+01,1.00000000E+00,2.32000000E-01,1.39977988E+08,3.14699964E+04,2.52877443E-07,-0.00000000E+00,-0.00000000E+00,-5.08990591E-32,-3.88429497E-33,1.41707809E+08,8.33576709E+06,1.41729760E-02,8.33705893E-04,-1.41831978E+08,-8.34336725E+06,-1.72171889E+03,-3.11733923E+02,-0.00000000E+00,-0.00000000E+00,2.00593939E-38,1.38463087E-39,-0.00000000E+00,-0.00000000E+00,2.00593938E-38,1.38463087E-39,-3.92020363E+04,-2.39962268E+03,-8.58518351E+02,-6.75420494E+01,1.63341966E+05,9.99843691E+03,1.60000000E+05,1.00000000E+04,7.76993319E+06,1.63112291E+09
1.80000000E+01,1.00000000E+00,2.32000000E-01,1.39977987E+08,3.14755284E+04,1.88138959E-07,-0.00000000E+00,-0.00000000E+00,-5.47838157E-32,-3.88497778E-33,1.50043603E+08,8.33579397E+06,1.50066846E-02,8.33708590E-04,-1.50175372E+08,-8.34339412E+06,-2.03581121E+03,-3.15265124E+02,-0.00000000E+00,-0.00000000E+00,2.14441641E-38,1.38484214E-39,-0.00000000E+00,-0.00000000E+00,2.14441641E-38,1.38484214E-39,-4.16016590E+04,-2.39962266E+03,-9.26060408E+02,-6.75420527E+01,1.73340402E+05,9.99843682E+03,1.70000000E+05,1.00000000E+04,7.76993312E+06,1.63112292E+09
1.90000000E+01,1.00000000E+00,2.32000000E-01,1.39977986E+08,3.14777917E+04,1.39974003E-07,-0.00000000E+00,-0.00000000E+00,-5.86689835E-32,-3.88525713E-33,1.58379424E+08,8.33582081E+06,1.58403958E-02,8.33711283E-04,-1.58518793E+08,-8.34342097E+06,-2.35215464E+03,-3.16866638E+02,-0.00000000E+00,-0.00000000E+00,2.28290777E-38,1.38494994E-39,-0.00000000E+00,-0.00000000E+00,2.28290777E-38,1.38494994E-39,-4.40012816E+04,-2.39962264E+03,-9.93602468E+02,-6.75420563E+01,1.83338839E+05,9.99843673E+03,1.80000000E+05,1.00000000E+04,7.76993304E+06,1.63112292E+09
2.00000000E+01,1.00000000E+00,2.32000000E-01,1.39977984E+08,3.14786663E+04,1.04139630E-07,-0.00000000E+00,-0.00000000E+00,-6.25543146E-32,-3.88536509E-33,1.66715272E+08,8.33584763E+06,1.66741098E-02,8.33713973E-04,-1.66862241E+08,-8.34344778E+06,-2.66948278E+03,-3.17547083E+02,-0.00000000E+00,-0.00000000E+00,2.42140627E-38,1.38500264E-39,-0.00000000E+00,-0.00000000E+00,2.42140627E-38,1.38500264E-39,-4.64009042E+04,-2.39962262E+03,-1.06114453E+03,-6.75420602E+01,1.93337276E+05,9.99843665E+03,1.90000000E+05,1.00000000E+04,7.76993297E+06,1.63112292E+09
2.10000000E+01,1.00000000E+00,2.32000000E-01,1.39977983E+08,3.14789842E+04,7.74791190E-08,-0.00000000E+00,-0.00000000E+00,-6.64397067E-32,-3.88540432E-33,1.75051146E+08,8.33587443E+06,1.75078265E-02,8.33716661E-04,-1.75205716E+08,-8.34347458E+06,-2.98721657E+03,-3.17820509E+02,-0.00000000E+00,-0.00000000E+00,2.55990818E-38,1.38502717E-39,-0.00000000E+00,-0.00000000E+00,2.55990818E-38,1.38502717E-39,-4.88005268E+04,-2.39962259E+03,-1.12868660E+03,-6.75420642E+01,2.03335712E+05,9.99843656E+03,2.00000000E+05,1.00000000E+04,7.76993289E+06,1.63112292E+09
2.20000000E+01,1.00000000E+00,2.32000000E-01,1.39977982E+08,3.14790902E+04,5.76438951E-08,-0.00000000E+00,-0.00000000E+00,-7.03251202E-32,-3.88541740E-33,1.83387047E+08,8.33590120E+06,1.83415458E-02,8.33719347E-04,-1.83549217E+08,-8.34350135E+06,-3.30510950E+03,-3.17925823E+02,-0.00000000E+00,-0.00000000E+00,2.69841162E-38,1.38503790E-39,-0.00000000E+00,-0.00000000E+00,2.69841162E-38,1.38503790E-39,-5.12001494E+04,-2.39962257E+03,-1.19622867E+03,-6.75420683E+01,2.13334149E+05,9.99843647E+03,2.10000000E+05,1.00000000E+04,7.76993282E+06,1.63112292E+09
2.30000000E+01,1.00000000E+00,2.32000000E-01,1.39977980E+08,3.14791194E+04,4.28866343E-08,-0.00000000E+00,-0.00000000E+00,-7.42105402E-32,-3.88542100E-33,1.91722975E+08,8.33592796E+06,1.91752679E-02,8.33722031E-04,-1.91892745E+08,-8.34352811E+06,-3.62306300E+03,-3.17965739E+02,-0.00000000E+00,-0.00000000E+00,2.83691570E-38,1.38504212E-39,-0.00000000E+00,-0.00000000E+00,2.83691570E-38,1.38504212E-39,-5.35997719E+04,-2.39962255E+03,-1.26377075E+03,-6.75420724E+01,2.23332585E+05,9.99843638E+03,2.20000000E+05,1.00000000E+04,7.76993274E+06,1.63112292E+09
2.40000000E+01,1.00000000E+00,2.32000000E-01,1.39977979E+08,3.14791219E+04,3.19073408E-08,-0.00000000E+00,-0.00000000E+00,-7.80959615E-32,-3.88542132E-33,2.00058930E+08,8.33595469E+06,2.00089926E-02,8.33724713E-04,-2.00236300E+08,-8.34355484E+06,-3.94103983E+03,-3.17981541E+02,-0.00000000E+00,-0.00000000E+00,2.97542000E-38,1.38504339E-39,-0.00000000E+00,-0.00000000E+00,2.97542000E-38,1.38504339E-39,-5.59993945E+04,-2.39962253E+03,-1.33131283E+03,-6.75420766E+01,2.33331022E+05,9.99843629E+03,2.30000000E+05,1.00000000E+04,7.76993267E+06,1.63112292E+09
2.50000000E+01,1.00000000E+00,2.32000000E-01,1.39977977E+08,3.14791157E+04,2.37388270E-08,-0.00000000E+00,-0.00000000E+00,-8.19813824E-32,-3.88542055E-33,2.08394911E+08,8.33598141E+06,2.08427200E-02,8.33727393E-04,-2.08579882E+08,-8.34358156E+06,-4.25902660E+03,-3.17988870E+02,-0.00000000E+00,-0.00000000E+00,3.11392434E-38,1.38504339E-39,-0.00000000E+00,-0.00000000E+00,3.11392434E-38,1.38504339E-39,-5.83990170E+04,-2.39962251E+03,-1.39885491E+03,-6.75420808E+01,2.43329458E+05,9.99843620E+03,2.40000000E+05,1.00000000E+04,7.76993260E+06,1.63112292E+09
2.60000000E+01,1.00000000E+00,2.32000000E-01,1.39977976E+08,3.14791065E+04,1.76615128E-08,-0.00000000E+00,-0.00000000E+00,-8.58668022E-32,-3.88541942E-33,2.16730920E+08,8.33600811E+06,2.16764500E-02,8.33730071E-04,-2.16923490E+08,-8.34360825E+06,-4.57701872E+03,-3.17993349E+02,-0.00000000E+00,-0.00000000E+00,3.25242865E-38,1.38504285E-39,-0.00000000E+00,-0.00000000E+00,3.25242865E-38,1.38504285E-39,-6.07986395E+04,-2.39962249E+03,-1.46639700E+03,-6.75420849E+01,2.53327894E+05,9.99843611E+03,2.50000000E+05,1.00000000E+04,7.76993252E+06,1.63112292E+09
2.70000000E+01,1.00000000E+00,2.32000000E-01,1.39977975E+08,3.14790966E+04,1.31400358E-08,-0.00000000E+00,-0.00000000E+00,-8.97522209E-32,-3.88541819E-33,2.25066954E+08,8.33603478E+06,2.25101828E-02,8.33732747E-04,-2.25267125E+08,-8.34363493E+06,-4.89501468E+03,-3.17996908E+02,-0.00000000E+00,-0.00000000E+00,3.39093289E-38,1.38504209E-39,-0.00000000E+00,-0.00000000E+00,3.39093289E-38,1.38504209E-39,-6.31982619E+04,-2.39962247E+03,-1.53393909E+03,-6.75420891E+01,2.63326330E+05,9.99843602E+03,2.60000000E+05,1.00000000E+04,7.76993245E+06,1.63112292E+09
2.80000000E+01,1.00000000E+00,2.32000000E-01,1.39977974E+08,3.14790863E+04,9.77609003E-09,-0.00000000E+00,-0.00000000E+00,-9.36376383E-32,-3.88541693E-33,2.33403016E+08,8.33606144E+06,2.33439182E-02,8.33735421E-04,-2.33610786E+08,-8.34366159E+06,-5.21301399E+03,-3.18000180E+02,-0.00000000E+00,-0.00000000E+00,3.52943704E-38,1.38504126E-39,-0.00000000E+00,-0.00000000E+00,3.52943704E-38,1.38504126E-39,-6.55978844E+04,-2.39962244E+03,-1.60148119E+03,-6.75420933E+01,2.73324766E+05,9.99843594E+03,2.70000000E+05,1.00000000E+04,7.76993237E+06,1.63112292E+09
2.90000000E+01,1.00000000E+00,2.32000000E-01,1.39977972E+08,3.14790760E+04,7.27333913E-09,-0.00000000E+00,-0.00000000E+00,-9.75230545E-32,-3.88541565E-33,2.41739104E+08,8.33608808E+06,2.41776563E-02,8.33738093E-04,-2.41954475E+08,-8.34368823E+06,-5.53101652E+03,-3.18003366E+02,-0.00000000E+00,-0.00000000E+00,3.66794111E-38,1.38504039E-39,-0.00000000E+00,-0.00000000E+00,3.66794111E-38,1.38504039E-39,-6.79975068E+04,-2.39962242E+03,-1.66902329E+03,-6.75420974E+01,2.83323202E+05,9.99843585E+03,2.80000000E+05,1.00000000E+04,7.76993230E+06,1.63112292E+09
3.00000000E+01,1.00000000E+00,2.32000000E-01,1.39977971E+08,3.14790657E+04,5.41131086E-09,-0.00000000E+00,-0.00000000E+00,-1.01408469E-31,-3.88541438E-33,2.50075219E+08,8.33611470E+06,2.50113971E-02,8.33740764E-04,-2.50298189E+08,-8.34371485E+06,-5.84902222E+03,-3.18006526E+02,-0.00000000E+00,-0.00000000E+00,3.80644510E-38,1.38503952E-39,-0.00000000E+00,-0.00000000E+00,3.80644510E-38,1.38503952E-39,-7.03971292E+04,-2.39962240E+03,-1.73656540E+03,-6.75421016E+01,2.93321637E+05,9.99843576E+03,2.90000000E+05,1.00000000E+04,7.76993223E+06,1.63112292E+09
3.10000000E+01,1.00000000E+00,2.32000000E-01,1.39977970E+08,3.14790553E+04,4.02597551E-09,-0.00000000E+00,-0.00000000E+00,-1.05293883E-31,-3.88541310E-33,2.58411360E+08,8.33614130E+06,2.58451405E-02,8.33743432E-04,-2.58641931E+08,-8.34374145E+06,-6.16703107E+03,-3.18009678E+02,-0.00000000E+00,-0.00000000E+00,3.94494899E-38,1.38503865E-39,-0.00000000E+00,-0.00000000E+00,3.94494899E-38,1.38503865E-39,-7.27967516E+04,-2.39962238E+03,-1.80410751E+03,-6.75421058E+01,3.03320073E+05,9.99843567E+03,3.00000000E+05,1.00000000E+04,7.76993215E+06,1.63112292E+09
3.20000000E+01,1.00000000E+00,2.32000000E-01,1.39977968E+08,3.14790450E+04,2.99529619E-09,-0.00000000E+00,-0.00000000E+00,-1.09179295E-31,-3.88541183E-33,2.66747528E+08,8.33616789E+06,2.66788866E-02,8.33746099E-04,-2.66985699E+08,-8.34376803E+06,-6.48504307E+03,-3.18012827E+02,-0.00000000E+00,-0.00000000E+00,4.08345280E-38,1.38503778E-39,-0.00000000E+00,-0.00000000E+00,4.08345280E-38,1.38503778E-39,-7.51963739E+04,-2.39962236E+03,-1.87164962E+03,-6.75421100E+01,3.13318509E+05,9.99843558E+03,3.10000000E+05,1.00000000E+04,7.76993208E+06,1.63112292E+09
3.30000000E+01,1.00000000E+00,2.32000000E-01,1.39977967E+08,3.14790347E+04,2.22847835E-09,-0.00000000E+00,-0.00000000E+00,-1.13064706E-31,-3.88541055E-33,2.75083722E+08,8.33619445E+06,2.75126354E-02,8.33748764E-04,-2.75329494E+08,-8.34379459E+06,-6.80305822E+03,-3.18015976E+02,-0.00000000E+00,-0.00000000E+00,4.22195653E-38,1.38503692E-39,-0.00000000E+00,-0.00000000E+00,4.22195653E-38,1.38503692E-39,-7.75959963E+04,-2.39962234E+03,-1.93919174E+03,-6.75421141E+01,3.23316944E+05,9.99843549E+03,3.20000000E+05,1.00000000E+04,7.76993201E+06,1.63112292E+09
3.40000000E+01,1.00000000E+00,2.32000000E-01,1.39977966E+08,3.14790243E+04,1.65797152E-09,-0.00000000E+00,-0.00000000E+00,-1.16950116E-31,-3.88540928E-33,2.83419943E+08,8.33622100E+06,2.83463868E-02,8.33751427E-04,-2.83673315E+08,-8.34382114E+06,-7.12107652E+03,-3.18019123E+02,-0.00000000E+00,-0.00000000E+00,4.36046017E-38,1.38503606E-39,-0.00000000E+00,-0.00000000E+00,4.36046017E-38,1.38503606E-39,-7.99956186E+04,-2.39962232E+03,-2.00673386E+03,-6.75421183E+01,3.33315380E+05,9.99843540E+03,3.30000000E+05,1.00000000E+04,7.76993193E+06,1.63112292E+09
3.50000000E+01,1.00000000E+00,2.32000000E-01,1.39977964E+08,3.14790140E+04,1.23351862E-09,-0.00000000E+00,-0.00000000E+00,-1.20835525E-31,-3.88540800E-33,2.91756191E+08,8.33624753E+06,2.91801409E-02,8.33754088E-04,-2.92017162E+08,-8.34384767E+06,-7.43909796E+03,-3.18022269E+02,-0.00000000E+00,-0.00000000E+00,4.49896372E-38,1.38503521E-39,-0.00000000E+00,-0.00000000E+00,4.49896372E-38,1.38503521E-39,-8.23952409E+04,-2.39962229E+03,-2.07427599E+03,-6.75421225E+01,3.43313815E+05,9.99843532E+03,3.40000000E+05,1.00000000E+04,7.76993186E+06,1.63112292E+09
3.60000000E+01,1.00000000E+00,2.32000000E-01,1.39977963E+08,3.14790037E+04,9.17728791E-10,-0.00000000E+00,-0.00000000E+00,-1.24720932E-31,-3.88540673E-33,3.00092465E+08,8.33627404E+06,3.00138976E-02,8.33756747E-04,-3.00361037E+08,-8.34387418E+06,-7.75712255E+03,-3.18025415E+02,-0.00000000E+00,-0.00000000E+00,4.63746719E-38,1.38503437E-39,-0.00000000E+00,-0.00000000E+00,4.63746719E-38,1.38503437E-39,-8.47948632E+04,-2.39962227E+03,-2.14181812E+03,-6.75421266E+01,3.53312250E+05,9.99843523E+03,3.50000000E+05,1.00000000E+04,7.76993179E+06,1.63112292E+09
3.70000000E+01,1.00000000E+00,2.32000000E-01,1.39977962E+08,3.14789934E+04,6.82783475E-10,-0.00000000E+00,-0.00000000E+00,-1.28606338E-31,-3.88540546E-33,3.08428765E+08,8.33630053E+06,3.08476570E-02,8.33759405E-04,-3.08704937E+08,-8.34390067E+06,-8.07515028E+03,-3.18028560E+02,-0.00000000E+00,-0.00000000E+00,4.77597057E-38,1.38503353E-39,-0.00000000E+00,-0.00000000E+00,4.77597057E-38,1.38503353E-39,-8.71944854E+04,-2.39962225E+03,-2.20936025E+03,-6.75421308E+01,3.63310685E+05,9.99843514E+03,3.60000000E+05,1.00000000E+04,7.76993171E+06,1.63112292E+09
3.80000000E+01,1.00000000E+00,2.32000000E-01,1.39977960E+08,3.14789831E+04,5.07985888E-10,-0.00000000E+00,-0.00000000E+00,-1.32491742E-31,-3.88540418E-33,3.16765092E+08,8.33632700E+06,3.16814191E-02,8.33762060E-04,-3.17048864E+08,-8.34392714E+06,-8.39318116E+03,-3.18031704E+02,-0.00000000E+00,-0.00000000E+00,4.91447387E-38,1.38503269E-39,-0.00000000E+00,-0.00000000E+00,4.91447387E-38,1.38503269E-39,-8.95941077E+04,-2.39962223E+03,-2.27690239E+03,-6.75421349E+01,3.73309120E+05,9.99843505E+03,3.70000000E+05,1.00000000E+04,7.76993164E+06,1.63112292E+09
3.90000000E+01,1.00000000E+00,2.32000000E-01,1.39977959E+08,3.14789728E+04,3.77937767E-10,-0.00000000E+00,-0.00000000E+00,-1.36377146E-31,-3.88540291E-33,3.25101446E+08,8.33635346E+06,3.25151838E-02,8.33764714E-04,-3.25392818E+08,-8.34395359E+06,-8.71121519E+03,-3.18034848E+02,-0.00000000E+00,-0.00000000E+00,5.05297709E-38,1.38503186E-39,-0.00000000E+00,-0.00000000E+00,5.05297709E-38,1.38503186E-39,-9.19937299E+04,-2.39962221E+03,-2.34444453E+03,-6.75421391E+01,3.83307555E+05,9.99843496E+03,3.80000000E+05,1.00000000E+04,7.76993156E+06,1.63112292E+09
4.00000000E+01,1.00000000E+00,2.32000000E-01,1.39977958E+08,3.14789624E+04,2.81182921E-10,-0.00000000E+00,-0.00000000E+00,-1.40262548E-31,-3.88540164E-33,3.33437826E+08,8.33637990E+06,3.33489512E-02,8.33767366E-04,-3.33736798E+08,-8.34398003E+06,-9.02925235E+03,-3.18037990E+02,-0.00000000E+00,-0.00000000E+00,5.19148022E-38,1.38503103E-39,-0.00000000E+00,-0.00000000E+00,5.19148022E-38,1.38503103E-39,-9.43933520E+04,-2.39962219E+03,-2.41198668E+03,-6.75421433E+01,3.93305990E+05,9.99843487E+03,3.90000000E+05,1.00000000E+04,7.76993149E+06,1.63112292E+09
4.10000000E+01,1.00000000E+00,2.32000000E-01,1.39977956E+08,3.14789521E+04,2.09198027E-10,-0.00000000E+00,-0.00000000E+00,-1.44147949E-31,-3.88540036E-33,3.41774232E+08,8.33640632E+06,3.41827212E-02,8.33770016E-04,-3.42080804E+08,-8.34400645E+06,-9.34729266E+03,-3.18041132E+02,-0.00000000E+00,-0.00000000E+00,5.32998327E-38,1.38503021E-39,-0.00000000E+00,-0.00000000E+00,5.32998327E-38,1.38503021E-39,-9.67929742E+04,-2.39962217E+03,-2.47952883E+03,-6.75421474E+01,4.03304425E+05,9.99843479E+03,4.00000000E+05,1.00000000E+04,7.76993142E+06,1.63112292E+09
4.20000000E+01,1.00000000E+00,2.32000000E-01,1.39977955E+08,3.14789418E+04,1.55641794E-10,-0.00000000E+00,-0.00000000E+00,-1.48033348E-31,-3.88539909E-33,3.50110665E+08,8.33643272E+06,3.50164938E-02,8.33772665E-04,-3.50424837E+08,-8.34403285E+06,-9.66533611E+03,-3.18044273E+02,-0.00000000E+00,-0.00000000E+00,5.46848624E-38,1.38502939E-39,-0.00000000E+00,-0.00000000E+00,5.46848624E-38,1.38502939E-39,-9.91925964E+04,-2.39962214E+03,-2.54707099E+03,-6.75421516E+01,4.13302860E+05,9.99843470E+03,4.10000000E+05,1.00000000E+04,7.76993135E+06,1.63112292E+09
4.30000000E+01,1.00000000E+00,2.32000000E-01,1.39977954E+08,3.14789315E+04,1.15796351E-10,-0.00000000E+00,-0.00000000E+00,-1.51918747E-31,-3.88539782E-33,3.58447124E+08,8.33645910E+06,3.58502692E-02,8.33775312E-04,-3.58768897E+08,-8.34405923E+06,-9.98338270E+03,-3.18047413E+02,-0.00000000E+00,-0.00000000E+00,5.60698913E-38,1.38502858E-39,-0.00000000E+00,-0.00000000E+00,5.60698913E-38,1.38502858E-39,-1.01592218E+05,-2.39962212E+03,-2.61461315E+03,-6.75421557E+01,4.23301294E+05,9.99843461E+03,4.20000000E+05,1.00000000E+04,7.76993127E+06,1.63112292E+09
4.40000000E+01,1.00000000E+00,2.32000000E-01,1.39977952E+08,3.14789212E+04,8.61516343E-11,-0.00000000E+00,-0.00000000E+00,-1.55804144E-31,-3.88539655E-33,3.66783609E+08,8.33648547E+06,3.66840471E-02,8.33777956E-04,-3.67112982E+08,-8.34408560E+06,-1.03014324E+04,-3.18050552E+02,-0.00000000E+00,-0.00000000E+00,5.74549193E-38,1.38502777E-39,-0.00000000E+00,-0.00000000E+00,5.74549193E-38,1.38502777E-39,-1.03991841E+05,-2.39962210E+03,-2.68215531E+03,-6.75421599E+01,4.33299729E+05,9.99843452E+03,4.30000000E+05,1.00000000E+04,7.76993120E+06,1.63112292E+09
4.50000000E+01,1.00000000E+00,2.32000000E-01,1.39977951E+08,3.14789109E+04,6.40961828E-11,-0.00000000E+00,-0.00000000E+00,-1.59689539E-31,-3.88539528E-33,3.75120121E+08,8.33651182E+06,3.75178277E-02,8.33780599E-04,-3.75457094E+08,-8.34411194E+06,-1.06194853E+04,-3.18053691E+02,-0.00000000E+00,-0.00000000E+00,5.88399466E-38,1.38502697E-39,-0.00000000E+00,-0.00000000E+00,5.88399466E-38,1.38502697E-39,-1.06391463E+05,-2.39962208E+03,-2.74969748E+03,-6.75421640E+01,4.43298163E+05,9.99843443E+03,4.40000000E+05,1.00000000E+04,7.76993113E+06,1.63112292E+09
4.60000000E+01,1.00000000E+00,2.32000000E-01,1.39977950E+08,3.14789006E+04,4.76870889E-11,-0.00000000E+00,-0.00000000E+00,-1.63574934E-31,-3.88539401E-33,3.83456659E+08,8.33653815E+06,3.83516109E-02,8.33783241E-04,-3.83801232E+08,-8.34413827E+06,-1.09375413E+04,-3.18056828E+02,-0.00000000E+00,-0.00000000E+00,6.02249731E-38,1.38502618E-39,-0.00000000E+00,-0.00000000E+00,6.02249731E-38,1.38502618E-39,-1.08791085E+05,-2.39962206E+03,-2.81723965E+03,-6.75421682E+01,4.53296597E+05,9.99843434E+03,4.50000000E+05,1.00000000E+04,7.76993105E+06,1.63112292E+09
4.70000000E+01,1.00000000E+00,2.32000000E-01,1.39977948E+08,3.14788903E+04,3.54788437E-11,-0.00000000E+00,-0.00000000E+00,-1.67460327E-31,-3.88539274E-33,3.91793224E+08,8.33656446E+06,3.91853968E-02,8.33785880E-04,-3.92145397E+08,-8.34416459E+06,-1.12556004E+04,-3.18059965E+02,-0.00000000E+00,-0.00000000E+00,6.16099988E-38,1.38502538E-39,-0.00000000E+00,-0.00000000E+00,6.16099987E-38,1.38502538E-39,-1.11190707E+05,-2.39962204E+03,-2.88478183E+03,-6.75421723E+01,4.63295032E+05,9.99843426E+03,4.60000000E+05,1.00000000E+04,7.76993098E+06,1.63112292E+09
4.80000000E+01,1.00000000E+00,2.32000000E-01,1.39977947E+08,3.14788800E+04,2.63959990E-11,-0.00000000E+00,-0.00000000E+00,-1.71345719E-31,-3.88539147E-33,4.00129814E+08,8.33659076E+06,4.00191853E-02,8.33788518E-04,-4.00489588E+08,-8.34419088E+06,-1.15736627E+04,-3.18063101E+02,-0.00000000E+00,-0.00000000E+00,6.29950236E-38,1.38502459E-39,-0.00000000E+00,-0.00000000E+00,6.29950236E-38,1.38502459E-39,-1.13590329E+05,-2.39962202E+03,-2.95232401E+03,-6.75421765E+01,4.73293466E+05,9.99843417E+03,4.70000000E+05,1.00000000E+04,7.76993091E+06,1.63112292E+09
4.90000000E+01,1.00000000E+00,2.32000000E-01,1.39977946E+08,3.14788698E+04,1.96384292E-11,-0.00000000E+00,-0.00000000E+00,-1.75231110E-31,-3.88539020E-33,4.08466431E+08,8.33661703E+06,4.08529765E-02,8.33791154E-04,-4.08833805E+08,-8.34421716E+06,-1.18917281E+04,-3.18066237E+02,-0.00000000E+00,-0.00000000E+00,6.43800477E-38,1.38502381E-39,-0.00000000E+00,-0.00000000E+00,6.43800477E-38,1.38502381E-39,-1.15989951E+05,-2.39962199E+03,-3.01986619E+03,-6.75421806E+01,4.83291900E+05,9.99843408E+03,4.80000000E+05,1.00000000E+04,7.76993083E+06,1.63112292E+09
5.00000000E+01,1.00000000E+00,2.32000000E-01,1.39977944E+08,3.14788595E+04,1.46108470E-11,-0.00000000E+00,-0.00000000E+00,-1.79116499E-31,-3.88538893E-33,4.16803075E+08,8.33664329E+06,4.16867703E-02,8.33793789E-04,-4.17178048E+08,-8.34424342E+06,-1.22097967E+04,-3.18069371E+02,-0.00000000E+00,-0.00000000E+00,6.57650710E-38,1.38502303E-39,-0.00000000E+00,-0.00000000E+00,6.57650710E-38,1.38502303E-39,-1.18389573E+05,-2.39962197E+03,-3.08740838E+03,-6.75421847E+01,4.93290334E+05,9.99843399E+03,4.90000000E+05,1.00000000E+04,7.76993076E+06,1.63112292E+09
