Time [d],dt_flow [d],dt_tran [d],Global Water Mass in Liquid Phas [kg],Global Vaq [mol],Global Vim [mol],Top Water Mass [kg],Top Water Mass [kg/d],Top Vaq [mol],Top Vaq [mol/d],Right Water Mass [kg],Right Water Mass [kg/d],Right Vaq [mol],Right Vaq [mol/d],Left Water Mass [kg],Left Water Mass [kg/d],Left Vaq [mol],Left Vaq [mol/d],North Water Mass [kg],North Water Mass [kg/d],North Vaq [mol],North Vaq [mol/d],South Water Mass [kg],South Water Mass [kg/d],South Vaq [mol],South Vaq [mol/d],ExtractWell Water Mass [kg],ExtractWell Water Mass [kg/d],ExtractWell Vaq [mol],ExtractWell Vaq [mol/d],InjectWell Water Mass [kg],InjectWell Water Mass [kg/d],InjectWell Vaq [mol],InjectWell Vaq [mol/d],Region Region__all Water Mass [kg],Region Region__all Total Mass [kg]
1.00000000E+00,4.89000000E-01,1.05000000E-01,1.39977809E+08,1.04371482E-02,2.97108677E-05,-0.00000000E+00,-0.00000000E+00,2.70428887E-40,4.39757710E-40,2.77837107E+06,2.77736454E+06,2.77880947E-04,2.77780278E-04,-2.78093023E+06,-2.78124779E+06,-2.34245057E-04,-2.06616111E-04,-0.00000000E+00,-0.00000000E+00,2.68751967E-40,4.37033220E-40,-0.00000000E+00,-0.00000000E+00,2.68751966E-40,4.37033219E-40,-8.08069493E+02,-1.22620560E+03,-6.49142626E-08,-9.10935183E-08,3.36695722E+03,5.10919153E+03,3.36749000E-07,5.11000000E-07,7.76992323E+06,1.63109144E+09
2.00000000E+00,4.88000000E-01,4.00000000E-02,1.39977808E+08,8.51371128E+03,2.19851824E-05,-0.00000000E+00,-0.00000000E+00,-6.00644287E-34,-1.05083349E-33,5.55291059E+06,2.77453998E+06,5.55378678E-04,2.77497777E-04,-5.56306880E+06,-2.78213906E+06,-4.10208222E-04,-1.52938933E-04,-0.00000000E+00,-0.00000000E+00,8.90420727E-40,7.59139788E-40,-0.00000000E+00,-0.00000000E+00,8.90420726E-40,7.59139788E-40,-3.20768907E+03,-2.39961957E+03,-2.05271990E-05,-1.05406839E-04,1.33653751E+04,9.99841786E+03,1.00000000E+04,1.00000000E+04,7.76992321E+06,1.63109996E+09
3.00000000E+00,1.00000000E+00,4.00000000E-02,1.39977808E+08,1.48053277E+04,1.62759057E-05,-0.00000000E+00,-0.00000000E+00,-2.09928072E-33,-1.82739872E-33,8.32745243E+06,2.77454184E+06,8.32876642E-04,2.77497964E-04,-8.34520972E+06,-2.78214092E+06,-5.40245001E-04,-1.13222679E-04,-0.00000000E+00,-0.00000000E+00,1.78447379E-39,9.92434512E-40,-0.00000000E+00,-0.00000000E+00,1.78447379E-39,9.92434512E-40,-5.60730864E+03,-2.39961957E+03,-3.61070894E-03,-1.14875578E-02,2.33637929E+04,9.99841784E+03,2.00000000E+04,1.00000000E+04,7.76992320E+06,1.63110625E+09
4.00000000E+00,1.00000000E+00,4.00000000E-02,1.39977808E+08,1.94630309E+04,1.20492567E-05,-0.00000000E+00,-0.00000000E+00,-4.25819082E-33,-2.40229238E-33,1.11019961E+07,2.77454367E+06,1.11037479E-03,2.77498148E-04,-1.11273525E+07,-2.78214275E+06,-6.36512915E-04,-8.38202189E-05,-0.00000000E+00,-0.00000000E+00,2.87477547E-39,1.16165840E-39,-0.00000000E+00,-0.00000000E+00,2.87477547E-39,1.16165840E-39,-8.00692820E+03,-2.39961956E+03,-7.31936226E-02,-1.58488619E-01,3.33622108E+04,9.99841783E+03,3.00000000E+04,1.00000000E+04,7.76992318E+06,1.63111091E+09
5.00000000E+00,1.00000000E+00,4.00000000E-02,1.39977808E+08,2.29108343E+04,8.92021550E-06,-0.00000000E+00,-0.00000000E+00,-6.90588619E-33,-2.82784982E-33,1.38765416E+07,2.77454547E+06,1.38787312E-03,2.77498327E-04,-1.39094970E+07,-2.78214454E+06,-7.07781302E-04,-6.20531961E-05,-0.00000000E+00,-0.00000000E+00,4.10739745E-39,1.28435528E-39,-0.00000000E+00,-0.00000000E+00,4.10739745E-39,1.28435528E-39,-1.04065478E+04,-2.39961956E+03,-5.43588038E-01,-8.46288946E-01,4.33606286E+04,9.99841781E+03,4.00000000E+04,1.00000000E+04,7.76992317E+06,1.63111435E+09
6.00000000E+00,1.00000000E+00,4.00000000E-02,1.39977807E+08,2.54622023E+04,6.60374718E-06,-0.00000000E+00,-0.00000000E+00,-9.91534675E-33,-3.14276153E-33,1.66510888E+07,2.77454723E+06,1.66537162E-03,2.77498504E-04,-1.66916433E+07,-2.78214629E+06,-7.60542229E-04,-4.59388411E-05,-0.00000000E+00,-0.00000000E+00,5.44318578E-39,1.37327794E-39,-0.00000000E+00,-0.00000000E+00,5.44318578E-39,1.37327794E-39,-1.28061673E+04,-2.39961955E+03,-2.26133521E+00,-2.61766185E+00,5.33590464E+04,9.99841780E+03,5.00000000E+04,1.00000000E+04,7.76992315E+06,1.63111690E+09
7.00000000E+00,1.00000000E+00,4.00000000E-02,1.39977807E+08,2.73488578E+04,4.88883668E-06,-0.00000000E+00,-0.00000000E+00,-1.31924216E-32,-3.37562872E-33,1.94256377E+07,2.77454895E+06,1.94287030E-03,2.77498676E-04,-1.94737913E+07,-2.78214801E+06,-7.99602397E-04,-3.40107286E-05,-0.00000000E+00,-0.00000000E+00,6.85372424E-39,1.43769338E-39,-0.00000000E+00,-0.00000000E+00,6.85372424E-39,1.43769338E-39,-1.52057869E+04,-2.39961955E+03,-6.48011454E+00,-5.70500488E+00,6.33574642E+04,9.99841778E+03,6.00000000E+04,1.00000000E+04,7.76992314E+06,1.63111879E+09
8.00000000E+00,1.00000000E+00,4.00000000E-02,1.39977807E+08,2.87424172E+04,3.61926698E-06,-0.00000000E+00,-0.00000000E+00,-1.66672775E-32,-3.54763377E-33,2.22001884E+07,2.77455064E+06,2.22036914E-03,2.77498845E-04,-2.22559410E+07,-2.78214969E+06,-8.28529657E-04,-2.52048075E-05,-0.00000000E+00,-0.00000000E+00,8.31839789E-39,1.48433320E-39,-0.00000000E+00,-0.00000000E+00,8.31839789E-39,1.48433320E-39,-1.76054064E+04,-2.39961954E+03,-1.43857397E+01,-9.79599560E+00,7.33558819E+04,9.99841777E+03,7.00000000E+04,1.00000000E+04,7.76992313E+06,1.63112018E+09
9.00000000E+00,1.00000000E+00,4.00000000E-02,1.39977807E+08,2.97703935E+04,2.67938864E-06,-0.00000000E+00,-0.00000000E+00,-2.02881212E-32,-3.67451541E-33,2.49747407E+07,2.77455229E+06,2.49786815E-03,2.77499010E-04,-2.50380923E+07,-2.78215133E+06,-8.50067409E-04,-1.89339659E-05,-0.00000000E+00,-0.00000000E+00,9.82225760E-39,1.51808551E-39,-0.00000000E+00,-0.00000000E+00,9.82225760E-39,1.51808551E-39,-2.00050259E+04,-2.39961954E+03,-2.66277237E+01,-1.42233451E+01,8.33542997E+04,9.99841776E+03,8.00000000E+04,1.00000000E+04,7.76992311E+06,1.63112121E+09
1.00000000E+01,1.00000000E+00,4.00000000E-02,1.39977806E+08,3.05277739E+04,1.98358495E-06,-0.00000000E+00,-0.00000000E+00,-2.40165834E-32,-3.76799780E-33,2.77492946E+07,2.77455390E+06,2.77536732E-03,2.77499172E-04,-2.78202453E+07,-2.78215294E+06,-8.67003586E-04,-1.60380679E-05,-0.00000000E+00,-0.00000000E+00,1.13544676E-38,1.54249841E-39,-0.00000000E+00,-0.00000000E+00,1.13544676E-38,1.54249841E-39,-2.24046455E+04,-2.39961954E+03,-4.31635696E+01,-1.83250289E+01,9.33527174E+04,9.99841775E+03,9.00000000E+04,1.00000000E+04,7.76992310E+06,1.63112197E+09
1.10000000E+01,1.00000000E+00,4.00000000E-02,1.39977806E+08,3.10853301E+04,1.46847276E-06,-0.00000000E+00,-0.00000000E+00,-2.78242980E-32,-3.83681616E-33,3.05238500E+07,2.77455548E+06,3.05286665E-03,2.77499330E-04,-3.06023998E+07,-2.78215451E+06,-8.85498627E-04,-2.30448201E-05,-0.00000000E+00,-0.00000000E+00,1.29071774E-38,1.56014632E-39,-0.00000000E+00,-0.00000000E+00,1.29071774E-38,1.56014632E-39,-2.48042650E+04,-2.39961953E+03,-6.34135550E+01,-2.16854662E+01,1.03351135E+05,9.99841774E+03,1.00000000E+05,1.00000000E+04,7.76992308E+06,1.63112253E+09
1.20000000E+01,1.00000000E+00,4.00000000E-02,1.39977806E+08,3.14914198E+04,1.09101494E-06,-0.00000000E+00,-0.00000000E+00,-3.16920270E-32,-3.88693923E-33,3.32984071E+07,2.77455702E+06,3.33036614E-03,2.77499485E-04,-3.33845558E+07,-2.78215605E+06,-9.31446627E-04,-7.08517517E-05,-0.00000000E+00,-0.00000000E+00,1.44751199E-38,1.57275785E-39,-0.00000000E+00,-0.00000000E+00,1.44751199E-38,1.57275785E-39,-2.72038845E+04,-2.39961953E+03,-8.66244026E+01,-2.41459288E+01,1.13349553E+05,9.99841773E+03,1.10000000E+05,1.00000000E+04,7.76992307E+06,1.63112293E+09
1.30000000E+01,1.00000000E+00,1.04000000E-01,1.39977806E+08,3.17912648E+04,8.10766888E-07,-0.00000000E+00,-0.00000000E+00,-3.56018865E-32,-3.92394867E-33,3.60729656E+07,2.77455852E+06,3.60786577E-03,2.77499635E-04,-3.61667134E+07,-2.78215755E+06,-1.09299445E-03,-2.51093411E-04,-0.00000000E+00,-0.00000000E+00,1.60535504E-38,1.58189493E-39,-0.00000000E+00,-0.00000000E+00,1.60535504E-38,1.58189493E-39,-2.96035041E+04,-2.39961952E+03,-1.11827896E+02,-2.58299108E+01,1.23347971E+05,9.99841772E+03,1.20000000E+05,1.00000000E+04,7.76992306E+06,1.63112323E+09
1.40000000E+01,1.00000000E+00,2.32000000E-01,1.39977805E+08,3.20122449E+04,6.03204592E-07,-0.00000000E+00,-0.00000000E+00,-3.95430827E-32,-3.95122393E-33,3.88475256E+07,2.77455999E+06,3.88536556E-03,2.77499782E-04,-3.89488724E+07,-2.78215901E+06,-1.63479753E-03,-7.98861713E-04,-0.00000000E+00,-0.00000000E+00,1.76396286E-38,1.58849345E-39,-0.00000000E+00,-0.00000000E+00,1.76396286E-38,1.58849345E-39,-3.20031236E+04,-2.39961952E+03,-1.38353238E+02,-2.69072198E+01,1.33346388E+05,9.99841771E+03,1.30000000E+05,1.00000000E+04,7.76992305E+06,1.63112345E+09
1.50000000E+01,1.00000000E+00,2.32000000E-01,1.39977805E+08,3.21759811E+04,4.48779773E-07,-0.00000000E+00,-0.00000000E+00,-4.35070850E-32,-3.97143366E-33,4.16220870E+07,2.77456142E+06,4.16286548E-03,2.77499925E-04,-4.17310328E+07,-2.78216043E+06,-3.18355221E-03,-2.18072510E-03,-0.00000000E+00,-0.00000000E+00,1.92311563E-38,1.59327925E-39,-0.00000000E+00,-0.00000000E+00,1.92311563E-38,1.59327925E-39,-3.44027431E+04,-2.39961952E+03,-1.65687815E+02,-2.75654485E+01,1.43344806E+05,9.99841770E+03,1.40000000E+05,1.00000000E+04,7.76992304E+06,1.63112362E+09
1.60000000E+01,1.00000000E+00,2.32000000E-01,1.39977805E+08,3.22973989E+04,3.33888846E-07,-0.00000000E+00,-0.00000000E+00,-4.74879935E-32,-3.98642008E-33,4.43966498E+07,2.77456281E+06,4.44036555E-03,2.77500065E-04,-4.45131946E+07,-2.78216182E+06,-7.03399791E-03,-5.20177552E-03,-0.00000000E+00,-0.00000000E+00,2.08266350E-38,1.59674799E-39,-0.00000000E+00,-0.00000000E+00,2.08266350E-38,1.59674799E-39,-3.68023626E+04,-2.39961952E+03,-1.93504183E+02,-2.79500195E+01,1.53343224E+05,9.99841769E+03,1.50000000E+05,1.00000000E+04,7.76992302E+06,1.63112374E+09
1.70000000E+01,1.00000000E+00,2.32000000E-01,1.39977805E+08,3.23875012E+04,2.48410843E-07,-0.00000000E+00,-0.00000000E+00,-5.14814441E-32,-3.99754128E-33,4.71712140E+07,2.77456416E+06,4.71786575E-03,2.77500201E-04,-4.72953578E+07,-2.78216317E+06,-1.55216855E-02,-1.10557370E-02,-0.00000000E+00,-0.00000000E+00,2.24249761E-38,1.59926036E-39,-0.00000000E+00,-0.00000000E+00,2.24249761E-38,1.59926036E-39,-3.92019821E+04,-2.39961951E+03,-2.21595816E+02,-2.81661373E+01,1.63341641E+05,9.99841768E+03,1.60000000E+05,1.00000000E+04,7.76992301E+06,1.63112383E+09
1.80000000E+01,1.00000000E+00,2.32000000E-01,1.39977805E+08,3.24544042E+04,1.84815838E-07,-0.00000000E+00,-0.00000000E+00,-5.54842054E-32,-4.00579901E-33,4.99457794E+07,2.77456548E+06,4.99536608E-03,2.77500333E-04,-5.00775223E+07,-2.78216448E+06,-3.23933889E-02,-2.12801353E-02,-0.00000000E+00,-0.00000000E+00,2.40253897E-38,1.60107869E-39,-0.00000000E+00,-0.00000000E+00,2.40253897E-38,1.60107869E-39,-4.16016016E+04,-2.39961951E+03,-2.49839157E+02,-2.82835171E+01,1.73340059E+05,9.99841768E+03,1.70000000E+05,1.00000000E+04,7.76992300E+06,1.63112390E+09
1.90000000E+01,1.00000000E+00,2.32000000E-01,1.39977804E+08,3.25041009E+04,1.37501624E-07,-0.00000000E+00,-0.00000000E+00,-5.94938818E-32,-4.01193301E-33,5.27203462E+07,2.77456677E+06,5.27286654E-03,2.77500462E-04,-5.28596880E+07,-2.78216576E+06,-6.30590618E-02,-3.75897244E-02,-0.00000000E+00,-0.00000000E+00,2.56273024E-38,1.60239365E-39,-0.00000000E+00,-0.00000000E+00,2.56273024E-38,1.60239365E-39,-4.40012211E+04,-2.39961951E+03,-2.78163496E+02,-2.83453763E+01,1.83338477E+05,9.99841767E+03,1.80000000E+05,1.00000000E+04,7.76992299E+06,1.63112395E+09
2.00000000E+01,1.00000000E+00,2.32000000E-01,1.39977804E+08,3.25410226E+04,1.02300198E-07,-0.00000000E+00,-0.00000000E+00,-6.35086955E-32,-4.01649020E-33,5.54949142E+07,2.77456802E+06,5.55036713E-03,2.77500588E-04,-5.56418550E+07,-2.78216701E+06,-1.14610041E-01,-6.16046136E-02,-0.00000000E+00,-0.00000000E+00,2.72302987E-38,1.60334381E-39,-0.00000000E+00,-0.00000000E+00,2.72302987E-38,1.60334381E-39,-4.64008406E+04,-2.39961951E+03,-3.06529877E+02,-2.83771141E+01,1.93336894E+05,9.99841766E+03,1.90000000E+05,1.00000000E+04,7.76992298E+06,1.63112398E+09
2.10000000E+01,1.00000000E+00,2.32000000E-01,1.39977804E+08,3.25684496E+04,7.61105953E-08,-0.00000000E+00,-0.00000000E+00,-6.75273256E-32,-4.01987549E-33,5.82694835E+07,2.77456925E+06,5.82786784E-03,2.77500710E-04,-5.84240233E+07,-2.78216823E+06,-1.95530843E-01,-9.45312579E-02,-0.00000000E+00,-0.00000000E+00,2.88340777E-38,1.60402976E-39,-0.00000000E+00,-0.00000000E+00,2.88340777E-38,1.60402976E-39,-4.88004602E+04,-2.39961950E+03,-3.34917542E+02,-2.83930132E+01,2.03335312E+05,9.99841765E+03,2.00000000E+05,1.00000000E+04,7.76992297E+06,1.63112401E+09
2.20000000E+01,1.00000000E+00,2.32000000E-01,1.39977804E+08,3.25888139E+04,5.66257235E-08,-0.00000000E+00,-0.00000000E+00,-7.15487901E-32,-4.02238902E-33,6.10440539E+07,2.77457044E+06,6.10536867E-03,2.77500830E-04,-6.12061927E+07,-2.78216942E+06,-3.15106156E-01,-1.36877653E-01,-0.00000000E+00,-0.00000000E+00,3.04384213E-38,1.60452451E-39,-0.00000000E+00,-0.00000000E+00,3.04384213E-38,1.60452451E-39,-5.12000797E+04,-2.39961950E+03,-3.63315741E+02,-2.84008105E+01,2.13333730E+05,9.99841764E+03,2.10000000E+05,1.00000000E+04,7.76992296E+06,1.63112403E+09
2.30000000E+01,1.00000000E+00,2.32000000E-01,1.39977804E+08,3.26039203E+04,4.21291222E-08,-0.00000000E+00,-0.00000000E+00,-7.55723581E-32,-4.02425357E-33,6.38186255E+07,2.77457160E+06,6.38286962E-03,2.77500946E-04,-6.39883633E+07,-2.78217058E+06,-4.82605132E-01,-1.88278825E-01,-0.00000000E+00,-0.00000000E+00,3.20431721E-38,1.60488099E-39,-0.00000000E+00,-0.00000000E+00,3.20431721E-38,1.60488099E-39,-5.35996992E+04,-2.39961950E+03,-3.91719053E+02,-2.84045640E+01,2.23332147E+05,9.99841763E+03,2.20000000E+05,1.00000000E+04,7.76992295E+06,1.63112405E+09
2.40000000E+01,1.00000000E+00,2.32000000E-01,1.39977804E+08,3.26151099E+04,3.13437573E-08,-0.00000000E+00,-0.00000000E+00,-7.95974851E-32,-4.02563470E-33,6.65931983E+07,2.77457274E+06,6.66037068E-03,2.77501061E-04,-6.67705350E+07,-2.78217171E+06,-7.06383966E-01,-2.47477907E-01,-0.00000000E+00,-0.00000000E+00,3.36482159E-38,1.60513756E-39,-0.00000000E+00,-0.00000000E+00,3.36482159E-38,1.60513756E-39,-5.59993186E+04,-2.39961950E+03,-4.20124805E+02,-2.84063430E+01,2.33330565E+05,9.99841762E+03,2.30000000E+05,1.00000000E+04,7.76992294E+06,1.63112406E+09
2.50000000E+01,1.00000000E+00,2.32000000E-01,1.39977803E+08,3.26233812E+04,2.33195250E-08,-0.00000000E+00,-0.00000000E+00,-8.36237656E-32,-4.02665560E-33,6.93677721E+07,2.77457386E+06,6.93787185E-03,2.77501173E-04,-6.95527078E+07,-2.78217282E+06,-9.93067119E-01,-3.12464943E-01,-0.00000000E+00,-0.00000000E+00,3.52534705E-38,1.60532202E-39,-0.00000000E+00,-0.00000000E+00,3.52534705E-38,1.60532202E-39,-5.83989381E+04,-2.39961949E+03,-4.48531705E+02,-2.84071769E+01,2.43328983E+05,9.99841762E+03,2.40000000E+05,1.00000000E+04,7.76992293E+06,1.63112407E+09
2.60000000E+01,1.00000000E+00,2.32000000E-01,1.39977803E+08,3.26294781E+04,1.73495553E-08,-0.00000000E+00,-0.00000000E+00,-8.76508975E-32,-4.02740814E-33,7.21423471E+07,2.77457495E+06,7.21537313E-03,2.77501282E-04,-7.23348817E+07,-2.78217391E+06,-1.34694471E+00,-3.80735927E-01,-0.00000000E+00,-0.00000000E+00,3.68588766E-38,1.60545447E-39,-0.00000000E+00,-0.00000000E+00,3.68588766E-38,1.60545447E-39,-6.07985576E+04,-2.39961949E+03,-4.76939142E+02,-2.84075663E+01,2.53327400E+05,9.99841761E+03,2.50000000E+05,1.00000000E+04,7.76992292E+06,1.63112407E+09
2.70000000E+01,1.00000000E+00,2.32000000E-01,1.39977803E+08,3.26339562E+04,1.29079416E-08,-0.00000000E+00,-0.00000000E+00,-9.16786556E-32,-4.02796087E-33,7.49169231E+07,2.77457603E+06,7.49287452E-03,2.77501390E-04,-7.51170567E+07,-2.78217499E+06,-1.76966992E+00,-4.49610452E-01,-0.00000000E+00,-0.00000000E+00,3.84643914E-38,1.60554945E-39,-0.00000000E+00,-0.00000000E+00,3.84643914E-38,1.60554945E-39,-6.31981771E+04,-2.39961949E+03,-5.05346831E+02,-2.84077499E+01,2.63325818E+05,9.99841760E+03,2.60000000E+05,1.00000000E+04,7.76992291E+06,1.63112408E+09
2.80000000E+01,1.00000000E+00,2.32000000E-01,1.39977803E+08,3.26372310E+04,9.60341369E-09,-0.00000000E+00,-0.00000000E+00,-9.57068725E-32,-4.02836507E-33,7.76915002E+07,2.77457709E+06,7.77037602E-03,2.77501496E-04,-7.78992327E+07,-2.78217604E+06,-2.26027452E+00,-5.16542129E-01,-0.00000000E+00,-0.00000000E+00,4.00699840E-38,1.60561746E-39,-0.00000000E+00,-0.00000000E+00,4.00699840E-38,1.60561746E-39,-6.55977966E+04,-2.39961949E+03,-5.33754641E+02,-2.84078398E+01,2.73324235E+05,9.99841759E+03,2.70000000E+05,1.00000000E+04,7.76992290E+06,1.63112408E+09
2.90000000E+01,1.00000000E+00,2.32000000E-01,1.39977803E+08,3.26396133E+04,7.14486920E-09,-0.00000000E+00,-0.00000000E+00,-9.97354240E-32,-4.02865911E-33,8.04660783E+07,2.77457813E+06,8.04787762E-03,2.77501601E-04,-8.06814098E+07,-2.78217709E+06,-2.81546138E+00,-5.79368633E-01,-0.00000000E+00,-0.00000000E+00,4.16756324E-38,1.60566609E-39,-0.00000000E+00,-0.00000000E+00,4.16756324E-38,1.60566609E-39,-6.79974161E+04,-2.39961949E+03,-5.62162512E+02,-2.84078873E+01,2.83322653E+05,9.99841758E+03,2.80000000E+05,1.00000000E+04,7.76992290E+06,1.63112408E+09
3.00000000E+01,1.00000000E+00,2.32000000E-01,1.39977803E+08,3.26413359E+04,5.31573018E-09,-0.00000000E+00,-0.00000000E+00,-1.03764218E-31,-4.02887174E-33,8.32406575E+07,2.77457916E+06,8.32537933E-03,2.77501705E-04,-8.34635879E+07,-2.78217812E+06,-3.43009313E+00,-6.36470720E-01,-0.00000000E+00,-0.00000000E+00,4.32813205E-38,1.60570079E-39,-0.00000000E+00,-0.00000000E+00,4.32813205E-38,1.60570079E-39,-7.03970356E+04,-2.39961948E+03,-5.90570418E+02,-2.84079159E+01,2.93321071E+05,9.99841757E+03,2.90000000E+05,1.00000000E+04,7.76992289E+06,1.63112408E+09
3.10000000E+01,1.00000000E+00,2.32000000E-01,1.39977802E+08,3.26425732E+04,3.95486418E-09,-0.00000000E+00,-0.00000000E+00,-1.07793187E-31,-4.02902445E-33,8.60152377E+07,2.77458018E+06,8.60288113E-03,2.77501807E-04,-8.62457671E+07,-2.78217914E+06,-4.09777988E+00,-6.86833447E-01,-0.00000000E+00,-0.00000000E+00,4.48870370E-38,1.60572551E-39,-0.00000000E+00,-0.00000000E+00,4.48870370E-38,1.60572551E-39,-7.27966551E+04,-2.39961948E+03,-6.18978346E+02,-2.84079360E+01,3.03319488E+05,9.99841757E+03,3.00000000E+05,1.00000000E+04,7.76992288E+06,1.63112408E+09
3.20000000E+01,1.00000000E+00,2.32000000E-01,1.39977802E+08,3.26434553E+04,2.94238989E-09,-0.00000000E+00,-0.00000000E+00,-1.11822280E-31,-4.02913333E-33,8.87898189E+07,2.77458120E+06,8.88038304E-03,2.77501909E-04,-8.90279472E+07,-2.78218015E+06,-4.81147478E+00,-7.30022189E-01,-0.00000000E+00,-0.00000000E+00,4.64927737E-38,1.60574309E-39,-0.00000000E+00,-0.00000000E+00,4.64927737E-38,1.60574309E-39,-7.51962745E+04,-2.39961948E+03,-6.47386293E+02,-2.84079525E+01,3.13317906E+05,9.99841756E+03,3.10000000E+05,1.00000000E+04,7.76992287E+06,1.63112409E+09
3.30000000E+01,1.00000000E+00,2.32000000E-01,1.39977802E+08,3.26440792E+04,2.18911645E-09,-0.00000000E+00,-0.00000000E+00,-1.15851463E-31,-4.02921033E-33,9.15644011E+07,2.77458220E+06,9.15788505E-03,2.77502010E-04,-9.18101284E+07,-2.78218115E+06,-5.56400622E+00,-7.66097479E-01,-0.00000000E+00,-0.00000000E+00,4.80985247E-38,1.60575556E-39,-0.00000000E+00,-0.00000000E+00,4.80985247E-38,1.60575556E-39,-7.75958940E+04,-2.39961948E+03,-6.75794255E+02,-2.84079672E+01,3.23316323E+05,9.99841755E+03,3.20000000E+05,1.00000000E+04,7.76992286E+06,1.63112409E+09
3.40000000E+01,1.00000000E+00,2.32000000E-01,1.39977802E+08,3.26445166E+04,1.62868655E-09,-0.00000000E+00,-0.00000000E+00,-1.19880707E-31,-4.02926433E-33,9.43389843E+07,2.77458320E+06,9.43538716E-03,2.77502110E-04,-9.45923105E+07,-2.78218215E+06,-6.34850227E+00,-7.95496275E-01,-0.00000000E+00,-0.00000000E+00,4.97042859E-38,1.60576438E-39,-0.00000000E+00,-0.00000000E+00,4.97042859E-38,1.60576438E-39,-7.99955135E+04,-2.39961947E+03,-7.04202231E+02,-2.84079812E+01,3.33314741E+05,9.99841754E+03,3.30000000E+05,1.00000000E+04,7.76992285E+06,1.63112409E+09
3.50000000E+01,1.00000000E+00,2.32000000E-01,1.39977802E+08,3.26448207E+04,1.21173082E-09,-0.00000000E+00,-0.00000000E+00,-1.23909996E-31,-4.02930185E-33,9.71135685E+07,2.77458420E+06,9.71288937E-03,2.77502210E-04,-9.73744937E+07,-2.78218314E+06,-7.15868938E+00,-8.18904557E-01,-0.00000000E+00,-0.00000000E+00,5.13100542E-38,1.60577060E-39,-0.00000000E+00,-0.00000000E+00,5.13100542E-38,1.60577060E-39,-8.23951330E+04,-2.39961947E+03,-7.32610220E+02,-2.84079947E+01,3.43313158E+05,9.99841753E+03,3.40000000E+05,1.00000000E+04,7.76992284E+06,1.63112409E+09
3.60000000E+01,1.00000000E+00,2.32000000E-01,1.39977802E+08,3.26450300E+04,9.01518828E-10,-0.00000000E+00,-0.00000000E+00,-1.27939314E-31,-4.02932769E-33,9.98881537E+07,2.77458519E+06,9.99039168E-03,2.77502309E-04,-1.00156678E+08,-2.78218413E+06,-7.98906862E+00,-8.37139928E-01,-0.00000000E+00,-0.00000000E+00,5.29158276E-38,1.60577498E-39,-0.00000000E+00,-0.00000000E+00,5.29158276E-38,1.60577498E-39,-8.47947524E+04,-2.39961947E+03,-7.61018223E+02,-2.84080080E+01,3.53311576E+05,9.99841752E+03,3.50000000E+05,1.00000000E+04,7.76992284E+06,1.63112409E+09
3.70000000E+01,1.00000000E+00,2.32000000E-01,1.39977802E+08,3.26451728E+04,6.70723383E-10,-0.00000000E+00,-0.00000000E+00,-1.31968653E-31,-4.02934532E-33,1.02662740E+08,2.77458617E+06,1.02678941E-02,2.77502408E-04,-1.02938863E+08,-2.78218512E+06,-8.83498683E+00,-8.51055499E-01,-0.00000000E+00,-0.00000000E+00,5.45216046E-38,1.60577805E-39,-0.00000000E+00,-0.00000000E+00,5.45216046E-38,1.60577805E-39,-8.71943719E+04,-2.39961947E+03,-7.89426240E+02,-2.84080212E+01,3.63309993E+05,9.99841751E+03,3.60000000E+05,1.00000000E+04,7.76992283E+06,1.63112409E+09
3.80000000E+01,1.00000000E+00,2.32000000E-01,1.39977801E+08,3.26452693E+04,4.99013267E-10,-0.00000000E+00,-0.00000000E+00,-1.35998006E-31,-4.02935723E-33,1.05437327E+08,2.77458716E+06,1.05453966E-02,2.77502507E-04,-1.05721049E+08,-2.78218610E+06,-9.69262726E+00,-8.61469612E-01,-0.00000000E+00,-0.00000000E+00,5.61273840E-38,1.60578019E-39,-0.00000000E+00,-0.00000000E+00,5.61273840E-38,1.60578019E-39,-8.95939914E+04,-2.39961947E+03,-8.17834269E+02,-2.84080344E+01,3.73308411E+05,9.99841751E+03,3.70000000E+05,1.00000000E+04,7.76992282E+06,1.63112409E+09
3.90000000E+01,1.00000000E+00,2.32000000E-01,1.39977801E+08,3.26453339E+04,3.71262203E-10,-0.00000000E+00,-0.00000000E+00,-1.40027368E-31,-4.02936520E-33,1.08211915E+08,2.77458814E+06,1.08228992E-02,2.77502605E-04,-1.08503236E+08,-2.78218708E+06,-1.05589456E+01,-8.69120890E-01,-0.00000000E+00,-0.00000000E+00,5.77331651E-38,1.60578168E-39,-0.00000000E+00,-0.00000000E+00,5.77331651E-38,1.60578168E-39,-9.19936108E+04,-2.39961946E+03,-8.46242312E+02,-2.84080474E+01,3.83306828E+05,9.99841750E+03,3.80000000E+05,1.00000000E+04,7.76992281E+06,1.63112409E+09
4.00000000E+01,1.00000000E+00,2.32000000E-01,1.39977801E+08,3.26453766E+04,2.76216351E-10,-0.00000000E+00,-0.00000000E+00,-1.44056737E-31,-4.02937047E-33,1.10986504E+08,2.77458912E+06,1.11004019E-02,2.77502703E-04,-1.11285424E+08,-2.78218806E+06,-1.14315745E+01,-8.74644957E-01,-0.00000000E+00,-0.00000000E+00,5.93389474E-38,1.60578270E-39,-0.00000000E+00,-0.00000000E+00,5.93389474E-38,1.60578270E-39,-9.43932303E+04,-2.39961946E+03,-8.74650367E+02,-2.84080604E+01,3.93305246E+05,9.99841749E+03,3.90000000E+05,1.00000000E+04,7.76992280E+06,1.63112409E+09
4.10000000E+01,1.00000000E+00,2.32000000E-01,1.39977801E+08,3.26454047E+04,2.05502935E-10,-0.00000000E+00,-0.00000000E+00,-1.48086110E-31,-4.02937394E-33,1.13761094E+08,2.77459009E+06,1.13779047E-02,2.77502801E-04,-1.14067613E+08,-2.78218904E+06,-1.23087156E+01,-8.78567713E-01,-0.00000000E+00,-0.00000000E+00,6.09447306E-38,1.60578340E-39,-0.00000000E+00,-0.00000000E+00,6.09447306E-38,1.60578340E-39,-9.67928498E+04,-2.39961946E+03,-9.03058436E+02,-2.84080734E+01,4.03303663E+05,9.99841748E+03,4.00000000E+05,1.00000000E+04,7.76992280E+06,1.63112409E+09
4.20000000E+01,1.00000000E+00,2.32000000E-01,1.39977801E+08,3.26454229E+04,1.52892673E-10,-0.00000000E+00,-0.00000000E+00,-1.52115485E-31,-4.02937619E-33,1.16535685E+08,2.77459107E+06,1.16554076E-02,2.77502899E-04,-1.16849803E+08,-2.78219002E+06,-1.31890315E+01,-8.81309927E-01,-0.00000000E+00,-0.00000000E+00,6.25505143E-38,1.60578388E-39,-0.00000000E+00,-0.00000000E+00,6.25505143E-38,1.60578388E-39,-9.91924692E+04,-2.39961946E+03,-9.31466517E+02,-2.84080864E+01,4.13302081E+05,9.99841747E+03,4.10000000E+05,1.00000000E+04,7.76992279E+06,1.63112409E+09
4.30000000E+01,1.00000000E+00,2.32000000E-01,1.39977801E+08,3.26454346E+04,1.13751025E-10,-0.00000000E+00,-0.00000000E+00,-1.56144862E-31,-4.02937763E-33,1.19310277E+08,2.77459205E+06,1.19329106E-02,2.77502997E-04,-1.19631994E+08,-2.78219099E+06,-1.40715476E+01,-8.83198531E-01,-0.00000000E+00,-0.00000000E+00,6.41562984E-38,1.60578419E-39,-0.00000000E+00,-0.00000000E+00,6.41562984E-38,1.60578419E-39,-1.01592089E+05,-2.39961946E+03,-9.59874612E+02,-2.84080993E+01,4.23300498E+05,9.99841746E+03,4.20000000E+05,1.00000000E+04,7.76992278E+06,1.63112409E+09
4.40000000E+01,1.00000000E+00,2.32000000E-01,1.39977801E+08,3.26454421E+04,8.46299268E-11,-0.00000000E+00,-0.00000000E+00,-1.60174240E-31,-4.02937855E-33,1.22084870E+08,2.77459302E+06,1.22104137E-02,2.77503095E-04,-1.22414186E+08,-2.78219196E+06,-1.49555667E+01,-8.84481008E-01,-0.00000000E+00,-0.00000000E+00,6.57620827E-38,1.60578440E-39,-0.00000000E+00,-0.00000000E+00,6.57620827E-38,1.60578440E-39,-1.03991708E+05,-2.39961945E+03,-9.88282719E+02,-2.84081122E+01,4.33298916E+05,9.99841746E+03,4.30000000E+05,1.00000000E+04,7.76992277E+06,1.63112409E+09
4.50000000E+01,1.00000000E+00,2.32000000E-01,1.39977800E+08,3.26454468E+04,6.29640436E-11,-0.00000000E+00,-0.00000000E+00,-1.64203619E-31,-4.02937913E-33,1.24859464E+08,2.77459399E+06,1.24879169E-02,2.77503192E-04,-1.25196379E+08,-2.78219294E+06,-1.58405984E+01,-8.85340347E-01,-0.00000000E+00,-0.00000000E+00,6.73678672E-38,1.60578453E-39,-0.00000000E+00,-0.00000000E+00,6.73678672E-38,1.60578453E-39,-1.06391328E+05,-2.39961945E+03,-1.01669084E+03,-2.84081251E+01,4.43297333E+05,9.99841745E+03,4.40000000E+05,1.00000000E+04,7.76992276E+06,1.63112409E+09
4.60000000E+01,1.00000000E+00,2.32000000E-01,1.39977800E+08,3.26454497E+04,4.68447857E-11,-0.00000000E+00,-0.00000000E+00,-1.68232999E-31,-4.02937949E-33,1.27634059E+08,2.77459496E+06,1.27654202E-02,2.77503290E-04,-1.27978573E+08,-2.78219391E+06,-1.67263037E+01,-8.85908977E-01,-0.00000000E+00,-0.00000000E+00,6.89736518E-38,1.60578461E-39,-0.00000000E+00,-0.00000000E+00,6.89736518E-38,1.60578461E-39,-1.08790947E+05,-2.39961945E+03,-1.04509897E+03,-2.84081380E+01,4.53295751E+05,9.99841744E+03,4.50000000E+05,1.00000000E+04,7.76992276E+06,1.63112409E+09
4.70000000E+01,1.00000000E+00,2.32000000E-01,1.39977800E+08,3.26454515E+04,3.48521763E-11,-0.00000000E+00,-0.00000000E+00,-1.72262378E-31,-4.02937971E-33,1.30408655E+08,2.77459594E+06,1.30429236E-02,2.77503387E-04,-1.30760768E+08,-2.78219488E+06,-1.76124517E+01,-8.86280875E-01,-0.00000000E+00,-0.00000000E+00,7.05794364E-38,1.60578466E-39,-0.00000000E+00,-0.00000000E+00,7.05794364E-38,1.60578466E-39,-1.11190566E+05,-2.39961945E+03,-1.07350712E+03,-2.84081509E+01,4.63294168E+05,9.99841743E+03,4.60000000E+05,1.00000000E+04,7.76992275E+06,1.63112409E+09
4.80000000E+01,1.00000000E+00,2.32000000E-01,1.39977800E+08,3.26454526E+04,2.59297630E-11,-0.00000000E+00,-0.00000000E+00,-1.76291758E-31,-4.02937985E-33,1.33183252E+08,2.77459691E+06,1.33204270E-02,2.77503485E-04,-1.33542964E+08,-2.78219585E+06,-1.84988875E+01,-8.86521522E-01,-0.00000000E+00,-0.00000000E+00,7.21852211E-38,1.60578468E-39,-0.00000000E+00,-0.00000000E+00,7.21852211E-38,1.60578468E-39,-1.13590186E+05,-2.39961944E+03,-1.10191528E+03,-2.84081638E+01,4.73292585E+05,9.99841742E+03,4.70000000E+05,1.00000000E+04,7.76992274E+06,1.63112409E+09
4.90000000E+01,1.00000000E+00,2.32000000E-01,1.39977800E+08,3.26454532E+04,1.92915531E-11,-0.00000000E+00,-0.00000000E+00,-1.80321138E-31,-4.02937993E-33,1.35957850E+08,2.77459788E+06,1.35979306E-02,2.77503582E-04,-1.36325161E+08,-2.78219682E+06,-1.93855085E+01,-8.86675780E-01,-0.00000000E+00,-0.00000000E+00,7.37910058E-38,1.60578468E-39,-0.00000000E+00,-0.00000000E+00,7.37910058E-38,1.60578468E-39,-1.15989805E+05,-2.39961944E+03,-1.13032345E+03,-2.84081766E+01,4.83291003E+05,9.99841741E+03,4.80000000E+05,1.00000000E+04,7.76992273E+06,1.63112409E+09
5.00000000E+01,1.00000000E+00,2.32000000E-01,1.39977800E+08,3.26454536E+04,1.43527737E-11,-0.00000000E+00,-0.00000000E+00,-1.84350518E-31,-4.02937997E-33,1.38732449E+08,2.77459885E+06,1.38754343E-02,2.77503679E-04,-1.39107358E+08,-2.78219779E+06,-2.02722476E+01,-8.86773903E-01,-0.00000000E+00,-0.00000000E+00,7.53967904E-38,1.60578468E-39,-0.00000000E+00,-0.00000000E+00,7.53967904E-38,1.60578468E-39,-1.18389425E+05,-2.39961944E+03,-1.15873163E+03,-2.84081895E+01,4.93289420E+05,9.99841741E+03,4.90000000E+05,1.00000000E+04,7.76992272E+06,1.63112409E+09
