Time [d],dt_flow [d],dt_tran [d],Global Water Mass in Liquid Phas [kg],Global Vaq [mol],Global Vim [mol],Top Water Mass [kg],Top Water Mass [kg/d],Top Vaq [mol],Top Vaq [mol/d],Right Water Mass [kg],Right Water Mass [kg/d],Right Vaq [mol],Right Vaq [mol/d],Left Water Mass [kg],Left Water Mass [kg/d],Left Vaq [mol],Left Vaq [mol/d],North Water Mass [kg],North Water Mass [kg/d],North Vaq [mol],North Vaq [mol/d],South Water Mass [kg],South Water Mass [kg/d],South Vaq [mol],South Vaq [mol/d],ExtractWell Water Mass [kg],ExtractWell Water Mass [kg/d],ExtractWell Vaq [mol],ExtractWell Vaq [mol/d],InjectWell Water Mass [kg],InjectWell Water Mass [kg/d],InjectWell Vaq [mol],InjectWell Vaq [mol/d],Region Region__all Water Mass [kg],Region Region__all Total Mass [kg]
1.00000000E+00,4.89000000E-01,3.27566312E-02,1.39978471E+08,1.06377364E-02,2.96053350E-05,-0.00000000E+00,-0.00000000E+00,2.43519628E-40,4.14999397E-40,2.08501205E+07,2.08488659E+07,2.08532096E-03,2.08519552E-03,-2.08526947E+07,-2.08527634E+07,-1.77450897E-03,-1.54362596E-03,-0.00000000E+00,-0.00000000E+00,2.42007309E-40,4.12422396E-40,-0.00000000E+00,-0.00000000E+00,2.42007309E-40,4.12422396E-40,-8.08073319E+02,-1.22621139E+03,-6.56454903E-08,-9.07715813E-08,3.36699049E+03,5.10924198E+03,3.36749000E-07,5.11000000E-07,7.76995997E+06,1.63109144E+09
2.00000000E+00,4.88000000E-01,6.64899783E-02,1.39978458E+08,8.54127234E+03,2.18821694E-05,-0.00000000E+00,-0.00000000E+00,-5.89506062E-34,-1.05423531E-33,4.16952546E+07,2.08452877E+07,4.17014334E-03,2.08483778E-03,-4.17054406E+07,-2.08528990E+07,-3.09296741E-03,-1.14102362E-03,-0.00000000E+00,-0.00000000E+00,8.03230835E-40,6.71400339E-40,-0.00000000E+00,-0.00000000E+00,8.03230837E-40,6.71400340E-40,-3.20770404E+03,-2.39963067E+03,-1.44334867E-03,-9.50456294E-03,1.33655068E+04,9.99851622E+03,1.00000000E+04,1.00000000E+04,7.76995925E+06,1.63109998E+09
3.00000000E+00,1.00000000E+00,3.05269501E-02,1.39978447E+08,1.48524290E+04,1.61751097E-05,-0.00000000E+00,-0.00000000E+00,-2.08005585E-33,-1.83321237E-33,6.25410741E+07,2.08458195E+07,6.25503443E-03,2.08489109E-03,-6.25588697E+07,-2.08534291E+07,-4.32142560E-03,-2.38574077E-03,-0.00000000E+00,-0.00000000E+00,1.56471912E-39,8.26987177E-40,-0.00000000E+00,-0.00000000E+00,1.56471913E-39,8.26987178E-40,-5.60733457E+03,-2.39963053E+03,-4.75914161E-01,-1.61244682E+00,2.33640227E+04,9.99851593E+03,2.00000000E+04,1.00000000E+04,7.76995866E+06,1.63110629E+09
4.00000000E+00,1.00000000E+00,1.14828954E-01,1.39978437E+08,1.95091272E+04,1.19592738E-05,-0.00000000E+00,-0.00000000E+00,-4.23675693E-33,-2.40798197E-33,8.33873706E+07,2.08462965E+07,8.33997335E-03,2.08493892E-03,-8.34127746E+07,-2.08539050E+07,-1.42889243E-01,-5.71194989E-01,-0.00000000E+00,-0.00000000E+00,2.44366160E-39,9.15485181E-40,-0.00000000E+00,-0.00000000E+00,2.44366161E-39,9.15485181E-40,-8.00696500E+03,-2.39963043E+03,-6.88011983E+00,-1.19885768E+01,3.33625384E+04,9.99851570E+03,3.00000000E+04,1.00000000E+04,7.76995813E+06,1.63111095E+09
5.00000000E+00,1.00000000E+00,3.11155167E-02,1.39978428E+08,2.29260035E+04,8.85011604E-06,-0.00000000E+00,-0.00000000E+00,-6.88644211E-33,-2.82972214E-33,1.04234113E+08,2.08467419E+07,1.04249569E-02,2.08498359E-03,-1.04267124E+08,-2.08543497E+07,-7.59038337E+00,-2.07189228E+01,-0.00000000E+00,-0.00000000E+00,3.38696605E-39,9.61409731E-40,-0.00000000E+00,-0.00000000E+00,3.38696605E-39,9.61409731E-40,-1.04065954E+04,-2.39963035E+03,-2.59081657E+01,-2.39268422E+01,4.33610539E+04,9.99851550E+03,4.00000000E+04,1.00000000E+04,7.76995763E+06,1.63111437E+09
6.00000000E+00,1.00000000E+00,8.81179844E-02,1.39978420E+08,2.53738449E+04,6.55416490E-06,-0.00000000E+00,-0.00000000E+00,-9.89315522E-33,-3.13185570E-33,1.25081283E+08,2.08471707E+07,1.25099835E-02,2.08502660E-03,-1.25121903E+08,-2.08547782E+07,-9.25730798E+01,-1.66168185E+02,-0.00000000E+00,-0.00000000E+00,4.36141010E-39,9.82185840E-40,-0.00000000E+00,-0.00000000E+00,4.36141011E-39,9.82185840E-40,-1.28062256E+04,-2.39963028E+03,-5.29705574E+01,-2.86557815E+01,5.33595693E+04,9.99851534E+03,5.00000000E+04,1.00000000E+04,7.76995715E+06,1.63111682E+09
7.00000000E+00,1.00000000E+00,8.81250739E-02,1.39978411E+08,2.69557614E+04,4.85384334E-06,-0.00000000E+00,-0.00000000E+00,-1.31420460E-32,-3.32710939E-33,1.45928874E+08,2.08475912E+07,1.45950523E-02,2.08506878E-03,-1.45977101E+08,-2.08551985E+07,-4.41934218E+02,-5.21415311E+02,-0.00000000E+00,-0.00000000E+00,5.34864438E-39,9.90024796E-40,-0.00000000E+00,-0.00000000E+00,5.34864438E-39,9.90024796E-40,-1.52058559E+04,-2.39963023E+03,-8.23106579E+01,-2.96318553E+01,6.33580845E+04,9.99851520E+03,6.00000000E+04,1.00000000E+04,7.76995669E+06,1.63111840E+09
8.00000000E+00,1.00000000E+00,8.81310236E-02,1.39978403E+08,2.77827015E+04,3.59462958E-06,-0.00000000E+00,-0.00000000E+00,-1.65324593E-32,-3.42917743E-33,1.66776882E+08,2.08480074E+07,1.66801628E-02,2.08511053E-03,-1.66832716E+08,-2.08556146E+07,-1.19568892E+03,-9.28560523E+02,-0.00000000E+00,-0.00000000E+00,6.34023878E-39,9.92396933E-40,-0.00000000E+00,-0.00000000E+00,6.34023878E-39,9.92396933E-40,-1.76054860E+04,-2.39963018E+03,-1.12036013E+02,-2.97606354E+01,7.33565996E+04,9.99851508E+03,7.00000000E+04,1.00000000E+04,7.76995622E+06,1.63111923E+09
9.00000000E+00,1.00000000E+00,8.81361242E-02,1.39978395E+08,2.81121757E+04,2.66208873E-06,-0.00000000E+00,-0.00000000E+00,-1.99877752E-32,-3.46984395E-33,1.87625303E+08,2.08484210E+07,1.87653149E-02,2.08515202E-03,-1.87688744E+08,-2.08560281E+07,-2.28626362E+03,-1.19337909E+03,-0.00000000E+00,-0.00000000E+00,7.33302147E-39,9.92964682E-40,-0.00000000E+00,-0.00000000E+00,7.33302147E-39,9.92964682E-40,-2.00051162E+04,-2.39963014E+03,-1.41805754E+02,-2.97728713E+01,8.33551145E+04,9.99851498E+03,8.00000000E+04,1.00000000E+04,7.76995577E+06,1.63111955E+09
1.00000000E+01,1.00000000E+00,8.81405600E-02,1.39978387E+08,2.82115210E+04,1.97147333E-06,-0.00000000E+00,-0.00000000E+00,-2.34657572E-32,-3.48210600E-33,2.08474136E+08,2.08488327E+07,2.08505082E-02,2.08519332E-03,-2.08545184E+08,-2.08564398E+07,-3.55087614E+03,-1.30413998E+03,-0.00000000E+00,-0.00000000E+00,8.32605869E-39,9.93067943E-40,-0.00000000E+00,-0.00000000E+00,8.32605869E-39,9.93067943E-40,-2.24047463E+04,-2.39963011E+03,-1.71579297E+02,-2.97737488E+01,9.33536294E+04,9.99851488E+03,9.00000000E+04,1.00000000E+04,7.76995531E+06,1.63111965E+09
1.10000000E+01,1.00000000E+00,8.81444582E-02,1.39978378E+08,2.82346183E+04,1.46002160E-06,-0.00000000E+00,-0.00000000E+00,-2.69498076E-32,-3.48495687E-33,2.29323378E+08,2.08492429E+07,2.29357426E-02,2.08523446E-03,-2.29402034E+08,-2.08568499E+07,-4.87672018E+03,-1.33665420E+03,-0.00000000E+00,-0.00000000E+00,9.31913372E-39,9.93076404E-40,-0.00000000E+00,-0.00000000E+00,9.31913372E-39,9.93076404E-40,-2.48043764E+04,-2.39963008E+03,-2.01353074E+02,-2.97737749E+01,1.03352144E+05,9.99851480E+03,1.00000000E+05,1.00000000E+04,7.76995485E+06,1.63111968E+09
1.20000000E+01,1.00000000E+00,8.81479115E-02,1.39978370E+08,2.82388504E+04,1.08125382E-06,-0.00000000E+00,-0.00000000E+00,-3.04351293E-32,-3.48547923E-33,2.50173030E+08,2.08496515E+07,2.50210181E-02,2.08527545E-03,-2.50259292E+08,-2.08572586E+07,-6.21828337E+03,-1.34379906E+03,-0.00000000E+00,-0.00000000E+00,1.03122062E-38,9.93069210E-40,-0.00000000E+00,-0.00000000E+00,1.03122062E-38,9.93069210E-40,-2.72040064E+04,-2.39963005E+03,-2.31126838E+02,-2.97737533E+01,1.13350659E+05,9.99851473E+03,1.10000000E+05,1.00000000E+04,7.76995440E+06,1.63111968E+09
1.30000000E+01,1.00000000E+00,8.81509914E-02,1.39978362E+08,2.82394533E+04,8.00748296E-07,-0.00000000E+00,-0.00000000E+00,-3.39206621E-32,-3.48555365E-33,2.71023089E+08,2.08500588E+07,2.71063344E-02,2.08531631E-03,-2.71116958E+08,-2.08576658E+07,-7.56295363E+03,-1.34503674E+03,-0.00000000E+00,-0.00000000E+00,1.13052699E-38,9.93059918E-40,-0.00000000E+00,-0.00000000E+00,1.13052699E-38,9.93059918E-40,-2.96036365E+04,-2.39963003E+03,-2.60900581E+02,-2.97737329E+01,1.23349174E+05,9.99851467E+03,1.20000000E+05,1.00000000E+04,7.76995395E+06,1.63111968E+09
1.40000000E+01,1.00000000E+00,8.81537541E-02,1.39978354E+08,2.82394966E+04,5.93013240E-07,-0.00000000E+00,-0.00000000E+00,-3.74062203E-32,-3.48555900E-33,2.91873553E+08,2.08504647E+07,2.91916914E-02,2.08535702E-03,-2.91975030E+08,-2.08580717E+07,-8.90812065E+03,-1.34521665E+03,-0.00000000E+00,-0.00000000E+00,1.22983242E-38,9.93050439E-40,-0.00000000E+00,-0.00000000E+00,1.22983242E-38,9.93050439E-40,-3.20032665E+04,-2.39963001E+03,-2.90674305E+02,-2.97737154E+01,1.33347688E+05,9.99851461E+03,1.30000000E+05,1.00000000E+04,7.76995350E+06,1.63111968E+09
1.50000000E+01,1.00000000E+00,8.81562448E-02,1.39978346E+08,2.82394714E+04,4.39170089E-07,-0.00000000E+00,-0.00000000E+00,-4.08917777E-32,-3.48555588E-33,3.12724423E+08,2.08508692E+07,3.12770890E-02,2.08539760E-03,-3.12833506E+08,-2.08584762E+07,-1.02533583E+04,-1.34524365E+03,-0.00000000E+00,-0.00000000E+00,1.32913691E-38,9.93040997E-40,-0.00000000E+00,-0.00000000E+00,1.32913691E-38,9.93040997E-40,-3.44028965E+04,-2.39962999E+03,-3.20448013E+02,-2.97737001E+01,1.43346203E+05,9.99851456E+03,1.40000000E+05,1.00000000E+04,7.76995305E+06,1.63111968E+09
1.60000000E+01,1.00000000E+00,8.81585002E-02,1.39978338E+08,2.82394418E+04,3.25237875E-07,-0.00000000E+00,-0.00000000E+00,-4.43773315E-32,-3.48555223E-33,3.33575695E+08,2.08512725E+07,3.33625271E-02,2.08543805E-03,-3.33692385E+08,-2.08588794E+07,-1.15986091E+04,-1.34525186E+03,-0.00000000E+00,-0.00000000E+00,1.42844045E-38,9.93031614E-40,-0.00000000E+00,-0.00000000E+00,1.42844045E-38,9.93031615E-40,-3.68025264E+04,-2.39962997E+03,-3.50221707E+02,-2.97736868E+01,1.53344717E+05,9.99851451E+03,1.50000000E+05,1.00000000E+04,7.76995260E+06,1.63111968E+09
1.70000000E+01,1.00000000E+00,8.81605507E-02,1.39978330E+08,2.82394145E+04,2.40862658E-07,-0.00000000E+00,-0.00000000E+00,-4.78628818E-32,-3.48554887E-33,3.54427370E+08,2.08516744E+07,3.54480055E-02,2.08547837E-03,-3.54551667E+08,-2.08592814E+07,-1.29438663E+04,-1.34525772E+03,-0.00000000E+00,-0.00000000E+00,1.52774306E-38,9.93022293E-40,-0.00000000E+00,-0.00000000E+00,1.52774307E-38,9.93022293E-40,-3.92021564E+04,-2.39962995E+03,-3.79995388E+02,-2.97736750E+01,1.63343232E+05,9.99851447E+03,1.60000000E+05,1.00000000E+04,7.76995215E+06,1.63111968E+09
1.80000000E+01,1.00000000E+00,8.81624213E-02,1.39978322E+08,2.82393898E+04,1.78376580E-07,-0.00000000E+00,-0.00000000E+00,-5.13484289E-32,-3.48554582E-33,3.75279445E+08,2.08520751E+07,3.75335240E-02,2.08551857E-03,-3.75411349E+08,-2.08596820E+07,-1.42891288E+04,-1.34526297E+03,-0.00000000E+00,-0.00000000E+00,1.62704475E-38,9.93013031E-40,-0.00000000E+00,-0.00000000E+00,1.62704475E-38,9.93013031E-40,-4.16017863E+04,-2.39962994E+03,-4.09769057E+02,-2.97736645E+01,1.73341746E+05,9.99851443E+03,1.70000000E+05,1.00000000E+04,7.76995171E+06,1.63111968E+09
1.90000000E+01,1.00000000E+00,8.81641333E-02,1.39978314E+08,2.82393674E+04,1.32101025E-07,-0.00000000E+00,-0.00000000E+00,-5.48339731E-32,-3.48554305E-33,3.96131919E+08,2.08524746E+07,3.96190827E-02,2.08555864E-03,-3.96271430E+08,-2.08600815E+07,-1.56343962E+04,-1.34526782E+03,-0.00000000E+00,-0.00000000E+00,1.72634551E-38,9.93003829E-40,-0.00000000E+00,-0.00000000E+00,1.72634551E-38,9.93003829E-40,-4.40014162E+04,-2.39962992E+03,-4.39542717E+02,-2.97736551E+01,1.83340261E+05,9.99851439E+03,1.80000000E+05,1.00000000E+04,7.76995126E+06,1.63111968E+09
2.00000000E+01,1.00000000E+00,8.81657046E-02,1.39978306E+08,2.82393470E+04,9.78305608E-08,-0.00000000E+00,-0.00000000E+00,-5.83195147E-32,-3.48554053E-33,4.16984792E+08,2.08528728E+07,4.17046813E-02,2.08559859E-03,-4.17131910E+08,-2.08604797E+07,-1.69796681E+04,-1.34527230E+03,-0.00000000E+00,-0.00000000E+00,1.82564535E-38,9.92994686E-40,-0.00000000E+00,-0.00000000E+00,1.82564535E-38,9.92994686E-40,-4.64010461E+04,-2.39962991E+03,-4.69316368E+02,-2.97736467E+01,1.93338775E+05,9.99851436E+03,1.90000000E+05,1.00000000E+04,7.76995082E+06,1.63111968E+09
2.10000000E+01,1.00000000E+00,8.81671504E-02,1.39978298E+08,2.82393284E+04,7.24507518E-08,-0.00000000E+00,-0.00000000E+00,-6.18050539E-32,-3.48553823E-33,4.37838062E+08,2.08532699E+07,4.37903197E-02,2.08563842E-03,-4.37992787E+08,-2.08608767E+07,-1.83249442E+04,-1.34527646E+03,-0.00000000E+00,-0.00000000E+00,1.92494428E-38,9.92985601E-40,-0.00000000E+00,-0.00000000E+00,1.92494428E-38,9.92985601E-40,-4.88006760E+04,-2.39962990E+03,-4.99090011E+02,-2.97736390E+01,2.03337289E+05,9.99851433E+03,2.00000000E+05,1.00000000E+04,7.76995038E+06,1.63111968E+09
2.20000000E+01,1.00000000E+00,8.81684838E-02,1.39978290E+08,2.82393113E+04,5.36551296E-08,-0.00000000E+00,-0.00000000E+00,-6.52905909E-32,-3.48553612E-33,4.58691728E+08,2.08536658E+07,4.58759978E-02,2.08567813E-03,-4.58854059E+08,-2.08612726E+07,-1.96702241E+04,-1.34528031E+03,-0.00000000E+00,-0.00000000E+00,2.02424231E-38,9.92976574E-40,-0.00000000E+00,-0.00000000E+00,2.02424231E-38,9.92976574E-40,-5.12003059E+04,-2.39962989E+03,-5.28863647E+02,-2.97736320E+01,2.13335804E+05,9.99851430E+03,2.10000000E+05,1.00000000E+04,7.76994994E+06,1.63111968E+09
2.30000000E+01,1.00000000E+00,8.81697163E-02,1.39978282E+08,2.82392956E+04,3.97355839E-08,-0.00000000E+00,-0.00000000E+00,-6.87761259E-32,-3.48553418E-33,4.79545788E+08,2.08540605E+07,4.79617155E-02,2.08571773E-03,-4.79715726E+08,-2.08616673E+07,-2.10155076E+04,-1.34528390E+03,-0.00000000E+00,-0.00000000E+00,2.12353943E-38,9.92967604E-40,-0.00000000E+00,-0.00000000E+00,2.12353943E-38,9.92967604E-40,-5.35999358E+04,-2.39962988E+03,-5.58637276E+02,-2.97736256E+01,2.23334318E+05,9.99851428E+03,2.20000000E+05,1.00000000E+04,7.76994950E+06,1.63111968E+09
2.40000000E+01,1.00000000E+00,8.81708577E-02,1.39978274E+08,2.82392811E+04,2.94271327E-08,-0.00000000E+00,-0.00000000E+00,-7.22616591E-32,-3.48553239E-33,5.00400242E+08,2.08544541E+07,5.00474727E-02,2.08575721E-03,-5.00577787E+08,-2.08620609E+07,-2.23607945E+04,-1.34528723E+03,-0.00000000E+00,-0.00000000E+00,2.22283567E-38,9.92958690E-40,-0.00000000E+00,-0.00000000E+00,2.22283567E-38,9.92958690E-40,-5.59995657E+04,-2.39962987E+03,-5.88410899E+02,-2.97736198E+01,2.33332832E+05,9.99851425E+03,2.30000000E+05,1.00000000E+04,7.76994906E+06,1.63111968E+09
2.50000000E+01,1.00000000E+00,8.81719167E-02,1.39978266E+08,2.82392677E+04,2.17929638E-08,-0.00000000E+00,-0.00000000E+00,-7.57471905E-32,-3.48553074E-33,5.21255089E+08,2.08548466E+07,5.21332693E-02,2.08579659E-03,-5.21440241E+08,-2.08624534E+07,-2.37060845E+04,-1.34529034E+03,-0.00000000E+00,-0.00000000E+00,2.32213101E-38,9.92949833E-40,-0.00000000E+00,-0.00000000E+00,2.32213101E-38,9.92949833E-40,-5.83991955E+04,-2.39962986E+03,-6.18184516E+02,-2.97736144E+01,2.43331346E+05,9.99851423E+03,2.40000000E+05,1.00000000E+04,7.76994863E+06,1.63111968E+09
2.60000000E+01,1.00000000E+00,8.81729010E-02,1.39978258E+08,2.82392553E+04,1.61392981E-08,-0.00000000E+00,-0.00000000E+00,-7.92327204E-32,-3.48552922E-33,5.42110327E+08,2.08552381E+07,5.42191052E-02,2.08583585E-03,-5.42303086E+08,-2.08628448E+07,-2.50513774E+04,-1.34529324E+03,-0.00000000E+00,-0.00000000E+00,2.42142547E-38,9.92941031E-40,-0.00000000E+00,-0.00000000E+00,2.42142547E-38,9.92941031E-40,-6.07988254E+04,-2.39962985E+03,-6.47958128E+02,-2.97736094E+01,2.53329861E+05,9.99851421E+03,2.50000000E+05,1.00000000E+04,7.76994819E+06,1.63111968E+09
2.70000000E+01,1.00000000E+00,8.81738172E-02,1.39978251E+08,2.82392439E+04,1.19523414E-08,-0.00000000E+00,-0.00000000E+00,-8.27182488E-32,-3.48552780E-33,5.62965956E+08,2.08556284E+07,5.63049802E-02,2.08587501E-03,-5.63166321E+08,-2.08632351E+07,-2.63966731E+04,-1.34529595E+03,-0.00000000E+00,-0.00000000E+00,2.52071906E-38,9.92932283E-40,-0.00000000E+00,-0.00000000E+00,2.52071906E-38,9.92932283E-40,-6.31984552E+04,-2.39962985E+03,-6.77731735E+02,-2.97736048E+01,2.63328375E+05,9.99851419E+03,2.60000000E+05,1.00000000E+04,7.76994776E+06,1.63111968E+09
2.80000000E+01,1.00000000E+00,8.81746714E-02,1.39978243E+08,2.82392332E+04,8.85159096E-09,-0.00000000E+00,-0.00000000E+00,-8.62037758E-32,-3.48552649E-33,5.83821973E+08,2.08560177E+07,5.83908942E-02,2.08591406E-03,-5.84029945E+08,-2.08636244E+07,-2.77419713E+04,-1.34529848E+03,-0.00000000E+00,-0.00000000E+00,2.62001177E-38,9.92923590E-40,-0.00000000E+00,-0.00000000E+00,2.62001177E-38,9.92923590E-40,-6.55980851E+04,-2.39962984E+03,-7.07505338E+02,-2.97736006E+01,2.73326889E+05,9.99851417E+03,2.70000000E+05,1.00000000E+04,7.76994733E+06,1.63111968E+09
2.90000000E+01,1.00000000E+00,8.81754689E-02,1.39978235E+08,2.82392233E+04,6.55525637E-09,-0.00000000E+00,-0.00000000E+00,-8.96893016E-32,-3.48552526E-33,6.04678379E+08,2.08564059E+07,6.04768472E-02,2.08595300E-03,-6.04893958E+08,-2.08640126E+07,-2.90872718E+04,-1.34530085E+03,-0.00000000E+00,-0.00000000E+00,2.71930362E-38,9.92914951E-40,-0.00000000E+00,-0.00000000E+00,2.71930362E-38,9.92914951E-40,-6.79977149E+04,-2.39962983E+03,-7.37278937E+02,-2.97735966E+01,2.83325403E+05,9.99851415E+03,2.80000000E+05,1.00000000E+04,7.76994689E+06,1.63111968E+09
3.00000000E+01,1.00000000E+00,8.81762146E-02,1.39978227E+08,2.82392141E+04,4.85465113E-09,-0.00000000E+00,-0.00000000E+00,-9.31748262E-32,-3.48552412E-33,6.25535172E+08,2.08567932E+07,6.25628391E-02,2.08599185E-03,-6.25758357E+08,-2.08643998E+07,-3.04325746E+04,-1.34530308E+03,-0.00000000E+00,-0.00000000E+00,2.81859461E-38,9.92906365E-40,-0.00000000E+00,-0.00000000E+00,2.81859461E-38,9.92906366E-40,-7.03973447E+04,-2.39962983E+03,-7.67052531E+02,-2.97735929E+01,2.93323917E+05,9.99851414E+03,2.90000000E+05,1.00000000E+04,7.76994646E+06,1.63111968E+09
3.10000000E+01,1.00000000E+00,8.81769126E-02,1.39978220E+08,2.82392054E+04,3.59522743E-09,-0.00000000E+00,-0.00000000E+00,-9.66603497E-32,-3.48552306E-33,6.46392352E+08,2.08571794E+07,6.46488697E-02,2.08603059E-03,-6.46623144E+08,-2.08647860E+07,-3.17778796E+04,-1.34530516E+03,-0.00000000E+00,-0.00000000E+00,2.91788474E-38,9.92897832E-40,-0.00000000E+00,-0.00000000E+00,2.91788474E-38,9.92897833E-40,-7.27969746E+04,-2.39962982E+03,-7.96826123E+02,-2.97735895E+01,3.03322431E+05,9.99851412E+03,3.00000000E+05,1.00000000E+04,7.76994603E+06,1.63111968E+09
3.20000000E+01,1.00000000E+00,8.81775668E-02,1.39978212E+08,2.82391974E+04,2.66253124E-09,-0.00000000E+00,-0.00000000E+00,-1.00145872E-31,-3.48552206E-33,6.67249916E+08,2.08575646E+07,6.67349389E-02,2.08606923E-03,-6.67488315E+08,-2.08651712E+07,-3.31231864E+04,-1.34530712E+03,-0.00000000E+00,-0.00000000E+00,3.01717402E-38,9.92889352E-40,-0.00000000E+00,-0.00000000E+00,3.01717402E-38,9.92889352E-40,-7.51966044E+04,-2.39962982E+03,-8.26599711E+02,-2.97735863E+01,3.13320945E+05,9.99851411E+03,3.10000000E+05,1.00000000E+04,7.76994560E+06,1.63111968E+09
3.30000000E+01,1.00000000E+00,8.81781807E-02,1.39978204E+08,2.82391898E+04,1.97180087E-09,-0.00000000E+00,-0.00000000E+00,-1.03631394E-31,-3.48552113E-33,6.88107865E+08,2.08579489E+07,6.88210467E-02,2.08610778E-03,-6.88353870E+08,-2.08655554E+07,-3.44684952E+04,-1.34530897E+03,-0.00000000E+00,-0.00000000E+00,3.11646246E-38,9.92880923E-40,-0.00000000E+00,-0.00000000E+00,3.11646246E-38,9.92880923E-40,-7.75962342E+04,-2.39962981E+03,-8.56373295E+02,-2.97735832E+01,3.23319460E+05,9.99851410E+03,3.20000000E+05,1.00000000E+04,7.76994518E+06,1.63111968E+09
3.40000000E+01,1.00000000E+00,8.81787575E-02,1.39978196E+08,2.82391828E+04,1.46026406E-09,-0.00000000E+00,-0.00000000E+00,-1.07116914E-31,-3.48552026E-33,7.08966197E+08,2.08583321E+07,7.09071929E-02,2.08614622E-03,-7.09219809E+08,-2.08659387E+07,-3.58138057E+04,-1.34531070E+03,-0.00000000E+00,-0.00000000E+00,3.21575006E-38,9.92872545E-40,-0.00000000E+00,-0.00000000E+00,3.21575006E-38,9.92872545E-40,-7.99958640E+04,-2.39962981E+03,-8.86146877E+02,-2.97735804E+01,3.33317974E+05,9.99851409E+03,3.30000000E+05,1.00000000E+04,7.76994475E+06,1.63111968E+09
3.50000000E+01,1.00000000E+00,8.81793000E-02,1.39978189E+08,2.82391762E+04,1.08143330E-09,-0.00000000E+00,-0.00000000E+00,-1.10602434E-31,-3.48551944E-33,7.29824912E+08,2.08587144E+07,7.29933775E-02,2.08618458E-03,-7.30086130E+08,-2.08663210E+07,-3.71591178E+04,-1.34531234E+03,-0.00000000E+00,-0.00000000E+00,3.31503682E-38,9.92864218E-40,-0.00000000E+00,-0.00000000E+00,3.31503682E-38,9.92864218E-40,-8.23954938E+04,-2.39962980E+03,-9.15920456E+02,-2.97735777E+01,3.43316488E+05,9.99851407E+03,3.40000000E+05,1.00000000E+04,7.76994432E+06,1.63111968E+09
3.60000000E+01,1.00000000E+00,8.81798107E-02,1.39978181E+08,2.82391699E+04,8.00881161E-10,-0.00000000E+00,-0.00000000E+00,-1.14087953E-31,-3.48551868E-33,7.50684008E+08,2.08590958E+07,7.50796003E-02,2.08622283E-03,-7.50952832E+08,-2.08667024E+07,-3.85044315E+04,-1.34531388E+03,-0.00000000E+00,-0.00000000E+00,3.41432275E-38,9.92855941E-40,-0.00000000E+00,-0.00000000E+00,3.41432275E-38,9.92855942E-40,-8.47951236E+04,-2.39962980E+03,-9.45694033E+02,-2.97735752E+01,3.53315002E+05,9.99851406E+03,3.50000000E+05,1.00000000E+04,7.76994390E+06,1.63111968E+09
3.70000000E+01,1.00000000E+00,8.81802921E-02,1.39978174E+08,2.82391641E+04,5.93111600E-10,-0.00000000E+00,-0.00000000E+00,-1.17573471E-31,-3.48551795E-33,7.71543484E+08,2.08594763E+07,7.71658613E-02,2.08626100E-03,-7.71819915E+08,-2.08670828E+07,-3.98497466E+04,-1.34531533E+03,-0.00000000E+00,-0.00000000E+00,3.51360786E-38,9.92847715E-40,-0.00000000E+00,-0.00000000E+00,3.51360786E-38,9.92847715E-40,-8.71947534E+04,-2.39962979E+03,-9.75467607E+02,-2.97735729E+01,3.63313516E+05,9.99851405E+03,3.60000000E+05,1.00000000E+04,7.76994348E+06,1.63111968E+09
3.80000000E+01,1.00000000E+00,8.81807462E-02,1.39978166E+08,2.82391586E+04,4.39242908E-10,-0.00000000E+00,-0.00000000E+00,-1.21058989E-31,-3.48551728E-33,7.92403340E+08,2.08598558E+07,7.92521604E-02,2.08629907E-03,-7.92687377E+08,-2.08674623E+07,-4.11950631E+04,-1.34531671E+03,-0.00000000E+00,-0.00000000E+00,3.61289215E-38,9.92839537E-40,-0.00000000E+00,-0.00000000E+00,3.61289215E-38,9.92839537E-40,-8.95943832E+04,-2.39962979E+03,-1.00524118E+03,-2.97735706E+01,3.73312030E+05,9.99851404E+03,3.70000000E+05,1.00000000E+04,7.76994305E+06,1.63111968E+09
3.90000000E+01,1.00000000E+00,8.81811750E-02,1.39978158E+08,2.82391534E+04,3.25291786E-10,-0.00000000E+00,-0.00000000E+00,-1.24544506E-31,-3.48551664E-33,8.13263574E+08,2.08602345E+07,8.13384974E-02,2.08633705E-03,-8.13555218E+08,-2.08678409E+07,-4.25403810E+04,-1.34531801E+03,-0.00000000E+00,-0.00000000E+00,3.71217562E-38,9.92831408E-40,-0.00000000E+00,-0.00000000E+00,3.71217562E-38,9.92831408E-40,-9.19940130E+04,-2.39962979E+03,-1.03501475E+03,-2.97735685E+01,3.83310544E+05,9.99851403E+03,3.80000000E+05,1.00000000E+04,7.76994263E+06,1.63111968E+09
4.00000000E+01,1.00000000E+00,8.81815804E-02,1.39978151E+08,2.82391485E+04,2.40902572E-10,-0.00000000E+00,-0.00000000E+00,-1.28030022E-31,-3.48551603E-33,8.34124186E+08,2.08606122E+07,8.34248724E-02,2.08637495E-03,-8.34423437E+08,-2.08682187E+07,-4.38857001E+04,-1.34531924E+03,-0.00000000E+00,-0.00000000E+00,3.81145828E-38,9.92823328E-40,-0.00000000E+00,-0.00000000E+00,3.81145828E-38,9.92823328E-40,-9.43936428E+04,-2.39962978E+03,-1.06478832E+03,-2.97735665E+01,3.93309058E+05,9.99851403E+03,3.90000000E+05,1.00000000E+04,7.76994221E+06,1.63111968E+09
4.10000000E+01,1.00000000E+00,8.81819638E-02,1.39978143E+08,2.82391439E+04,1.78406131E-10,-0.00000000E+00,-0.00000000E+00,-1.31515538E-31,-3.48551546E-33,8.54985176E+08,2.08609891E+07,8.55112851E-02,2.08641275E-03,-8.55292032E+08,-2.08685955E+07,-4.52310203E+04,-1.34532041E+03,-0.00000000E+00,-0.00000000E+00,3.91074014E-38,9.92815295E-40,-0.00000000E+00,-0.00000000E+00,3.91074014E-38,9.92815296E-40,-9.67932725E+04,-2.39962978E+03,-1.09456188E+03,-2.97735646E+01,4.03307572E+05,9.99851402E+03,4.00000000E+05,1.00000000E+04,7.76994179E+06,1.63111968E+09
4.20000000E+01,1.00000000E+00,8.81823269E-02,1.39978136E+08,2.82391395E+04,1.32122905E-10,-0.00000000E+00,-0.00000000E+00,-1.35001053E-31,-3.48551492E-33,8.75846541E+08,2.08613651E+07,8.75977356E-02,2.08645047E-03,-8.76161004E+08,-2.08689715E+07,-4.65763417E+04,-1.34532151E+03,-0.00000000E+00,-0.00000000E+00,4.01002120E-38,9.92807310E-40,-0.00000000E+00,-0.00000000E+00,4.01002120E-38,9.92807311E-40,-9.91929023E+04,-2.39962978E+03,-1.12433545E+03,-2.97735628E+01,4.13306086E+05,9.99851401E+03,4.10000000E+05,1.00000000E+04,7.76994137E+06,1.63111968E+09
4.30000000E+01,1.00000000E+00,8.81826710E-02,1.39978128E+08,2.82391354E+04,9.78467603E-11,-0.00000000E+00,-0.00000000E+00,-1.38486568E-31,-3.48551442E-33,8.96708281E+08,2.08617402E+07,8.96842237E-02,2.08648810E-03,-8.97030351E+08,-2.08693466E+07,-4.79216641E+04,-1.34532256E+03,-0.00000000E+00,-0.00000000E+00,4.10930146E-38,9.92799372E-40,-0.00000000E+00,-0.00000000E+00,4.10930146E-38,9.92799373E-40,-1.01592532E+05,-2.39962978E+03,-1.15410901E+03,-2.97735611E+01,4.23304600E+05,9.99851400E+03,4.20000000E+05,1.00000000E+04,7.76994096E+06,1.63111968E+09
4.40000000E+01,1.00000000E+00,8.81829973E-02,1.39978121E+08,2.82391315E+04,7.24627461E-11,-0.00000000E+00,-0.00000000E+00,-1.41972082E-31,-3.48551393E-33,9.17570395E+08,2.08621145E+07,9.17707493E-02,2.08652565E-03,-9.17900071E+08,-2.08697209E+07,-4.92669875E+04,-1.34532356E+03,-0.00000000E+00,-0.00000000E+00,4.20858093E-38,9.92791481E-40,-0.00000000E+00,-0.00000000E+00,4.20858093E-38,9.92791481E-40,-1.03992162E+05,-2.39962977E+03,-1.18388257E+03,-2.97735595E+01,4.33303114E+05,9.99851400E+03,4.30000000E+05,1.00000000E+04,7.76994054E+06,1.63111968E+09
4.50000000E+01,1.00000000E+00,8.81833071E-02,1.39978113E+08,2.82391278E+04,5.36640105E-11,-0.00000000E+00,-0.00000000E+00,-1.45457595E-31,-3.48551348E-33,9.38432883E+08,2.08624879E+07,9.38573125E-02,2.08656311E-03,-9.38770166E+08,-2.08700943E+07,-5.06123119E+04,-1.34532451E+03,-0.00000000E+00,-0.00000000E+00,4.30785961E-38,9.92783636E-40,-0.00000000E+00,-0.00000000E+00,4.30785961E-38,9.92783636E-40,-1.06391792E+05,-2.39962977E+03,-1.21365613E+03,-2.97735579E+01,4.43301628E+05,9.99851399E+03,4.40000000E+05,1.00000000E+04,7.76994012E+06,1.63111968E+09
4.60000000E+01,1.00000000E+00,8.81836013E-02,1.39978106E+08,2.82391243E+04,3.97421595E-11,-0.00000000E+00,-0.00000000E+00,-1.48943109E-31,-3.48551304E-33,9.59295744E+08,2.08628606E+07,9.59439129E-02,2.08660049E-03,-9.59640633E+08,-2.08704669E+07,-5.19576371E+04,-1.34532541E+03,-0.00000000E+00,-0.00000000E+00,4.40713752E-38,9.92775836E-40,-0.00000000E+00,-0.00000000E+00,4.40713752E-38,9.92775836E-40,-1.08791421E+05,-2.39962977E+03,-1.24342968E+03,-2.97735565E+01,4.53300142E+05,9.99851398E+03,4.50000000E+05,1.00000000E+04,7.76993971E+06,1.63111968E+09
4.70000000E+01,1.00000000E+00,8.81838811E-02,1.39978098E+08,2.82391210E+04,2.94320017E-11,-0.00000000E+00,-0.00000000E+00,-1.52428622E-31,-3.48551263E-33,9.80158976E+08,2.08632323E+07,9.80305507E-02,2.08663778E-03,-9.80511471E+08,-2.08708387E+07,-5.33029633E+04,-1.34532626E+03,-0.00000000E+00,-0.00000000E+00,4.50641464E-38,9.92768082E-40,-0.00000000E+00,-0.00000000E+00,4.50641464E-38,9.92768082E-40,-1.11191051E+05,-2.39962977E+03,-1.27320324E+03,-2.97735551E+01,4.63298656E+05,9.99851398E+03,4.60000000E+05,1.00000000E+04,7.76993929E+06,1.63111968E+09
4.80000000E+01,1.00000000E+00,8.81841472E-02,1.39978091E+08,2.82391178E+04,2.17965690E-11,-0.00000000E+00,-0.00000000E+00,-1.55914134E-31,-3.48551224E-33,1.00102258E+09,2.08636033E+07,1.00117226E-01,2.08667500E-03,-1.00138268E+09,-2.08712097E+07,-5.46482902E+04,-1.34532708E+03,-0.00000000E+00,-0.00000000E+00,4.60569099E-38,9.92760372E-40,-0.00000000E+00,-0.00000000E+00,4.60569099E-38,9.92760372E-40,-1.13590681E+05,-2.39962976E+03,-1.30297679E+03,-2.97735537E+01,4.73297170E+05,9.99851397E+03,4.70000000E+05,1.00000000E+04,7.76993888E+06,1.63111968E+09
4.90000000E+01,1.00000000E+00,8.81844005E-02,1.39978083E+08,2.82391148E+04,1.61419676E-11,-0.00000000E+00,-0.00000000E+00,-1.59399646E-31,-3.48551187E-33,1.02188655E+09,2.08639735E+07,1.02203938E-01,2.08671213E-03,-1.02225426E+09,-2.08715798E+07,-5.59936180E+04,-1.34532786E+03,-0.00000000E+00,-0.00000000E+00,4.70496658E-38,9.92752707E-40,-0.00000000E+00,-0.00000000E+00,4.70496658E-38,9.92752707E-40,-1.15990311E+05,-2.39962976E+03,-1.33275035E+03,-2.97735524E+01,4.83295684E+05,9.99851397E+03,4.80000000E+05,1.00000000E+04,7.76993847E+06,1.63111968E+09
5.00000000E+01,1.00000000E+00,8.81846419E-02,1.39978076E+08,2.82391120E+04,1.19543181E-11,-0.00000000E+00,-0.00000000E+00,-1.62885158E-31,-3.48551152E-33,1.04275090E+09,2.08643429E+07,1.04290687E-01,2.08674918E-03,-1.04312621E+09,-2.08719492E+07,-5.73389464E+04,-1.34532860E+03,-0.00000000E+00,-0.00000000E+00,4.80424140E-38,9.92745086E-40,-0.00000000E+00,-0.00000000E+00,4.80424140E-38,9.92745086E-40,-1.18389940E+05,-2.39962976E+03,-1.36252390E+03,-2.97735512E+01,4.93294198E+05,9.99851396E+03,4.90000000E+05,1.00000000E+04,7.76993805E+06,1.63111968E+09
