Time [d],dt_flow [d],dt_tran [d],Global Water Mass in Liquid Phas [kg],Global Vaq [mol],Global Vim [mol],Top Water Mass [kg],Top Water Mass [kg/d],Top Vaq [mol],Top Vaq [mol/d],Right Water Mass [kg],Right Water Mass [kg/d],Right Vaq [mol],Right Vaq [mol/d],Left Water Mass [kg],Left Water Mass [kg/d],Left Vaq [mol],Left Vaq [mol/d],North Water Mass [kg],North Water Mass [kg/d],North Vaq [mol],North Vaq [mol/d],South Water Mass [kg],South Water Mass [kg/d],South Vaq [mol],South Vaq [mol/d],ExtractWell Water Mass [kg],ExtractWell Water Mass [kg/d],ExtractWell Vaq [mol],ExtractWell Vaq [mol/d],InjectWell Water Mass [kg],InjectWell Water Mass [kg/d],InjectWell Vaq [mol],InjectWell Vaq [mol/d],Region Region__all Water Mass [kg],Region Region__all Total Mass [kg]
1.00000000E+00,4.89000000E-01,1.05926977E-01,1.39978034E+08,1.05210999E-02,2.97105212E-05,-0.00000000E+00,-0.00000000E+00,2.65455607E-40,4.29395664E-40,8.84531654E+06,8.83653874E+06,8.84668350E-04,8.83790438E-04,-8.87818053E+06,-8.88640689E+06,-7.47803188E-04,-6.60154394E-04,-0.00000000E+00,-0.00000000E+00,2.63835468E-40,4.26800454E-40,-0.00000000E+00,-0.00000000E+00,2.63835468E-40,4.26800454E-40,-8.08070804E+02,-1.22620759E+03,-6.67617486E-08,-9.59132823E-08,3.36696197E+04,5.10919874E+04,3.36749000E-06,5.11000000E-06,7.76993575E+06,1.63109144E+09
2.00000000E+00,4.88000000E-01,1.16881097E-01,1.39978032E+08,8.46707627E+04,2.19746644E-05,-0.00000000E+00,-0.00000000E+00,-5.92958065E-33,-1.04507896E-32,1.76572080E+07,8.81190535E+06,1.76599369E-03,8.81326728E-04,-1.77876590E+07,-8.90949272E+06,-1.33703939E-03,-6.50273992E-04,-0.00000000E+00,-0.00000000E+00,8.63252360E-40,7.28563587E-40,-0.00000000E+00,-0.00000000E+00,8.63252360E-40,7.28563587E-40,-3.20769428E+03,-2.39962347E+03,-6.56496115E+02,-9.67677780E+02,1.33653940E+05,9.99843205E+04,1.00000000E+05,1.00000000E+05,7.76993563E+06,1.63117611E+09
3.00000000E+00,1.00000000E+00,5.53337017E-02,1.39978030E+08,1.46779884E+05,1.62741730E-05,-0.00000000E+00,-0.00000000E+00,-2.08327015E-32,-1.81168296E-32,2.64691661E+07,8.81195809E+06,2.64732570E-03,8.81332011E-04,-2.66972042E+07,-8.90954527E+06,-6.05105432E-02,-2.44849501E-01,-0.00000000E+00,-0.00000000E+00,1.71335061E-39,9.35747958E-40,-0.00000000E+00,-0.00000000E+00,1.71335061E-39,9.35747958E-40,-5.60731773E+03,-2.39962345E+03,-1.66954002E+03,-1.02487564E+03,2.33638260E+05,9.99843195E+04,2.00000000E+05,1.00000000E+05,7.76993549E+06,1.63123822E+09
4.00000000E+00,1.00000000E+00,1.22809866E-01,1.39978027E+08,1.92772238E+05,1.20515875E-05,-0.00000000E+00,-0.00000000E+00,-4.22418666E-32,-2.37936002E-32,3.52811732E+07,8.81200709E+06,3.52866262E-03,8.81336922E-04,-3.56067983E+07,-8.90959410E+06,-4.45367538E+00,-1.28968923E+01,-0.00000000E+00,-0.00000000E+00,2.73260475E-39,1.07818387E-39,-0.00000000E+00,-0.00000000E+00,2.73260475E-39,1.07818387E-39,-8.00694116E+03,-2.39962343E+03,-2.69580988E+03,-1.02661889E+03,3.33622579E+05,9.99843186E+04,3.00000000E+05,1.00000000E+05,7.76993536E+06,1.63128421E+09
5.00000000E+00,1.00000000E+00,5.53337017E-02,1.39978025E+08,2.26765156E+05,8.92526126E-06,-0.00000000E+00,-0.00000000E+00,-6.84735555E-32,-2.79892975E-32,4.40932257E+07,8.81205254E+06,4.41000410E-03,8.81341477E-04,-4.45164377E+07,-8.90963938E+06,-7.45619660E+01,-1.53934634E+02,-0.00000000E+00,-0.00000000E+00,3.86794420E-39,1.17545425E-39,-0.00000000E+00,-0.00000000E+00,3.86794420E-39,1.17545425E-39,-1.04065646E+04,-2.39962341E+03,-3.72246598E+03,-1.02666498E+03,4.33606896E+05,9.99843178E+04,4.00000000E+05,1.00000000E+05,7.76993524E+06,1.63131821E+09
6.00000000E+00,1.00000000E+00,1.22809866E-01,1.39978023E+08,2.51623923E+05,6.60946439E-06,-0.00000000E+00,-0.00000000E+00,-9.82486614E-32,-3.10575796E-32,5.29053205E+07,8.81209476E+06,5.29134981E-03,8.81345710E-04,-5.34261191E+07,-8.90968145E+06,-5.10628330E+02,-7.61795501E+02,-0.00000000E+00,-0.00000000E+00,5.08216566E-39,1.24144691E-39,-0.00000000E+00,-0.00000000E+00,5.08216566E-39,1.24144691E-39,-1.28061880E+04,-2.39962339E+03,-4.74913045E+03,-1.02666402E+03,5.33591214E+05,9.99843172E+04,5.00000000E+05,1.00000000E+05,7.76993513E+06,1.63134307E+09
7.00000000E+00,1.00000000E+00,2.57762194E-01,1.39978021E+08,2.69019720E+05,4.90355105E-06,-0.00000000E+00,-0.00000000E+00,-1.30609175E-31,-3.32047180E-32,6.17174547E+07,8.81213421E+06,6.17269947E-03,8.81349664E-04,-6.23358399E+07,-8.90972076E+06,-2.01207458E+03,-2.15144564E+03,-0.00000000E+00,-0.00000000E+00,6.35042373E-39,1.28552268E-39,-0.00000000E+00,-0.00000000E+00,6.35042373E-39,1.28552268E-39,-1.52058113E+04,-2.39962338E+03,-5.77579302E+03,-1.02666194E+03,6.33575530E+05,9.99843165E+04,6.00000000E+05,1.00000000E+05,7.76993503E+06,1.63136046E+09
8.00000000E+00,1.00000000E+00,2.63529026E-02,1.39978020E+08,2.80313482E+05,3.64668137E-06,-0.00000000E+00,-0.00000000E+00,-1.64706847E-31,-3.45986909E-32,7.05296261E+07,8.81217139E+06,7.05405286E-03,8.81353392E-04,-7.12455978E+07,-8.90975784E+06,-5.31695847E+03,-4.09424438E+03,-0.00000000E+00,-0.00000000E+00,7.65448265E-39,1.31467326E-39,-0.00000000E+00,-0.00000000E+00,7.65448265E-39,1.31467326E-39,-1.76054347E+04,-2.39962336E+03,-6.80245354E+03,-1.02665996E+03,7.33559846E+05,9.99843159E+04,7.00000000E+05,1.00000000E+05,7.76993493E+06,1.63137176E+09
9.00000000E+00,1.00000000E+00,1.48061152E-01,1.39978018E+08,2.87101231E+05,2.70926211E-06,-0.00000000E+00,-0.00000000E+00,-1.99839600E-31,-3.54364931E-32,7.93418329E+07,8.81220683E+06,7.93540981E-03,8.81356947E-04,-8.01553909E+07,-8.90979320E+06,-1.05665498E+04,-6.00480974E+03,-0.00000000E+00,-0.00000000E+00,8.98127553E-39,1.33403860E-39,-0.00000000E+00,-0.00000000E+00,8.98127553E-39,1.33403860E-39,-2.00050580E+04,-2.39962335E+03,-7.82911213E+03,-1.02665802E+03,8.33544161E+05,9.99843154E+04,8.00000000E+05,1.00000000E+05,7.76993484E+06,1.63137854E+09
1.00000000E+01,1.00000000E+00,2.63571918E-02,1.39978016E+08,2.90732078E+05,2.01482862E-06,-0.00000000E+00,-0.00000000E+00,-2.35570309E-31,-3.58846433E-32,8.81540739E+07,8.81224100E+06,8.81677018E-03,8.81360374E-04,-8.90652182E+07,-8.90982730E+06,-1.74934028E+04,-7.45925167E+03,-0.00000000E+00,-0.00000000E+00,1.03233227E-38,1.34658544E-39,-0.00000000E+00,-0.00000000E+00,1.03233227E-38,1.34658544E-39,-2.24046814E+04,-2.39962333E+03,-8.85576883E+03,-1.02665619E+03,9.33528476E+05,9.99843148E+04,9.00000000E+05,1.00000000E+05,7.76993475E+06,1.63138217E+09
1.10000000E+01,1.00000000E+00,1.48064698E-01,1.39978015E+08,2.92511196E+05,1.49689491E-06,-0.00000000E+00,-0.00000000E+00,-2.71598473E-31,-3.61042373E-32,9.69663482E+07,8.81227428E+06,9.69813389E-03,8.81363712E-04,-9.79750788E+07,-8.90986054E+06,-2.55359361E+04,-8.37572752E+03,-0.00000000E+00,-0.00000000E+00,1.16749736E-38,1.35464007E-39,-0.00000000E+00,-0.00000000E+00,1.16749736E-38,1.35464007E-39,-2.48043047E+04,-2.39962332E+03,-9.88242372E+03,-1.02665437E+03,1.03351279E+06,9.99843142E+04,1.00000000E+06,1.00000000E+05,7.76993466E+06,1.63138395E+09
1.20000000E+01,1.00000000E+00,2.63611392E-02,1.39978013E+08,2.93288939E+05,1.11321327E-06,-0.00000000E+00,-0.00000000E+00,-3.07767136E-31,-3.62002331E-32,1.05778655E+08,8.81230698E+06,1.05795009E-02,8.81366992E-04,-1.06884972E+08,-8.90989321E+06,-3.42321792E+04,-8.86244840E+03,-0.00000000E+00,-0.00000000E+00,1.30328217E-38,1.35963703E-39,-0.00000000E+00,-0.00000000E+00,1.30328217E-38,1.35963703E-39,-2.72039280E+04,-2.39962331E+03,-1.09090768E+04,-1.02665261E+03,1.13349710E+06,9.99843137E+04,1.10000000E+06,1.00000000E+05,7.76993457E+06,1.63138473E+09
1.30000000E+01,1.00000000E+00,1.48068046E-01,1.39978012E+08,2.93606333E+05,8.27049625E-07,-0.00000000E+00,-0.00000000E+00,-3.43993509E-31,-3.62394085E-32,1.14590994E+08,8.81233930E+06,1.14608711E-02,8.81370234E-04,-1.15794898E+08,-8.90992551E+06,-4.32459716E+04,-9.09278836E+03,-0.00000000E+00,-0.00000000E+00,1.43943884E-38,1.36268349E-39,-0.00000000E+00,-0.00000000E+00,1.43943884E-38,1.36268349E-39,-2.96035513E+04,-2.39962329E+03,-1.19357282E+04,-1.02665085E+03,1.23348142E+06,9.99843131E+04,1.20000000E+06,1.00000000E+05,7.76993449E+06,1.63138505E+09
1.40000000E+01,1.00000000E+00,2.63649198E-02,1.39978010E+08,2.93723317E+05,6.15061586E-07,-0.00000000E+00,-0.00000000E+00,-3.80242780E-31,-3.62538477E-32,1.23403366E+08,8.81237139E+06,1.23422446E-02,8.81373452E-04,-1.24704855E+08,-8.90995758E+06,-5.24035133E+04,-9.18870267E+03,-0.00000000E+00,-0.00000000E+00,1.57582209E-38,1.36445909E-39,-0.00000000E+00,-0.00000000E+00,1.57582209E-38,1.36445909E-39,-3.20031746E+04,-2.39962328E+03,-1.29623778E+04,-1.02664913E+03,1.33346573E+06,9.99843125E+04,1.30000000E+06,1.00000000E+05,7.76993441E+06,1.63138517E+09
1.50000000E+01,1.00000000E+00,1.48071311E-01,1.39978009E+08,2.93764355E+05,4.56953274E-07,-0.00000000E+00,-0.00000000E+00,-4.16500064E-31,-3.62589130E-32,1.32215769E+08,8.81240332E+06,1.32236212E-02,8.81376656E-04,-1.33614845E+08,-8.90998951E+06,-6.16171749E+04,-9.22586714E+03,-0.00000000E+00,-0.00000000E+00,1.71233254E-38,1.36546864E-39,-0.00000000E+00,-0.00000000E+00,1.71233254E-38,1.36546864E-39,-3.44027978E+04,-2.39962327E+03,-1.39890257E+04,-1.02664739E+03,1.43345004E+06,9.99843120E+04,1.40000000E+06,1.00000000E+05,7.76993432E+06,1.63138521E+09
1.60000000E+01,1.00000000E+00,2.63686350E-02,1.39978007E+08,2.93777446E+05,3.39827720E-07,-0.00000000E+00,-0.00000000E+00,-4.52760097E-31,-3.62605287E-32,1.41028204E+08,8.81243517E+06,1.41050011E-02,8.81379851E-04,-1.42524866E+08,-8.91002136E+06,-7.08519831E+04,-9.23887515E+03,-0.00000000E+00,-0.00000000E+00,1.84891493E-38,1.36601235E-39,-0.00000000E+00,-0.00000000E+00,1.84891493E-38,1.36601235E-39,-3.68024211E+04,-2.39962325E+03,-1.50156718E+04,-1.02664568E+03,1.53343435E+06,9.99843114E+04,1.50000000E+06,1.00000000E+05,7.76993424E+06,1.63138522E+09
1.70000000E+01,1.00000000E+00,1.48074548E-01,1.39978006E+08,2.93781417E+05,2.52471283E-07,-0.00000000E+00,-0.00000000E+00,-4.89020964E-31,-3.62610189E-32,1.49840671E+08,8.81246696E+06,1.49863841E-02,8.81383039E-04,-1.51434919E+08,-8.91005314E+06,-8.00938483E+04,-9.24325125E+03,-0.00000000E+00,-0.00000000E+00,1.98553454E-38,1.36629683E-39,-0.00000000E+00,-0.00000000E+00,1.98553454E-38,1.36629683E-39,-3.92020443E+04,-2.39962324E+03,-1.60423163E+04,-1.02664395E+03,1.63341866E+06,9.99843109E+04,1.60000000E+06,1.00000000E+05,7.76993416E+06,1.63138522E+09
1.80000000E+01,1.00000000E+00,2.63723277E-02,1.39978004E+08,2.93782444E+05,1.87758225E-07,-0.00000000E+00,-0.00000000E+00,-5.25282073E-31,-3.62611456E-32,1.58653170E+08,8.81249870E+06,1.58677703E-02,8.81386224E-04,-1.60345004E+08,-8.91008488E+06,-8.93380604E+04,-9.24462471E+03,-0.00000000E+00,-0.00000000E+00,2.12217347E-38,1.36643686E-39,-0.00000000E+00,-0.00000000E+00,2.12217347E-38,1.36643686E-39,-4.16016676E+04,-2.39962323E+03,-1.70689590E+04,-1.02664224E+03,1.73340297E+06,9.99843103E+04,1.70000000E+06,1.00000000E+05,7.76993407E+06,1.63138522E+09
1.90000000E+01,1.00000000E+00,1.48077774E-01,1.39978003E+08,2.93782616E+05,1.39492915E-07,-0.00000000E+00,-0.00000000E+00,-5.61543235E-31,-3.62611669E-32,1.67465700E+08,8.81253042E+06,1.67491597E-02,8.81389405E-04,-1.69255121E+08,-8.91011660E+06,-9.85829976E+04,-9.24507009E+03,-0.00000000E+00,-0.00000000E+00,2.25882152E-38,1.36650362E-39,-0.00000000E+00,-0.00000000E+00,2.25882152E-38,1.36650362E-39,-4.40012908E+04,-2.39962321E+03,-1.80956000E+04,-1.02664051E+03,1.83338728E+06,9.99843097E+04,1.80000000E+06,1.00000000E+05,7.76993399E+06,1.63138523E+09
2.00000000E+01,1.00000000E+00,2.63760129E-02,1.39978001E+08,2.93782541E+05,1.03738295E-07,-0.00000000E+00,-0.00000000E+00,-5.97804397E-31,-3.62611576E-32,1.76278263E+08,8.81256210E+06,1.76305523E-02,8.81392584E-04,-1.78165269E+08,-8.91014828E+06,-1.07828185E+05,-9.24523020E+03,-0.00000000E+00,-0.00000000E+00,2.39547386E-38,1.36653323E-39,-0.00000000E+00,-0.00000000E+00,2.39547386E-38,1.36653323E-39,-4.64009140E+04,-2.39962320E+03,-1.91222393E+04,-1.02663881E+03,1.93337159E+06,9.99843092E+04,1.90000000E+06,1.00000000E+05,7.76993391E+06,1.63138522E+09
2.10000000E+01,1.00000000E+00,1.48080996E-01,1.39978000E+08,2.93782399E+05,7.70712286E-08,-0.00000000E+00,-0.00000000E+00,-6.34065545E-31,-3.62611401E-32,1.85090856E+08,8.81259376E+06,1.85119481E-02,8.81395760E-04,-1.87075449E+08,-8.91017994E+06,-1.17073477E+05,-9.24531144E+03,-0.00000000E+00,-0.00000000E+00,2.53212801E-38,1.36654570E-39,-0.00000000E+00,-0.00000000E+00,2.53212801E-38,1.36654570E-39,-4.88005372E+04,-2.39962318E+03,-2.01488769E+04,-1.02663708E+03,2.03335590E+06,9.99843086E+04,2.00000000E+06,1.00000000E+05,7.76993383E+06,1.63138522E+09
2.20000000E+01,1.00000000E+00,2.63796948E-02,1.39977998E+08,2.93782240E+05,5.73164407E-08,-0.00000000E+00,-0.00000000E+00,-6.70326673E-31,-3.62611205E-32,1.93903482E+08,8.81262540E+06,1.93933470E-02,8.81398933E-04,-1.95985660E+08,-8.91021157E+06,-1.26318835E+05,-9.24537059E+03,-0.00000000E+00,-0.00000000E+00,2.66878289E-38,1.36655025E-39,-0.00000000E+00,-0.00000000E+00,2.66878289E-38,1.36655025E-39,-5.12001603E+04,-2.39962317E+03,-2.11755127E+04,-1.02663538E+03,2.13334021E+06,9.99843080E+04,2.10000000E+06,1.00000000E+05,7.76993374E+06,1.63138522E+09
2.30000000E+01,1.00000000E+00,1.48084217E-01,1.39977997E+08,2.93782077E+05,4.25826204E-08,-0.00000000E+00,-0.00000000E+00,-7.06587781E-31,-3.62611004E-32,2.02716139E+08,8.81265701E+06,2.02747491E-02,8.81402104E-04,-2.04895904E+08,-8.91024318E+06,-1.35564247E+05,-9.24542424E+03,-0.00000000E+00,-0.00000000E+00,2.80543800E-38,1.36655148E-39,-0.00000000E+00,-0.00000000E+00,2.80543800E-38,1.36655148E-39,-5.35997835E+04,-2.39962316E+03,-2.22021469E+04,-1.02663365E+03,2.23332452E+06,9.99843075E+04,2.20000000E+06,1.00000000E+05,7.76993366E+06,1.63138522E+09
2.40000000E+01,1.00000000E+00,2.63833744E-02,1.39977995E+08,2.93781914E+05,3.16679017E-08,-0.00000000E+00,-0.00000000E+00,-7.42848869E-31,-3.62610802E-32,2.11528827E+08,8.81268860E+06,2.11561544E-02,8.81405273E-04,-2.13806178E+08,-8.91027477E+06,-1.44809713E+05,-9.24547638E+03,-0.00000000E+00,-0.00000000E+00,2.94209314E-38,1.36655129E-39,-0.00000000E+00,-0.00000000E+00,2.94209314E-38,1.36655129E-39,-5.59994066E+04,-2.39962314E+03,-2.32287793E+04,-1.02663195E+03,2.33330882E+06,9.99843069E+04,2.30000000E+06,1.00000000E+05,7.76993358E+06,1.63138522E+09
2.50000000E+01,1.00000000E+00,1.48087435E-01,1.39977994E+08,2.93781750E+05,2.35273197E-08,-0.00000000E+00,-0.00000000E+00,-7.79109937E-31,-3.62610599E-32,2.20341547E+08,8.81272017E+06,2.20375628E-02,8.81408440E-04,-2.22716485E+08,-8.91030634E+06,-1.54055230E+05,-9.24552825E+03,-0.00000000E+00,-0.00000000E+00,3.07874823E-38,1.36655056E-39,-0.00000000E+00,-0.00000000E+00,3.07874823E-38,1.36655056E-39,-5.83990298E+04,-2.39962313E+03,-2.42554100E+04,-1.02663022E+03,2.43329313E+06,9.99843064E+04,2.40000000E+06,1.00000000E+05,7.76993350E+06,1.63138522E+09
2.60000000E+01,1.00000000E+00,2.63870521E-02,1.39977992E+08,2.93781586E+05,1.74968284E-08,-0.00000000E+00,-0.00000000E+00,-8.15370984E-31,-3.62610397E-32,2.29154299E+08,8.81275172E+06,2.29189744E-02,8.81411604E-04,-2.31626823E+08,-8.91033788E+06,-1.63300800E+05,-9.24557997E+03,-0.00000000E+00,-0.00000000E+00,3.21540322E-38,1.36654963E-39,-0.00000000E+00,-0.00000000E+00,3.21540322E-38,1.36654963E-39,-6.07986529E+04,-2.39962312E+03,-2.52820390E+04,-1.02662852E+03,2.53327744E+06,9.99843058E+04,2.50000000E+06,1.00000000E+05,7.76993341E+06,1.63138522E+09
2.70000000E+01,1.00000000E+00,1.48090652E-01,1.39977991E+08,2.93781422E+05,1.29990763E-08,-0.00000000E+00,-0.00000000E+00,-8.51632012E-31,-3.62610195E-32,2.37967082E+08,8.81278324E+06,2.38003892E-02,8.81414766E-04,-2.40537192E+08,-8.91036940E+06,-1.72546420E+05,-9.24563173E+03,-0.00000000E+00,-0.00000000E+00,3.35205812E-38,1.36654862E-39,-0.00000000E+00,-0.00000000E+00,3.35205812E-38,1.36654862E-39,-6.31982760E+04,-2.39962310E+03,-2.63086663E+04,-1.02662680E+03,2.63326174E+06,9.99843052E+04,2.60000000E+06,1.00000000E+05,7.76993333E+06,1.63138522E+09
2.80000000E+01,1.00000000E+00,2.63907278E-02,1.39977989E+08,2.93781258E+05,9.66716981E-09,-0.00000000E+00,-0.00000000E+00,-8.87893019E-31,-3.62609993E-32,2.46779897E+08,8.81281474E+06,2.46818071E-02,8.81417926E-04,-2.49447593E+08,-8.91040090E+06,-1.81792093E+05,-9.24568340E+03,-0.00000000E+00,-0.00000000E+00,3.48871292E-38,1.36654760E-39,-0.00000000E+00,-0.00000000E+00,3.48871292E-38,1.36654760E-39,-6.55978991E+04,-2.39962309E+03,-2.73352919E+04,-1.02662510E+03,2.73324605E+06,9.99843047E+04,2.70000000E+06,1.00000000E+05,7.76993325E+06,1.63138522E+09
2.90000000E+01,1.00000000E+00,1.48093867E-01,1.39977988E+08,2.93781094E+05,7.18211744E-09,-0.00000000E+00,-0.00000000E+00,-9.24154006E-31,-3.62609790E-32,2.55592743E+08,8.81284622E+06,2.55632282E-02,8.81421084E-04,-2.58358025E+08,-8.91043238E+06,-1.91037818E+05,-9.24573515E+03,-0.00000000E+00,-0.00000000E+00,3.62536762E-38,1.36654656E-39,-0.00000000E+00,-0.00000000E+00,3.62536762E-38,1.36654656E-39,-6.79975221E+04,-2.39962308E+03,-2.83619158E+04,-1.02662337E+03,2.83323035E+06,9.99843041E+04,2.80000000E+06,1.00000000E+05,7.76993317E+06,1.63138522E+09
3.00000000E+01,1.00000000E+00,2.63944016E-02,1.39977986E+08,2.93780930E+05,5.34120603E-09,-0.00000000E+00,-0.00000000E+00,-9.60414973E-31,-3.62609588E-32,2.64405621E+08,8.81287767E+06,2.64446525E-02,8.81424239E-04,-2.67268489E+08,-8.91046383E+06,-2.00283594E+05,-9.24578679E+03,-0.00000000E+00,-0.00000000E+00,3.76202221E-38,1.36654554E-39,-0.00000000E+00,-0.00000000E+00,3.76202221E-38,1.36654554E-39,-7.03971452E+04,-2.39962306E+03,-2.93885379E+04,-1.02662167E+03,2.93321465E+06,9.99843036E+04,2.90000000E+06,1.00000000E+05,7.76993309E+06,1.63138522E+09
3.10000000E+01,1.00000000E+00,1.48097081E-01,1.39977985E+08,2.93780767E+05,3.96819020E-09,-0.00000000E+00,-0.00000000E+00,-9.96675919E-31,-3.62609386E-32,2.73218530E+08,8.81290910E+06,2.73260799E-02,8.81427392E-04,-2.76178984E+08,-8.91049526E+06,-2.09529421E+05,-9.24583851E+03,-0.00000000E+00,-0.00000000E+00,3.89867670E-38,1.36654452E-39,-0.00000000E+00,-0.00000000E+00,3.89867670E-38,1.36654452E-39,-7.27967683E+04,-2.39962305E+03,-3.04151584E+04,-1.02661995E+03,3.03319896E+06,9.99843030E+04,3.00000000E+06,1.00000000E+05,7.76993300E+06,1.63138522E+09
3.20000000E+01,1.00000000E+00,2.63980735E-02,1.39977983E+08,2.93780603E+05,2.95106845E-09,-0.00000000E+00,-0.00000000E+00,-1.03293685E-30,-3.62609184E-32,2.82031471E+08,8.81294052E+06,2.82075104E-02,8.81430543E-04,-2.85089511E+08,-8.91052667E+06,-2.18775301E+05,-9.24589013E+03,-0.00000000E+00,-0.00000000E+00,4.03533109E-38,1.36654350E-39,-0.00000000E+00,-0.00000000E+00,4.03533109E-38,1.36654350E-39,-7.51963913E+04,-2.39962304E+03,-3.14417771E+04,-1.02661825E+03,3.13318326E+06,9.99843024E+04,3.10000000E+06,1.00000000E+05,7.76993292E+06,1.63138522E+09
3.30000000E+01,1.00000000E+00,1.48100293E-01,1.39977982E+08,2.93780439E+05,2.19246378E-09,-0.00000000E+00,-0.00000000E+00,-1.06919775E-30,-3.62608982E-32,2.90844443E+08,8.81297191E+06,2.90889441E-02,8.81433692E-04,-2.94000069E+08,-8.91055806E+06,-2.28021232E+05,-9.24594182E+03,-0.00000000E+00,-0.00000000E+00,4.17198538E-38,1.36654249E-39,-0.00000000E+00,-0.00000000E+00,4.17198538E-38,1.36654249E-39,-7.75960143E+04,-2.39962302E+03,-3.24683941E+04,-1.02661653E+03,3.23316756E+06,9.99843019E+04,3.20000000E+06,1.00000000E+05,7.76993284E+06,1.63138522E+09
3.40000000E+01,1.00000000E+00,2.64017434E-02,1.39977980E+08,2.93780276E+05,1.63049400E-09,-0.00000000E+00,-0.00000000E+00,-1.10545864E-30,-3.62608780E-32,2.99657446E+08,8.81300327E+06,2.99703809E-02,8.81436839E-04,-3.02910658E+08,-8.91058943E+06,-2.37267215E+05,-9.24599341E+03,-0.00000000E+00,-0.00000000E+00,4.30863956E-38,1.36654149E-39,-0.00000000E+00,-0.00000000E+00,4.30863956E-38,1.36654149E-39,-7.99956373E+04,-2.39962301E+03,-3.34950094E+04,-1.02661483E+03,3.33315186E+06,9.99843013E+04,3.30000000E+06,1.00000000E+05,7.76993276E+06,1.63138522E+09
3.50000000E+01,1.00000000E+00,1.48103503E-01,1.39977979E+08,2.93780112E+05,1.21135754E-09,-0.00000000E+00,-0.00000000E+00,-1.14171950E-30,-3.62608578E-32,3.08470480E+08,8.81303462E+06,3.08518209E-02,8.81439983E-04,-3.11821279E+08,-8.91062077E+06,-2.46513249E+05,-9.24604508E+03,-0.00000000E+00,-0.00000000E+00,4.44529365E-38,1.36654049E-39,-0.00000000E+00,-0.00000000E+00,4.44529365E-38,1.36654049E-39,-8.23952603E+04,-2.39962300E+03,-3.45216230E+04,-1.02661311E+03,3.43313616E+06,9.99843008E+04,3.40000000E+06,1.00000000E+05,7.76993268E+06,1.63138522E+09
3.60000000E+01,1.00000000E+00,2.64054114E-02,1.39977977E+08,2.93779949E+05,9.00863717E-10,-0.00000000E+00,-0.00000000E+00,-1.17798035E-30,-3.62608377E-32,3.17283546E+08,8.81306594E+06,3.17332640E-02,8.81443125E-04,-3.20731931E+08,-8.91065209E+06,-2.55759335E+05,-9.24609664E+03,-0.00000000E+00,-0.00000000E+00,4.58194764E-38,1.36653950E-39,-0.00000000E+00,-0.00000000E+00,4.58194764E-38,1.36653950E-39,-8.47948833E+04,-2.39962298E+03,-3.55482349E+04,-1.02661141E+03,3.53312046E+06,9.99843002E+04,3.50000000E+06,1.00000000E+05,7.76993259E+06,1.63138522E+09
3.70000000E+01,1.00000000E+00,1.48106711E-01,1.39977976E+08,2.93779785E+05,6.69286756E-10,-0.00000000E+00,-0.00000000E+00,-1.21424117E-30,-3.62608175E-32,3.26096644E+08,8.81309725E+06,3.26147103E-02,8.81446265E-04,-3.29642615E+08,-8.91068339E+06,-2.65005472E+05,-9.24614828E+03,-0.00000000E+00,-0.00000000E+00,4.71860153E-38,1.36653851E-39,-0.00000000E+00,-0.00000000E+00,4.71860153E-38,1.36653851E-39,-8.71945063E+04,-2.39962297E+03,-3.65748451E+04,-1.02660969E+03,3.63310476E+06,9.99842996E+04,3.60000000E+06,1.00000000E+05,7.76993251E+06,1.63138522E+09
3.80000000E+01,1.00000000E+00,2.64090775E-02,1.39977975E+08,2.93779622E+05,4.97735889E-10,-0.00000000E+00,-0.00000000E+00,-1.25050198E-30,-3.62607973E-32,3.34909772E+08,8.81312853E+06,3.34961597E-02,8.81449403E-04,-3.38553329E+08,-8.91071467E+06,-2.74251662E+05,-9.24619982E+03,-0.00000000E+00,-0.00000000E+00,4.85525532E-38,1.36653753E-39,-0.00000000E+00,-0.00000000E+00,4.85525532E-38,1.36653753E-39,-8.95941292E+04,-2.39962295E+03,-3.76014536E+04,-1.02660800E+03,3.73308906E+06,9.99842991E+04,3.70000000E+06,1.00000000E+05,7.76993243E+06,1.63138522E+09
3.90000000E+01,1.00000000E+00,1.48109918E-01,1.39977973E+08,2.93779458E+05,3.69787381E-10,-0.00000000E+00,-0.00000000E+00,-1.28676276E-30,-3.62607771E-32,3.43722932E+08,8.81315979E+06,3.43776122E-02,8.81452539E-04,-3.47464075E+08,-8.91074593E+06,-2.83497902E+05,-9.24625143E+03,-0.00000000E+00,-0.00000000E+00,4.99190901E-38,1.36653656E-39,-0.00000000E+00,-0.00000000E+00,4.99190901E-38,1.36653656E-39,-9.19937522E+04,-2.39962294E+03,-3.86280604E+04,-1.02660628E+03,3.83307336E+06,9.99842985E+04,3.80000000E+06,1.00000000E+05,7.76993235E+06,1.63138522E+09
4.00000000E+01,1.00000000E+00,2.64127417E-02,1.39977972E+08,2.93779295E+05,2.75003858E-10,-0.00000000E+00,-0.00000000E+00,-1.32302353E-30,-3.62607570E-32,3.52536123E+08,8.81319103E+06,3.52590679E-02,8.81455673E-04,-3.56374853E+08,-8.91077717E+06,-2.92744195E+05,-9.24630294E+03,-0.00000000E+00,-0.00000000E+00,5.12856260E-38,1.36653559E-39,-0.00000000E+00,-0.00000000E+00,5.12856260E-38,1.36653559E-39,-9.43933751E+04,-2.39962293E+03,-3.96546654E+04,-1.02660458E+03,3.93305766E+06,9.99842980E+04,3.90000000E+06,1.00000000E+05,7.76993227E+06,1.63138522E+09
4.10000000E+01,1.00000000E+00,1.48113123E-01,1.39977970E+08,2.93779132E+05,2.04311076E-10,-0.00000000E+00,-0.00000000E+00,-1.35928427E-30,-3.62607368E-32,3.61349345E+08,8.81322224E+06,3.61405267E-02,8.81458804E-04,-3.65285661E+08,-8.91080839E+06,-3.01990538E+05,-9.24635453E+03,-0.00000000E+00,-0.00000000E+00,5.26521610E-38,1.36653463E-39,-0.00000000E+00,-0.00000000E+00,5.26521610E-38,1.36653463E-39,-9.67929980E+04,-2.39962291E+03,-4.06812688E+04,-1.02660286E+03,4.03304196E+06,9.99842974E+04,4.00000000E+06,1.00000000E+05,7.76993219E+06,1.63138522E+09
4.20000000E+01,1.00000000E+00,2.64164040E-02,1.39977969E+08,2.93778969E+05,1.51942261E-10,-0.00000000E+00,-0.00000000E+00,-1.39554500E-30,-3.62607167E-32,3.70162599E+08,8.81325344E+06,3.70219887E-02,8.81461934E-04,-3.74196500E+08,-8.91083958E+06,-3.11236934E+05,-9.24640602E+03,-0.00000000E+00,-0.00000000E+00,5.40186951E-38,1.36653367E-39,-0.00000000E+00,-0.00000000E+00,5.40186951E-38,1.36653367E-39,-9.91926209E+04,-2.39962290E+03,-4.17078704E+04,-1.02660117E+03,4.13302625E+06,9.99842968E+04,4.10000000E+06,1.00000000E+05,7.76993210E+06,1.63138522E+09
4.30000000E+01,1.00000000E+00,1.48116327E-01,1.39977967E+08,2.93778805E+05,1.12883822E-10,-0.00000000E+00,-0.00000000E+00,-1.43180570E-30,-3.62606965E-32,3.78975883E+08,8.81328462E+06,3.79034537E-02,8.81465061E-04,-3.83107371E+08,-8.91087075E+06,-3.20483381E+05,-9.24645757E+03,-0.00000000E+00,-0.00000000E+00,5.53852282E-38,1.36653272E-39,-0.00000000E+00,-0.00000000E+00,5.53852282E-38,1.36653272E-39,-1.01592244E+05,-2.39962289E+03,-4.27344704E+04,-1.02659945E+03,4.23301055E+06,9.99842963E+04,4.20000000E+06,1.00000000E+05,7.76993202E+06,1.63138522E+09
4.40000000E+01,1.00000000E+00,2.64200643E-02,1.39977966E+08,2.93778642E+05,8.39495465E-11,-0.00000000E+00,-0.00000000E+00,-1.46806639E-30,-3.62606764E-32,3.87789199E+08,8.81331577E+06,3.87849219E-02,8.81468186E-04,-3.92018273E+08,-8.91090191E+06,-3.29729879E+05,-9.24650903E+03,-0.00000000E+00,-0.00000000E+00,5.67517603E-38,1.36653178E-39,-0.00000000E+00,-0.00000000E+00,5.67517603E-38,1.36653178E-39,-1.03991867E+05,-2.39962287E+03,-4.37610686E+04,-1.02659776E+03,4.33299484E+06,9.99842957E+04,4.30000000E+06,1.00000000E+05,7.76993194E+06,1.63138522E+09
4.50000000E+01,1.00000000E+00,1.48119529E-01,1.39977964E+08,2.93778479E+05,6.23693863E-11,-0.00000000E+00,-0.00000000E+00,-1.50432705E-30,-3.62606562E-32,3.96602546E+08,8.81334690E+06,3.96663932E-02,8.81471309E-04,-4.00929206E+08,-8.91093304E+06,-3.38976429E+05,-9.24656056E+03,-0.00000000E+00,-0.00000000E+00,5.81182915E-38,1.36653084E-39,-0.00000000E+00,-0.00000000E+00,5.81182915E-38,1.36653084E-39,-1.06391490E+05,-2.39962286E+03,-4.47876651E+04,-1.02659604E+03,4.43297914E+06,9.99842952E+04,4.40000000E+06,1.00000000E+05,7.76993186E+06,1.63138522E+09
4.60000000E+01,1.00000000E+00,2.64237227E-02,1.39977963E+08,2.93778316E+05,4.63829208E-11,-0.00000000E+00,-0.00000000E+00,-1.54058770E-30,-3.62606361E-32,4.05415924E+08,8.81337802E+06,4.05478676E-02,8.81474430E-04,-4.09840170E+08,-8.91096415E+06,-3.48223030E+05,-9.24661200E+03,-0.00000000E+00,-0.00000000E+00,5.94848217E-38,1.36652990E-39,-0.00000000E+00,-0.00000000E+00,5.94848217E-38,1.36652990E-39,-1.08791112E+05,-2.39962285E+03,-4.58142600E+04,-1.02659435E+03,4.53296343E+06,9.99842946E+04,4.50000000E+06,1.00000000E+05,7.76993178E+06,1.63138522E+09
4.70000000E+01,1.00000000E+00,1.48122729E-01,1.39977961E+08,2.93778153E+05,3.44596771E-11,-0.00000000E+00,-0.00000000E+00,-1.57684832E-30,-3.62606160E-32,4.14229333E+08,8.81340911E+06,4.14293452E-02,8.81477549E-04,-4.18751166E+08,-8.91099524E+06,-3.57469683E+05,-9.24666350E+03,-0.00000000E+00,-0.00000000E+00,6.08513511E-38,1.36652897E-39,-0.00000000E+00,-0.00000000E+00,6.08513511E-38,1.36652897E-39,-1.11190735E+05,-2.39962283E+03,-4.68408531E+04,-1.02659263E+03,4.63294773E+06,9.99842940E+04,4.60000000E+06,1.00000000E+05,7.76993170E+06,1.63138522E+09
4.80000000E+01,1.00000000E+00,2.64273792E-02,1.39977960E+08,2.93777990E+05,2.56270019E-11,-0.00000000E+00,-0.00000000E+00,-1.61310892E-30,-3.62605959E-32,4.23042773E+08,8.81344018E+06,4.23108259E-02,8.81480666E-04,-4.27662192E+08,-8.91102631E+06,-3.66716387E+05,-9.24671491E+03,-0.00000000E+00,-0.00000000E+00,6.22178795E-38,1.36652805E-39,-0.00000000E+00,-0.00000000E+00,6.22178795E-38,1.36652805E-39,-1.13590358E+05,-2.39962282E+03,-4.78674445E+04,-1.02659094E+03,4.73293202E+06,9.99842935E+04,4.70000000E+06,1.00000000E+05,7.76993162E+06,1.63138522E+09
4.90000000E+01,1.00000000E+00,1.48125927E-01,1.39977958E+08,2.93777827E+05,1.90392970E-11,-0.00000000E+00,-0.00000000E+00,-1.64936951E-30,-3.62605758E-32,4.31856245E+08,8.81347123E+06,4.31923096E-02,8.81483781E-04,-4.36573249E+08,-8.91105736E+06,-3.75963143E+05,-9.24676639E+03,-0.00000000E+00,-0.00000000E+00,6.35844069E-38,1.36652713E-39,-0.00000000E+00,-0.00000000E+00,6.35844069E-38,1.36652713E-39,-1.15989981E+05,-2.39962281E+03,-4.88940342E+04,-1.02658923E+03,4.83291632E+06,9.99842929E+04,4.80000000E+06,1.00000000E+05,7.76993154E+06,1.63138522E+09
5.00000000E+01,1.00000000E+00,2.64310338E-02,1.39977957E+08,2.93777664E+05,1.41591597E-11,-0.00000000E+00,-0.00000000E+00,-1.68563007E-30,-3.62605557E-32,4.40669747E+08,8.81350226E+06,4.40737965E-02,8.81486894E-04,-4.45484338E+08,-8.91108839E+06,-3.85209950E+05,-9.24681777E+03,-0.00000000E+00,-0.00000000E+00,6.49509335E-38,1.36652622E-39,-0.00000000E+00,-0.00000000E+00,6.49509335E-38,1.36652622E-39,-1.18389604E+05,-2.39962279E+03,-4.99206223E+04,-1.02658754E+03,4.93290061E+06,9.99842924E+04,4.90000000E+06,1.00000000E+05,7.76993146E+06,1.63138522E+09
