Time [d],dt_flow [d],dt_tran [d],Global Water Mass in Liquid Phas [kg],Global Vaq [mol],Global Vim [mol],Top Water Mass [kg],Top Water Mass [kg/d],Top Vaq [mol],Top Vaq [mol/d],Right Water Mass [kg],Right Water Mass [kg/d],Right Vaq [mol],Right Vaq [mol/d],Left Water Mass [kg],Left Water Mass [kg/d],Left Vaq [mol],Left Vaq [mol/d],North Water Mass [kg],North Water Mass [kg/d],North Vaq [mol],North Vaq [mol/d],South Water Mass [kg],South Water Mass [kg/d],South Vaq [mol],South Vaq [mol/d],ExtractWell Water Mass [kg],ExtractWell Water Mass [kg/d],ExtractWell Vaq [mol],ExtractWell Vaq [mol/d],InjectWell Water Mass [kg],InjectWell Water Mass [kg/d],InjectWell Vaq [mol],InjectWell Vaq [mol/d],Region Region__all Water Mass [kg],Region Region__all Total Mass [kg]
1.00000000E+00,4.89000000E-01,1.05000000E-01,1.39977977E+08,1.04996627E-02,2.97108677E-05,-0.00000000E+00,-0.00000000E+00,2.66765469E-40,4.32041631E-40,7.28017419E+06,7.27077244E+06,7.28130535E-04,7.27190216E-04,-7.31303725E+06,-7.32063969E+06,-6.15945260E-04,-5.43842896E-04,-0.00000000E+00,-0.00000000E+00,2.65137192E-40,4.29429957E-40,-0.00000000E+00,-0.00000000E+00,2.65137192E-40,4.29429957E-40,-8.08070467E+02,-1.22620708E+03,-6.53690239E-08,-9.24422041E-08,3.36696100E+04,5.10919727E+04,3.36749000E-06,5.11000000E-06,7.76993255E+06,1.63109144E+09
2.00000000E+00,4.88000000E-01,1.04000000E-01,1.39977975E+08,8.50094028E+04,2.19801284E-05,-0.00000000E+00,-0.00000000E+00,-5.97656664E-33,-1.04925874E-32,1.45245548E+07,7.24438841E+06,1.45268116E-03,7.24551408E-04,-1.46550039E+07,-7.34197493E+06,-1.08074421E-03,-4.04386136E-04,-0.00000000E+00,-0.00000000E+00,8.70603596E-40,7.36360429E-40,-0.00000000E+00,-0.00000000E+00,8.70603595E-40,7.36360429E-40,-3.20769294E+03,-2.39962247E+03,-2.01589138E+02,-4.78818105E+02,1.33653902E+05,9.99842919E+04,1.00000000E+05,1.00000000E+05,7.76993247E+06,1.63117645E+09
3.00000000E+00,1.00000000E+00,4.00000000E-02,1.39977974E+08,1.47338596E+05,1.62721641E-05,-0.00000000E+00,-0.00000000E+00,-2.09087162E-32,-1.81857907E-32,2.17689737E+07,7.24441893E+06,2.17723562E-03,7.24554465E-04,-2.19970093E+07,-7.34200534E+06,-1.91959019E-03,-2.56801547E-03,-0.00000000E+00,-0.00000000E+00,1.73148685E-39,9.50561064E-40,-0.00000000E+00,-0.00000000E+00,1.73148685E-39,9.50561064E-40,-5.60731539E+03,-2.39962245E+03,-9.22787323E+02,-8.44200097E+02,2.33638193E+05,9.99842912E+04,2.00000000E+05,1.00000000E+05,7.76993238E+06,1.63123878E+09
4.00000000E+00,1.00000000E+00,4.00000000E-02,1.39977972E+08,1.93343614E+05,1.20464868E-05,-0.00000000E+00,-0.00000000E+00,-4.23694352E-32,-2.38641243E-32,2.90134214E+07,7.24444768E+06,2.90179297E-03,7.24557347E-04,-2.93390433E+07,-7.34203400E+06,-7.43042238E-02,-2.42836034E-01,-0.00000000E+00,-0.00000000E+00,2.76898314E-39,1.10003065E-39,-0.00000000E+00,-0.00000000E+00,2.76898314E-39,1.10003065E-39,-8.00693783E+03,-2.39962244E+03,-1.81314453E+03,-9.09123047E+02,3.33622484E+05,9.99842907E+04,3.00000000E+05,1.00000000E+05,7.76993228E+06,1.63128479E+09
5.00000000E+00,1.00000000E+00,4.00000000E-02,1.39977970E+08,2.27380468E+05,8.91816492E-06,-0.00000000E+00,-0.00000000E+00,-6.86562286E-32,-2.80652446E-32,3.62578961E+07,7.24447470E+06,3.62635302E-03,7.24560054E-04,-3.66811042E+07,-7.34206092E+06,-2.17373361E+00,-5.42031437E+00,-0.00000000E+00,-0.00000000E+00,3.92948429E-39,1.20394056E-39,-0.00000000E+00,-0.00000000E+00,3.92948429E-39,1.20394056E-39,-1.04065603E+04,-2.39962243E+03,-2.72751641E+03,-9.16318545E+02,4.33606774E+05,9.99842902E+04,4.00000000E+05,1.00000000E+05,7.76993220E+06,1.63131882E+09
6.00000000E+00,1.00000000E+00,4.00000000E-02,1.39977969E+08,2.52558197E+05,6.60222911E-06,-0.00000000E+00,-0.00000000E+00,-9.85139282E-32,-3.11728957E-32,4.35023961E+07,7.24450005E+06,4.35091562E-03,7.24562595E-04,-4.40231904E+07,-7.34208617E+06,-2.47736352E+01,-4.68142917E+01,-0.00000000E+00,-0.00000000E+00,5.17531103E-39,1.27586982E-39,-0.00000000E+00,-0.00000000E+00,5.17531103E-39,1.27586982E-39,-1.28061827E+04,-2.39962242E+03,-3.64430651E+03,-9.16956342E+02,5.33591064E+05,9.99842897E+04,5.00000000E+05,1.00000000E+05,7.76993212E+06,1.63134400E+09
7.00000000E+00,1.00000000E+00,4.00000000E-02,1.39977968E+08,2.71108693E+05,4.88771284E-06,-0.00000000E+00,-0.00000000E+00,-1.31008898E-31,-3.34625569E-32,5.07469200E+07,7.24452384E+06,5.07548060E-03,7.24564980E-04,-5.13653002E+07,-7.34210987E+06,-1.48477691E+02,-2.14078265E+02,-0.00000000E+00,-0.00000000E+00,6.48005486E-39,1.32541715E-39,-0.00000000E+00,-0.00000000E+00,6.48005486E-39,1.32541715E-39,-1.52058051E+04,-2.39962240E+03,-4.56129956E+03,-9.17005333E+02,6.33575353E+05,9.99842893E+04,6.00000000E+05,1.00000000E+05,7.76993204E+06,1.63136255E+09
8.00000000E+00,1.00000000E+00,1.04000000E-01,1.39977966E+08,2.84497849E+05,3.62573564E-06,-0.00000000E+00,-0.00000000E+00,-1.65465470E-31,-3.51151614E-32,5.79914662E+07,7.24454624E+06,5.80004782E-03,7.24567225E-04,-5.87074324E+07,-7.34213220E+06,-5.79523448E+02,-6.31187620E+02,-0.00000000E+00,-0.00000000E+00,7.82586939E-39,1.35911498E-39,-0.00000000E+00,-0.00000000E+00,7.82586939E-39,1.35911498E-39,-1.76054275E+04,-2.39962239E+03,-5.47830713E+03,-9.17008001E+02,7.33559642E+05,9.99842890E+04,7.00000000E+05,1.00000000E+05,7.76993197E+06,1.63137594E+09
9.00000000E+00,1.00000000E+00,2.32000000E-01,1.39977965E+08,2.93833061E+05,2.69752062E-06,-0.00000000E+00,-0.00000000E+00,-2.01315608E-31,-3.62673932E-32,6.52360337E+07,7.24456745E+06,6.52461718E-03,7.24569352E-04,-6.60495858E+07,-7.34215334E+06,-1.61613542E+03,-1.32659762E+03,-0.00000000E+00,-0.00000000E+00,9.19951772E-39,1.38187009E-39,-0.00000000E+00,-0.00000000E+00,9.19951772E-39,1.38187009E-39,-2.00050499E+04,-2.39962239E+03,-6.39531485E+03,-9.17007435E+02,8.33543931E+05,9.99842886E+04,8.00000000E+05,1.00000000E+05,7.76993190E+06,1.63138528E+09
1.00000000E+01,1.00000000E+00,2.32000000E-01,1.39977964E+08,3.00106397E+05,2.00693549E-06,-0.00000000E+00,-0.00000000E+00,-2.38080345E-31,-3.70417022E-32,7.24806214E+07,7.24458769E+06,7.24918856E-03,7.24571381E-04,-7.33917593E+07,-7.34217351E+06,-3.45144562E+03,-2.16990750E+03,-0.00000000E+00,-0.00000000E+00,1.05912847E-38,1.39735046E-39,-0.00000000E+00,-0.00000000E+00,1.05912847E-38,1.39735046E-39,-2.24046722E+04,-2.39962238E+03,-7.31232184E+03,-9.17006642E+02,9.33528219E+05,9.99842883E+04,9.00000000E+05,1.00000000E+05,7.76993184E+06,1.63139155E+09
1.10000000E+01,1.00000000E+00,2.32000000E-01,1.39977963E+08,3.04070178E+05,1.49314526E-06,-0.00000000E+00,-0.00000000E+00,-2.75438808E-31,-3.75309460E-32,7.97252285E+07,7.24460715E+06,7.97376189E-03,7.24573333E-04,-8.07339522E+07,-7.34219293E+06,-6.12713754E+03,-2.98718219E+03,-0.00000000E+00,-0.00000000E+00,1.19953164E-38,1.40778858E-39,-0.00000000E+00,-0.00000000E+00,1.19953164E-38,1.40778858E-39,-2.48042946E+04,-2.39962237E+03,-8.22932802E+03,-9.17005845E+02,1.03351251E+06,9.99842879E+04,1.00000000E+06,1.00000000E+05,7.76993178E+06,1.63139551E+09
1.20000000E+01,1.00000000E+00,2.32000000E-01,1.39977962E+08,3.06410146E+05,1.11088910E-06,-0.00000000E+00,-0.00000000E+00,-3.13158307E-31,-3.78197648E-32,8.69698545E+07,7.24462604E+06,8.69833712E-03,7.24575227E-04,-8.80761640E+07,-7.34221179E+06,-9.53326088E+03,-3.65073098E+03,-0.00000000E+00,-0.00000000E+00,1.34075685E-38,1.41475203E-39,-0.00000000E+00,-0.00000000E+00,1.34075685E-38,1.41475203E-39,-2.72039170E+04,-2.39962236E+03,-9.14633341E+03,-9.17005069E+02,1.13349679E+06,9.99842876E+04,1.10000000E+06,1.00000000E+05,7.76993172E+06,1.63139785E+09
1.30000000E+01,1.00000000E+00,2.32000000E-01,1.39977961E+08,3.07699046E+05,8.26493325E-07,-0.00000000E+00,-0.00000000E+00,-3.51082776E-31,-3.79788520E-32,9.42144990E+07,7.24464450E+06,9.42291420E-03,7.24577079E-04,-9.54183942E+07,-7.34223022E+06,-1.34832524E+04,-4.11715498E+03,-0.00000000E+00,-0.00000000E+00,1.48252652E-38,1.41933815E-39,-0.00000000E+00,-0.00000000E+00,1.48252652E-38,1.41933815E-39,-2.96035393E+04,-2.39962235E+03,-1.00633380E+04,-9.17004310E+02,1.23348108E+06,9.99842872E+04,1.20000000E+06,1.00000000E+05,7.76993166E+06,1.63139914E+09
1.40000000E+01,1.00000000E+00,2.32000000E-01,1.39977960E+08,3.08362726E+05,6.14904960E-07,-0.00000000E+00,-0.00000000E+00,-3.89115957E-31,-3.80607690E-32,1.01459162E+08,7.24466267E+06,1.01474931E-02,7.24578902E-04,-1.02760643E+08,-7.34224838E+06,-1.77894604E+04,-4.40793307E+03,-0.00000000E+00,-0.00000000E+00,1.62465170E-38,1.42231252E-39,-0.00000000E+00,-0.00000000E+00,1.62465170E-38,1.42231252E-39,-3.20031617E+04,-2.39962234E+03,-1.09803419E+04,-9.17003564E+02,1.33346537E+06,9.99842869E+04,1.30000000E+06,1.00000000E+05,7.76993160E+06,1.63139981E+09
1.50000000E+01,1.00000000E+00,2.32000000E-01,1.39977959E+08,3.08683351E+05,4.57484771E-07,-0.00000000E+00,-0.00000000E+00,-4.27203159E-31,-3.81003434E-32,1.08703842E+08,7.24468064E+06,1.08720738E-02,7.24580704E-04,-1.10102909E+08,-7.34226633E+06,-2.23050467E+04,-4.57168378E+03,-0.00000000E+00,-0.00000000E+00,1.76700513E-38,1.42420693E-39,-0.00000000E+00,-0.00000000E+00,1.76700513E-38,1.42420693E-39,-3.44027840E+04,-2.39962233E+03,-1.18973451E+04,-9.17002828E+02,1.43344966E+06,9.99842865E+04,1.40000000E+06,1.00000000E+05,7.76993154E+06,1.63140013E+09
1.60000000E+01,1.00000000E+00,2.32000000E-01,1.39977958E+08,3.08829309E+05,3.40365307E-07,-0.00000000E+00,-0.00000000E+00,-4.65315614E-31,-3.81183587E-32,1.15948541E+08,7.24469848E+06,1.15966563E-02,7.24582493E-04,-1.17445193E+08,-7.34228416E+06,-2.69328144E+04,-4.65619037E+03,-0.00000000E+00,-0.00000000E+00,1.90950223E-38,1.42538852E-39,-0.00000000E+00,-0.00000000E+00,1.90950223E-38,1.42538852E-39,-3.68024063E+04,-2.39962233E+03,-1.28143475E+04,-9.17002098E+02,1.53343394E+06,9.99842862E+04,1.50000000E+06,1.00000000E+05,7.76993149E+06,1.63140027E+09
1.70000000E+01,1.00000000E+00,2.32000000E-01,1.39977956E+08,3.08892194E+05,2.53229287E-07,-0.00000000E+00,-0.00000000E+00,-5.03439221E-31,-3.81261205E-32,1.23193257E+08,7.24471622E+06,1.23212406E-02,7.24584273E-04,-1.24787495E+08,-7.34230190E+06,-3.16160564E+04,-4.69662070E+03,-0.00000000E+00,-0.00000000E+00,2.05208776E-38,1.42610830E-39,-0.00000000E+00,-0.00000000E+00,2.05208776E-38,1.42610830E-39,-3.92020286E+04,-2.39962232E+03,-1.37313491E+04,-9.17001372E+02,1.63341823E+06,9.99842859E+04,1.60000000E+06,1.00000000E+05,7.76993143E+06,1.63140033E+09
1.80000000E+01,1.00000000E+00,2.32000000E-01,1.39977955E+08,3.08917937E+05,1.88400729E-07,-0.00000000E+00,-0.00000000E+00,-5.41567503E-31,-3.81292979E-32,1.30437991E+08,7.24473391E+06,1.30458266E-02,7.24586048E-04,-1.32129815E+08,-7.34231958E+06,-3.63248776E+04,-4.71472552E+03,-0.00000000E+00,-0.00000000E+00,2.19472639E-38,1.42653550E-39,-0.00000000E+00,-0.00000000E+00,2.19472639E-38,1.42653550E-39,-4.16016509E+04,-2.39962231E+03,-1.46483501E+04,-9.17000649E+02,1.73340251E+06,9.99842855E+04,1.70000000E+06,1.00000000E+05,7.76993137E+06,1.63140036E+09
1.90000000E+01,1.00000000E+00,2.32000000E-01,1.39977954E+08,3.08927974E+05,1.40168757E-07,-0.00000000E+00,-0.00000000E+00,-5.79697647E-31,-3.81305368E-32,1.37682743E+08,7.24475156E+06,1.37704144E-02,7.24587818E-04,-1.39472152E+08,-7.34233723E+06,-4.10447925E+04,-4.72237748E+03,-0.00000000E+00,-0.00000000E+00,2.33739604E-38,1.42678203E-39,-0.00000000E+00,-0.00000000E+00,2.33739604E-38,1.42678203E-39,-4.40012732E+04,-2.39962230E+03,-1.55653503E+04,-9.16999927E+02,1.83338680E+06,9.99842852E+04,1.80000000E+06,1.00000000E+05,7.76993132E+06,1.63140037E+09
2.00000000E+01,1.00000000E+00,2.32000000E-01,1.39977953E+08,3.08931699E+05,1.04284525E-07,-0.00000000E+00,-0.00000000E+00,-6.17828500E-31,-3.81309966E-32,1.44927512E+08,7.24476918E+06,1.44950040E-02,7.24589586E-04,-1.46814507E+08,-7.34235485E+06,-4.57692694E+04,-4.72545477E+03,-0.00000000E+00,-0.00000000E+00,2.48008329E-38,1.42692010E-39,-0.00000000E+00,-0.00000000E+00,2.48008329E-38,1.42692010E-39,-4.64008955E+04,-2.39962229E+03,-1.64823498E+04,-9.16999207E+02,1.93337108E+06,9.99842848E+04,1.90000000E+06,1.00000000E+05,7.76993126E+06,1.63140037E+09
2.10000000E+01,1.00000000E+00,2.32000000E-01,1.39977952E+08,3.08933000E+05,7.75869205E-08,-0.00000000E+00,-0.00000000E+00,-6.55959608E-31,-3.81311571E-32,1.52172298E+08,7.24478678E+06,1.52195954E-02,7.24591352E-04,-1.54156879E+08,-7.34237245E+06,-5.04955405E+04,-4.72664421E+03,-0.00000000E+00,-0.00000000E+00,2.62278022E-38,1.42699503E-39,-0.00000000E+00,-0.00000000E+00,2.62278022E-38,1.42699503E-39,-4.88005178E+04,-2.39962228E+03,-1.73993486E+04,-9.16998487E+02,2.03335537E+06,9.99842845E+04,2.00000000E+06,1.00000000E+05,7.76993121E+06,1.63140038E+09
2.20000000E+01,1.00000000E+00,2.32000000E-01,1.39977951E+08,3.08933407E+05,5.77240986E-08,-0.00000000E+00,-0.00000000E+00,-6.94090801E-31,-3.81312074E-32,1.59417103E+08,7.24480437E+06,1.59441885E-02,7.24593115E-04,-1.61499269E+08,-7.34239003E+06,-5.52224956E+04,-4.72709387E+03,-0.00000000E+00,-0.00000000E+00,2.76548232E-38,1.42703433E-39,-0.00000000E+00,-0.00000000E+00,2.76548232E-38,1.42703433E-39,-5.12001401E+04,-2.39962228E+03,-1.83163467E+04,-9.16997768E+02,2.13333965E+06,9.99842841E+04,2.10000000E+06,1.00000000E+05,7.76993115E+06,1.63140038E+09
2.30000000E+01,1.00000000E+00,2.32000000E-01,1.39977950E+08,3.08933498E+05,4.29463051E-08,-0.00000000E+00,-0.00000000E+00,-7.32222016E-31,-3.81312186E-32,1.66661925E+08,7.24482194E+06,1.66687834E-02,7.24594878E-04,-1.68841677E+08,-7.34240760E+06,-5.99497104E+04,-4.72726666E+03,-0.00000000E+00,-0.00000000E+00,2.90818707E-38,1.42705418E-39,-0.00000000E+00,-0.00000000E+00,2.90818707E-38,1.42705418E-39,-5.35997624E+04,-2.39962227E+03,-1.92333440E+04,-9.16997049E+02,2.23332394E+06,9.99842838E+04,2.20000000E+06,1.00000000E+05,7.76993110E+06,1.63140038E+09
2.40000000E+01,1.00000000E+00,2.32000000E-01,1.39977949E+08,3.08933480E+05,3.19517354E-08,-0.00000000E+00,-0.00000000E+00,-7.70353234E-31,-3.81312164E-32,1.73906764E+08,7.24483949E+06,1.73933800E-02,7.24596639E-04,-1.76184102E+08,-7.34242515E+06,-6.46770293E+04,-4.72734001E+03,-0.00000000E+00,-0.00000000E+00,3.05089313E-38,1.42706375E-39,-0.00000000E+00,-0.00000000E+00,3.05089313E-38,1.42706375E-39,-5.59993846E+04,-2.39962226E+03,-2.01503407E+04,-9.16996331E+02,2.33330822E+06,9.99842835E+04,2.30000000E+06,1.00000000E+05,7.76993104E+06,1.63140038E+09
2.50000000E+01,1.00000000E+00,2.32000000E-01,1.39977948E+08,3.08933427E+05,2.37718563E-08,-0.00000000E+00,-0.00000000E+00,-8.08484447E-31,-3.81312098E-32,1.81151621E+08,7.24485703E+06,1.81179784E-02,7.24598398E-04,-1.83526545E+08,-7.34244269E+06,-6.94043978E+04,-4.72737895E+03,-0.00000000E+00,-0.00000000E+00,3.19359979E-38,1.42706806E-39,-0.00000000E+00,-0.00000000E+00,3.19359979E-38,1.42706806E-39,-5.83990069E+04,-2.39962225E+03,-2.10673366E+04,-9.16995613E+02,2.43329250E+06,9.99842831E+04,2.40000000E+06,1.00000000E+05,7.76993098E+06,1.63140038E+09
2.60000000E+01,1.00000000E+00,2.32000000E-01,1.39977947E+08,3.08933362E+05,1.76860864E-08,-0.00000000E+00,-0.00000000E+00,-8.46615652E-31,-3.81312018E-32,1.88396496E+08,7.24487456E+06,1.88425786E-02,7.24600157E-04,-1.90869005E+08,-7.34246022E+06,-7.41317972E+04,-4.72740637E+03,-0.00000000E+00,-0.00000000E+00,3.33630671E-38,1.42706976E-39,-0.00000000E+00,-0.00000000E+00,3.33630671E-38,1.42706976E-39,-6.07986291E+04,-2.39962224E+03,-2.19843318E+04,-9.16994894E+02,2.53327678E+06,9.99842828E+04,2.50000000E+06,1.00000000E+05,7.76993093E+06,1.63140038E+09
2.70000000E+01,1.00000000E+00,2.32000000E-01,1.39977946E+08,3.08933294E+05,1.31583183E-08,-0.00000000E+00,-0.00000000E+00,-8.84746848E-31,-3.81311934E-32,1.95641388E+08,7.24489208E+06,1.95671805E-02,7.24601914E-04,-1.98211483E+08,-7.34247774E+06,-7.88592215E+04,-4.72743007E+03,-0.00000000E+00,-0.00000000E+00,3.47901372E-38,1.42707021E-39,-0.00000000E+00,-0.00000000E+00,3.47901372E-38,1.42707021E-39,-6.31982513E+04,-2.39962223E+03,-2.29013263E+04,-9.16994176E+02,2.63326107E+06,9.99842824E+04,2.60000000E+06,1.00000000E+05,7.76993087E+06,1.63140038E+09
2.80000000E+01,1.00000000E+00,2.32000000E-01,1.39977945E+08,3.08933224E+05,9.78969210E-09,-0.00000000E+00,-0.00000000E+00,-9.22878036E-31,-3.81311848E-32,2.02886298E+08,7.24490958E+06,2.02917841E-02,7.24603669E-04,-2.05553978E+08,-7.34249524E+06,-8.35866686E+04,-4.72745259E+03,-0.00000000E+00,-0.00000000E+00,3.62172074E-38,1.42707008E-39,-0.00000000E+00,-0.00000000E+00,3.62172074E-38,1.42707008E-39,-6.55978736E+04,-2.39962222E+03,-2.38183200E+04,-9.16993459E+02,2.73324535E+06,9.99842821E+04,2.70000000E+06,1.00000000E+05,7.76993082E+06,1.63140038E+09
2.90000000E+01,1.00000000E+00,2.32000000E-01,1.39977944E+08,3.08933155E+05,7.28345898E-09,-0.00000000E+00,-0.00000000E+00,-9.61009216E-31,-3.81311762E-32,2.10131225E+08,7.24492707E+06,2.10163896E-02,7.24605424E-04,-2.12896491E+08,-7.34251273E+06,-8.83141380E+04,-4.72747474E+03,-0.00000000E+00,-0.00000000E+00,3.76442772E-38,1.42706969E-39,-0.00000000E+00,-0.00000000E+00,3.76442772E-38,1.42706969E-39,-6.79974958E+04,-2.39962222E+03,-2.47353131E+04,-9.16992741E+02,2.83322963E+06,9.99842818E+04,2.80000000E+06,1.00000000E+05,7.76993076E+06,1.63140038E+09
3.00000000E+01,1.00000000E+00,2.32000000E-01,1.39977943E+08,3.08933085E+05,5.41883995E-09,-0.00000000E+00,-0.00000000E+00,-9.99140387E-31,-3.81311676E-32,2.17376169E+08,7.24494455E+06,2.17409967E-02,7.24607177E-04,-2.20239021E+08,-7.34253020E+06,-9.30416294E+04,-4.72749679E+03,-0.00000000E+00,-0.00000000E+00,3.90713466E-38,1.42706919E-39,-0.00000000E+00,-0.00000000E+00,3.90713466E-38,1.42706919E-39,-7.03971180E+04,-2.39962221E+03,-2.56523054E+04,-9.16992024E+02,2.93321391E+06,9.99842814E+04,2.90000000E+06,1.00000000E+05,7.76993071E+06,1.63140038E+09
3.10000000E+01,1.00000000E+00,2.32000000E-01,1.39977942E+08,3.08933015E+05,4.03157710E-09,-0.00000000E+00,-0.00000000E+00,-1.03727155E-30,-3.81311590E-32,2.24621131E+08,7.24496201E+06,2.24656057E-02,7.24608929E-04,-2.27581568E+08,-7.34254767E+06,-9.77691429E+04,-4.72751880E+03,-0.00000000E+00,-0.00000000E+00,4.04984154E-38,1.42706863E-39,-0.00000000E+00,-0.00000000E+00,4.04984154E-38,1.42706863E-39,-7.27967402E+04,-2.39962220E+03,-2.65692970E+04,-9.16991307E+02,3.03319819E+06,9.99842811E+04,3.00000000E+06,1.00000000E+05,7.76993065E+06,1.63140038E+09
3.20000000E+01,1.00000000E+00,2.32000000E-01,1.39977941E+08,3.08932945E+05,2.99946373E-09,-0.00000000E+00,-0.00000000E+00,-1.07540270E-30,-3.81311504E-32,2.31866111E+08,7.24497947E+06,2.31902164E-02,7.24610680E-04,-2.34924134E+08,-7.34256512E+06,-1.02496678E+05,-4.72754080E+03,-0.00000000E+00,-0.00000000E+00,4.19254837E-38,1.42706806E-39,-0.00000000E+00,-0.00000000E+00,4.19254837E-38,1.42706806E-39,-7.51963624E+04,-2.39962219E+03,-2.74862879E+04,-9.16990590E+02,3.13318247E+06,9.99842807E+04,3.10000000E+06,1.00000000E+05,7.76993060E+06,1.63140038E+09
3.30000000E+01,1.00000000E+00,2.32000000E-01,1.39977940E+08,3.08932876E+05,2.23157897E-09,-0.00000000E+00,-0.00000000E+00,-1.11353385E-30,-3.81311418E-32,2.39111108E+08,7.24499691E+06,2.39148288E-02,7.24612430E-04,-2.42266716E+08,-7.34258256E+06,-1.07224236E+05,-4.72756279E+03,-0.00000000E+00,-0.00000000E+00,4.33525514E-38,1.42706749E-39,-0.00000000E+00,-0.00000000E+00,4.33525514E-38,1.42706749E-39,-7.75959846E+04,-2.39962218E+03,-2.84032781E+04,-9.16989873E+02,3.23316675E+06,9.99842804E+04,3.20000000E+06,1.00000000E+05,7.76993054E+06,1.63140038E+09
3.40000000E+01,1.00000000E+00,2.32000000E-01,1.39977939E+08,3.08932806E+05,1.66027835E-09,-0.00000000E+00,-0.00000000E+00,-1.15166498E-30,-3.81311332E-32,2.46356122E+08,7.24501434E+06,2.46394430E-02,7.24614178E-04,-2.49609316E+08,-7.34259999E+06,-1.11951815E+05,-4.72758478E+03,-0.00000000E+00,-0.00000000E+00,4.47796185E-38,1.42706692E-39,-0.00000000E+00,-0.00000000E+00,4.47796185E-38,1.42706692E-39,-7.99956067E+04,-2.39962217E+03,-2.93202675E+04,-9.16989156E+02,3.33315103E+06,9.99842800E+04,3.30000000E+06,1.00000000E+05,7.76993049E+06,1.63140038E+09
3.50000000E+01,1.00000000E+00,2.32000000E-01,1.39977938E+08,3.08932736E+05,1.23523489E-09,-0.00000000E+00,-0.00000000E+00,-1.18979611E-30,-3.81311246E-32,2.53601154E+08,7.24503176E+06,2.53640589E-02,7.24615926E-04,-2.56951933E+08,-7.34261741E+06,-1.16679417E+05,-4.72760676E+03,-0.00000000E+00,-0.00000000E+00,4.62066851E-38,1.42706634E-39,-0.00000000E+00,-0.00000000E+00,4.62066851E-38,1.42706634E-39,-8.23952289E+04,-2.39962217E+03,-3.02372563E+04,-9.16988440E+02,3.43313531E+06,9.99842797E+04,3.40000000E+06,1.00000000E+05,7.76993043E+06,1.63140038E+09
3.60000000E+01,1.00000000E+00,2.32000000E-01,1.39977937E+08,3.08932667E+05,9.19005683E-10,-0.00000000E+00,-0.00000000E+00,-1.22792723E-30,-3.81311160E-32,2.60846203E+08,7.24504916E+06,2.60886766E-02,7.24617672E-04,-2.64294568E+08,-7.34263481E+06,-1.21407040E+05,-4.72762874E+03,-0.00000000E+00,-0.00000000E+00,4.76337511E-38,1.42706578E-39,-0.00000000E+00,-0.00000000E+00,4.76337511E-38,1.42706578E-39,-8.47948511E+04,-2.39962216E+03,-3.11542443E+04,-9.16987724E+02,3.53311959E+06,9.99842794E+04,3.50000000E+06,1.00000000E+05,7.76993038E+06,1.63140038E+09
3.70000000E+01,1.00000000E+00,2.32000000E-01,1.39977936E+08,3.08932597E+05,6.83733474E-10,-0.00000000E+00,-0.00000000E+00,-1.26605834E-30,-3.81311074E-32,2.68091269E+08,7.24506656E+06,2.68132960E-02,7.24619416E-04,-2.71637220E+08,-7.34265221E+06,-1.26134686E+05,-4.72765071E+03,-0.00000000E+00,-0.00000000E+00,4.90608165E-38,1.42706521E-39,-0.00000000E+00,-0.00000000E+00,4.90608165E-38,1.42706521E-39,-8.71944732E+04,-2.39962215E+03,-3.20712316E+04,-9.16987008E+02,3.63310387E+06,9.99842790E+04,3.60000000E+06,1.00000000E+05,7.76993032E+06,1.63140037E+09
3.80000000E+01,1.00000000E+00,2.32000000E-01,1.39977936E+08,3.08932527E+05,5.08692680E-10,-0.00000000E+00,-0.00000000E+00,-1.30418944E-30,-3.81310988E-32,2.75336353E+08,7.24508394E+06,2.75379171E-02,7.24621160E-04,-2.78979890E+08,-7.34266959E+06,-1.30862353E+05,-4.72767267E+03,-0.00000000E+00,-0.00000000E+00,5.04878813E-38,1.42706465E-39,-0.00000000E+00,-0.00000000E+00,5.04878813E-38,1.42706465E-39,-8.95940954E+04,-2.39962214E+03,-3.29882182E+04,-9.16986292E+02,3.73308815E+06,9.99842787E+04,3.70000000E+06,1.00000000E+05,7.76993027E+06,1.63140037E+09
3.90000000E+01,1.00000000E+00,2.32000000E-01,1.39977935E+08,3.08932458E+05,3.78463615E-10,-0.00000000E+00,-0.00000000E+00,-1.34232054E-30,-3.81310902E-32,2.82581455E+08,7.24510131E+06,2.82625400E-02,7.24622902E-04,-2.86322577E+08,-7.34268695E+06,-1.35590042E+05,-4.72769463E+03,-0.00000000E+00,-0.00000000E+00,5.19149456E-38,1.42706409E-39,-0.00000000E+00,-0.00000000E+00,5.19149456E-38,1.42706409E-39,-9.19937175E+04,-2.39962213E+03,-3.39052041E+04,-9.16985576E+02,3.83307243E+06,9.99842783E+04,3.80000000E+06,1.00000000E+05,7.76993021E+06,1.63140037E+09
4.00000000E+01,1.00000000E+00,2.32000000E-01,1.39977934E+08,3.08932388E+05,2.81574148E-10,-0.00000000E+00,-0.00000000E+00,-1.38045162E-30,-3.81310816E-32,2.89826573E+08,7.24511866E+06,2.89871647E-02,7.24624644E-04,-2.93665281E+08,-7.34270431E+06,-1.40317754E+05,-4.72771659E+03,-0.00000000E+00,-0.00000000E+00,5.33420094E-38,1.42706353E-39,-0.00000000E+00,-0.00000000E+00,5.33420094E-38,1.42706353E-39,-9.43933396E+04,-2.39962212E+03,-3.48221892E+04,-9.16984861E+02,3.93305671E+06,9.99842780E+04,3.90000000E+06,1.00000000E+05,7.76993016E+06,1.63140037E+09
4.10000000E+01,1.00000000E+00,2.32000000E-01,1.39977933E+08,3.08932319E+05,2.09489097E-10,-0.00000000E+00,-0.00000000E+00,-1.41858270E-30,-3.81310730E-32,2.97071709E+08,7.24513601E+06,2.97117911E-02,7.24626384E-04,-3.01008003E+08,-7.34272166E+06,-1.45045487E+05,-4.72773853E+03,-0.00000000E+00,-0.00000000E+00,5.47690725E-38,1.42706298E-39,-0.00000000E+00,-0.00000000E+00,5.47690725E-38,1.42706298E-39,-9.67929617E+04,-2.39962211E+03,-3.57391737E+04,-9.16984146E+02,4.03304099E+06,9.99842777E+04,4.00000000E+06,1.00000000E+05,7.76993010E+06,1.63140037E+09
4.20000000E+01,1.00000000E+00,2.32000000E-01,1.39977932E+08,3.08932249E+05,1.55858349E-10,-0.00000000E+00,-0.00000000E+00,-1.45671377E-30,-3.81310644E-32,3.04316863E+08,7.24515334E+06,3.04364192E-02,7.24628122E-04,-3.08350742E+08,-7.34273899E+06,-1.49773242E+05,-4.72776047E+03,-0.00000000E+00,-0.00000000E+00,5.61961352E-38,1.42706243E-39,-0.00000000E+00,-0.00000000E+00,5.61961352E-38,1.42706243E-39,-9.91925838E+04,-2.39962211E+03,-3.66561574E+04,-9.16983430E+02,4.13302526E+06,9.99842773E+04,4.10000000E+06,1.00000000E+05,7.76993005E+06,1.63140037E+09
4.30000000E+01,1.00000000E+00,2.32000000E-01,1.39977931E+08,3.08932180E+05,1.15957466E-10,-0.00000000E+00,-0.00000000E+00,-1.49484483E-30,-3.81310559E-32,3.11562033E+08,7.24517067E+06,3.11610490E-02,7.24629860E-04,-3.15693498E+08,-7.34275631E+06,-1.54501019E+05,-4.72778241E+03,-0.00000000E+00,-0.00000000E+00,5.76231973E-38,1.42706188E-39,-0.00000000E+00,-0.00000000E+00,5.76231973E-38,1.42706188E-39,-1.01592206E+05,-2.39962210E+03,-3.75731404E+04,-9.16982716E+02,4.23300954E+06,9.99842770E+04,4.20000000E+06,1.00000000E+05,7.76992999E+06,1.63140037E+09
4.40000000E+01,1.00000000E+00,2.32000000E-01,1.39977930E+08,3.08932110E+05,8.62715024E-11,-0.00000000E+00,-0.00000000E+00,-1.53297588E-30,-3.81310473E-32,3.18807221E+08,7.24518798E+06,3.18856806E-02,7.24631597E-04,-3.23036272E+08,-7.34277362E+06,-1.59228818E+05,-4.72780434E+03,-0.00000000E+00,-0.00000000E+00,5.90502588E-38,1.42706134E-39,-0.00000000E+00,-0.00000000E+00,5.90502588E-38,1.42706134E-39,-1.03991828E+05,-2.39962209E+03,-3.84901227E+04,-9.16982001E+02,4.33299382E+06,9.99842766E+04,4.30000000E+06,1.00000000E+05,7.76992994E+06,1.63140037E+09
4.50000000E+01,1.00000000E+00,2.32000000E-01,1.39977929E+08,3.08932041E+05,6.41853638E-11,-0.00000000E+00,-0.00000000E+00,-1.57110692E-30,-3.81310387E-32,3.26052427E+08,7.24520528E+06,3.26103140E-02,7.24633332E-04,-3.30379063E+08,-7.34279092E+06,-1.63956639E+05,-4.72782627E+03,-0.00000000E+00,-0.00000000E+00,6.04773198E-38,1.42706080E-39,-0.00000000E+00,-0.00000000E+00,6.04773198E-38,1.42706080E-39,-1.06391450E+05,-2.39962208E+03,-3.94071043E+04,-9.16981286E+02,4.43297809E+06,9.99842763E+04,4.40000000E+06,1.00000000E+05,7.76992988E+06,1.63140037E+09
4.60000000E+01,1.00000000E+00,2.32000000E-01,1.39977928E+08,3.08931971E+05,4.77534390E-11,-0.00000000E+00,-0.00000000E+00,-1.60923795E-30,-3.81310301E-32,3.33297649E+08,7.24522256E+06,3.33349490E-02,7.24635066E-04,-3.37721871E+08,-7.34280821E+06,-1.68684482E+05,-4.72784819E+03,-0.00000000E+00,-0.00000000E+00,6.19043803E-38,1.42706026E-39,-0.00000000E+00,-0.00000000E+00,6.19043803E-38,1.42706026E-39,-1.08791072E+05,-2.39962207E+03,-4.03240852E+04,-9.16980572E+02,4.53296237E+06,9.99842760E+04,4.50000000E+06,1.00000000E+05,7.76992983E+06,1.63140037E+09
4.70000000E+01,1.00000000E+00,2.32000000E-01,1.39977927E+08,3.08931902E+05,3.55282077E-11,-0.00000000E+00,-0.00000000E+00,-1.64736898E-30,-3.81310216E-32,3.40542889E+08,7.24523984E+06,3.40595858E-02,7.24636799E-04,-3.45064697E+08,-7.34282548E+06,-1.73412347E+05,-4.72787010E+03,-0.00000000E+00,-0.00000000E+00,6.33314402E-38,1.42705973E-39,-0.00000000E+00,-0.00000000E+00,6.33314402E-38,1.42705973E-39,-1.11190694E+05,-2.39962206E+03,-4.12410653E+04,-9.16979858E+02,4.63294664E+06,9.99842756E+04,4.60000000E+06,1.00000000E+05,7.76992977E+06,1.63140037E+09
4.80000000E+01,1.00000000E+00,2.32000000E-01,1.39977926E+08,3.08931832E+05,2.64327254E-11,-0.00000000E+00,-0.00000000E+00,-1.68549999E-30,-3.81310130E-32,3.47788146E+08,7.24525710E+06,3.47842244E-02,7.24638531E-04,-3.52407539E+08,-7.34284274E+06,-1.78140234E+05,-4.72789201E+03,-0.00000000E+00,-0.00000000E+00,6.47584996E-38,1.42705920E-39,-0.00000000E+00,-0.00000000E+00,6.47584996E-38,1.42705920E-39,-1.13590316E+05,-2.39962206E+03,-4.21580448E+04,-9.16979144E+02,4.73293092E+06,9.99842753E+04,4.70000000E+06,1.00000000E+05,7.76992972E+06,1.63140037E+09
4.90000000E+01,1.00000000E+00,2.32000000E-01,1.39977925E+08,3.08931763E+05,1.96657535E-11,-0.00000000E+00,-0.00000000E+00,-1.72363100E-30,-3.81310044E-32,3.55033420E+08,7.24527436E+06,3.55088646E-02,7.24640262E-04,-3.59750399E+08,-7.34286000E+06,-1.82868142E+05,-4.72791391E+03,-0.00000000E+00,-0.00000000E+00,6.61855585E-38,1.42705867E-39,-0.00000000E+00,-0.00000000E+00,6.61855585E-38,1.42705867E-39,-1.15989938E+05,-2.39962205E+03,-4.30750235E+04,-9.16978430E+02,4.83291519E+06,9.99842749E+04,4.80000000E+06,1.00000000E+05,7.76992966E+06,1.63140037E+09
5.00000000E+01,1.00000000E+00,2.32000000E-01,1.39977924E+08,3.08931693E+05,1.46311761E-11,-0.00000000E+00,-0.00000000E+00,-1.76176200E-30,-3.81309958E-32,3.62278712E+08,7.24529160E+06,3.62335066E-02,7.24641991E-04,-3.67093276E+08,-7.34287724E+06,-1.87596073E+05,-4.72793580E+03,-0.00000000E+00,-0.00000000E+00,6.76126168E-38,1.42705815E-39,-0.00000000E+00,-0.00000000E+00,6.76126168E-38,1.42705815E-39,-1.18389560E+05,-2.39962204E+03,-4.39920015E+04,-9.16977717E+02,4.93289947E+06,9.99842746E+04,4.90000000E+06,1.00000000E+05,7.76992961E+06,1.63140037E+09
