Time [d],dt_flow [d],dt_tran [d],Global Water Mass in Liquid Phas [kg],Global Vaq [mol],Global Vim [mol],Top Water Mass [kg],Top Water Mass [kg/d],Top Vaq [mol],Top Vaq [mol/d],Right Water Mass [kg],Right Water Mass [kg/d],Right Vaq [mol],Right Vaq [mol/d],Left Water Mass [kg],Left Water Mass [kg/d],Left Vaq [mol],Left Vaq [mol/d],North Water Mass [kg],North Water Mass [kg/d],North Vaq [mol],North Vaq [mol/d],South Water Mass [kg],South Water Mass [kg/d],South Vaq [mol],South Vaq [mol/d],ExtractWell Water Mass [kg],ExtractWell Water Mass [kg/d],ExtractWell Vaq [mol],ExtractWell Vaq [mol/d],InjectWell Water Mass [kg],InjectWell Water Mass [kg/d],InjectWell Vaq [mol],InjectWell Vaq [mol/d],Region Region__all Water Mass [kg],Region Region__all Total Mass [kg]
1.00000000E+00,4.89000000E-01,1.05000000E-01,1.39977934E+08,1.04836029E-02,2.97108677E-05,-0.00000000E+00,-0.00000000E+00,2.67706381E-40,4.34023874E-40,6.11620685E+06,6.10426029E+06,6.11716094E-04,6.10521253E-04,-6.14906941E+06,-6.15412705E+06,-5.17919400E-04,-4.57183882E-04,-0.00000000E+00,-0.00000000E+00,2.66071125E-40,4.31397021E-40,-0.00000000E+00,-0.00000000E+00,2.66071125E-40,4.31397021E-40,-8.08070217E+02,-1.22620670E+03,-6.49146230E-08,-9.10947784E-08,3.36696146E+04,5.10919797E+04,3.36749000E-06,5.11000000E-06,7.76993017E+06,1.63109144E+09
2.00000000E+00,4.88000000E-01,4.00000000E-02,1.39977933E+08,8.51369714E+04,2.19851824E-05,-0.00000000E+00,-0.00000000E+00,-6.00644921E-33,-1.05083330E-32,1.21869370E+07,6.07073481E+06,1.21888381E-03,6.07168185E-04,-1.23173852E+07,-6.16832082E+06,-9.08049552E-04,-3.39083053E-04,-0.00000000E+00,-0.00000000E+00,8.76226180E-40,7.42131841E-40,-0.00000000E+00,-0.00000000E+00,8.76226180E-40,7.42131841E-40,-3.20769193E+03,-2.39962171E+03,-7.59909753E-02,-3.63011837E-01,1.33653920E+05,9.99843057E+04,1.00000000E+05,1.00000000E+05,7.76993012E+06,1.63117658E+09
3.00000000E+00,1.00000000E+00,4.00000000E-02,1.39977932E+08,1.48048152E+05,1.62759056E-05,-0.00000000E+00,-0.00000000E+00,-2.09926088E-32,-1.82733702E-32,1.82576904E+07,6.07075346E+06,1.82605386E-03,6.07170053E-04,-1.84857246E+07,-6.16833941E+06,-1.19636079E-03,-2.51050155E-04,-0.00000000E+00,-0.00000000E+00,1.74562798E-39,9.61376431E-40,-0.00000000E+00,-0.00000000E+00,1.74562798E-39,9.61376431E-40,-5.60731362E+03,-2.39962169E+03,-5.63927936E+00,-1.46735401E+01,2.33638226E+05,9.99843054E+04,2.00000000E+05,1.00000000E+05,7.76993005E+06,1.63123949E+09
4.00000000E+00,1.00000000E+00,4.00000000E-02,1.39977930E+08,1.94586619E+05,1.20492566E-05,-0.00000000E+00,-0.00000000E+00,-4.25790225E-32,-2.40175467E-32,2.43284617E+07,6.07077122E+06,2.43322570E-03,6.07171833E-04,-2.46540817E+07,-6.16835711E+06,-1.41220721E-03,-1.95755414E-04,-0.00000000E+00,-0.00000000E+00,2.79681595E-39,1.11604068E-39,-0.00000000E+00,-0.00000000E+00,2.79681595E-39,1.11604068E-39,-8.00693530E+03,-2.39962168E+03,-5.15874163E+01,-8.03243323E+01,3.33622531E+05,9.99843051E+04,3.00000000E+05,1.00000000E+05,7.76992998E+06,1.63128603E+09
5.00000000E+00,1.00000000E+00,4.00000000E-02,1.39977929E+08,2.28961070E+05,8.92021550E-06,-0.00000000E+00,-0.00000000E+00,-6.90442190E-32,-2.82603361E-32,3.03992498E+07,6.07078809E+06,3.04039922E-03,6.07173523E-04,-3.08224556E+07,-6.16837392E+06,-1.81048774E-03,-9.34657489E-04,-0.00000000E+00,-0.00000000E+00,3.97607843E-39,1.22487436E-39,-0.00000000E+00,-0.00000000E+00,3.97607843E-39,1.22487436E-39,-1.04065570E+04,-2.39962167E+03,-1.89003755E+02,-1.85528559E+02,4.33606836E+05,9.99843048E+04,4.00000000E+05,1.00000000E+05,7.76992991E+06,1.63132040E+09
6.00000000E+00,1.00000000E+00,4.00000000E-02,1.39977928E+08,2.54323225E+05,6.60374717E-06,-0.00000000E+00,-0.00000000E+00,-9.91105853E-32,-3.13907507E-32,3.64700538E+07,6.07080406E+06,3.64757434E-03,6.07175123E-04,-3.69908455E+07,-6.16838983E+06,-9.75148350E-03,-2.15194703E-02,-0.00000000E+00,-0.00000000E+00,5.24533491E-39,1.30124466E-39,-0.00000000E+00,-0.00000000E+00,5.24533491E-39,1.30124466E-39,-1.28061786E+04,-2.39962166E+03,-4.27613458E+02,-2.76552304E+02,5.33591140E+05,9.99843045E+04,5.00000000E+05,1.00000000E+05,7.76992985E+06,1.63134577E+09
7.00000000E+00,1.00000000E+00,4.00000000E-02,1.39977927E+08,2.73040207E+05,4.88883668E-06,-0.00000000E+00,-0.00000000E+00,-1.31834014E-31,-3.37009609E-32,4.25408730E+07,6.07081916E+06,4.25475098E-03,6.07176637E-04,-4.31592504E+07,-6.16840488E+06,-1.26053850E-01,-2.68955623E-01,-0.00000000E+00,-0.00000000E+00,6.57764055E-39,1.35466783E-39,-0.00000000E+00,-0.00000000E+00,6.57764055E-39,1.35466783E-39,-1.52058003E+04,-2.39962165E+03,-7.36386667E+02,-3.29399039E+02,6.33575445E+05,9.99843043E+04,6.00000000E+05,1.00000000E+05,7.76992980E+06,1.63136448E+09
8.00000000E+00,1.00000000E+00,4.00000000E-02,1.39977926E+08,2.86866512E+05,3.61926698E-06,-0.00000000E+00,-0.00000000E+00,-1.66519291E-31,-3.54075221E-32,4.86117064E+07,6.07083344E+06,4.86192905E-03,6.07178069E-04,-4.93276695E+07,-6.16841910E+06,-1.09145292E+00,-1.93078088E+00,-0.00000000E+00,-0.00000000E+00,7.95397164E-39,1.39190798E-39,-0.00000000E+00,-0.00000000E+00,7.95397164E-39,1.39190798E-39,-1.76054219E+04,-2.39962164E+03,-1.08039590E+03,-3.52655672E+02,7.33559749E+05,9.99843041E+04,7.00000000E+05,1.00000000E+05,7.76992974E+06,1.63137831E+09
9.00000000E+00,1.00000000E+00,4.00000000E-02,1.39977925E+08,2.97087020E+05,2.67938864E-06,-0.00000000E+00,-0.00000000E+00,-2.02654404E-31,-3.66690248E-32,5.46825534E+07,6.07084697E+06,5.46910847E-03,6.07179424E-04,-5.54961020E+07,-6.16843257E+06,-6.22322002E+00,-9.05464398E+00,-0.00000000E+00,-0.00000000E+00,9.36092982E-39,1.41776468E-39,-0.00000000E+00,-0.00000000E+00,9.36092982E-39,1.41776468E-39,-2.00050435E+04,-2.39962163E+03,-1.43841482E+03,-3.61012765E+02,8.33544052E+05,9.99843039E+04,8.00000000E+05,1.00000000E+05,7.76992969E+06,1.63138853E+09
1.00000000E+01,1.00000000E+00,4.00000000E-02,1.39977924E+08,3.04637261E+05,1.98358495E-06,-0.00000000E+00,-0.00000000E+00,-2.39861059E-31,-3.76009402E-32,6.07534132E+07,6.07085981E+06,6.07628919E-03,6.07180712E-04,-6.16645474E+07,-6.16844537E+06,-2.54192712E+01,-3.04189054E+01,-0.00000000E+00,-0.00000000E+00,1.07891043E-38,1.43563696E-39,-0.00000000E+00,-0.00000000E+00,1.07891043E-38,1.43563696E-39,-2.24046652E+04,-2.39962163E+03,-1.80110598E+03,-3.63586785E+02,9.33528356E+05,9.99843036E+04,9.00000000E+05,1.00000000E+05,7.76992964E+06,1.63139608E+09
1.10000000E+01,1.00000000E+00,4.00000000E-02,1.39977923E+08,3.10136232E+05,1.47372213E-06,-0.00000000E+00,-0.00000000E+00,-2.77880795E-31,-3.82796703E-32,6.68242853E+07,6.07087208E+06,6.68347113E-03,6.07181942E-04,-6.78330050E+07,-6.16845760E+06,-8.25465802E+01,-7.98698396E+01,-0.00000000E+00,-0.00000000E+00,1.22322936E-38,1.44777577E-39,-0.00000000E+00,-0.00000000E+00,1.22322936E-38,1.44777577E-39,-2.48042868E+04,-2.39962162E+03,-2.16516750E+03,-3.64272701E+02,1.03351266E+06,9.99843034E+04,1.00000000E+06,1.00000000E+05,7.76992960E+06,1.63140158E+09
1.20000000E+01,1.00000000E+00,1.04000000E-01,1.39977923E+08,3.14158346E+05,1.09516842E-06,-0.00000000E+00,-0.00000000E+00,-3.16468561E-31,-3.87761142E-32,7.28951691E+07,6.07088386E+06,7.29065425E-03,6.07183124E-04,-7.40014743E+07,-6.16846935E+06,-2.10601880E+02,-1.65827715E+02,-0.00000000E+00,-0.00000000E+00,1.36852810E-38,1.45611082E-39,-0.00000000E+00,-0.00000000E+00,1.36852810E-38,1.45611082E-39,-2.72039084E+04,-2.39962161E+03,-2.52956745E+03,-3.64454562E+02,1.13349696E+06,9.99843032E+04,1.10000000E+06,1.00000000E+05,7.76992955E+06,1.63140560E+09
1.30000000E+01,1.00000000E+00,2.32000000E-01,1.39977922E+08,3.17044801E+05,8.14797240E-07,-0.00000000E+00,-0.00000000E+00,-3.55471012E-31,-3.91323852E-32,7.89660644E+07,6.07089526E+06,7.89783852E-03,6.07184267E-04,-8.01699551E+07,-6.16848072E+06,-4.48092077E+02,-2.87489436E+02,-0.00000000E+00,-0.00000000E+00,1.51450129E-38,1.46177910E-39,-0.00000000E+00,-0.00000000E+00,1.51450129E-38,1.46177910E-39,-2.96035300E+04,-2.39962161E+03,-2.89405429E+03,-3.64499729E+02,1.23348127E+06,9.99843030E+04,1.20000000E+06,1.00000000E+05,7.76992951E+06,1.63140849E+09
1.40000000E+01,1.00000000E+00,2.32000000E-01,1.39977921E+08,3.19077196E+05,6.06203153E-07,-0.00000000E+00,-0.00000000E+00,-3.94763307E-31,-3.93832407E-32,8.50369708E+07,6.07090636E+06,8.50502390E-03,6.07185380E-04,-8.63384469E+07,-6.16849180E+06,-8.22401991E+02,-4.31896669E+02,-0.00000000E+00,-0.00000000E+00,1.66092528E-38,1.46562717E-39,-0.00000000E+00,-0.00000000E+00,1.66092528E-38,1.46562717E-39,-3.20031516E+04,-2.39962160E+03,-3.25856196E+03,-3.64510787E+02,1.33346557E+06,9.99843028E+04,1.30000000E+06,1.00000000E+05,7.76992947E+06,1.63141052E+09
1.50000000E+01,1.00000000E+00,2.32000000E-01,1.39977920E+08,3.20464700E+05,4.51010690E-07,-0.00000000E+00,-0.00000000E+00,-4.34256173E-31,-3.95544984E-32,9.11078880E+07,6.07091723E+06,9.11221037E-03,6.07186470E-04,-9.25069495E+07,-6.16850265E+06,-1.34528513E+03,-5.80698952E+02,-0.00000000E+00,-0.00000000E+00,1.80765376E-38,1.46821623E-39,-0.00000000E+00,-0.00000000E+00,1.80765376E-38,1.46821623E-39,-3.44027732E+04,-2.39962160E+03,-3.62307465E+03,-3.64513436E+02,1.43344987E+06,9.99843025E+04,1.40000000E+06,1.00000000E+05,7.76992943E+06,1.63141191E+09
1.60000000E+01,1.00000000E+00,2.32000000E-01,1.39977920E+08,3.21378110E+05,3.35548639E-07,-0.00000000E+00,-0.00000000E+00,-4.73883178E-31,-3.96672393E-32,9.71788159E+07,6.07092794E+06,9.71939791E-03,6.07187544E-04,-9.86754629E+07,-6.16851335E+06,-2.01033307E+03,-7.16701473E+02,-0.00000000E+00,-0.00000000E+00,1.95458590E-38,1.46993999E-39,-0.00000000E+00,-0.00000000E+00,1.95458590E-38,1.46993999E-39,-3.68023948E+04,-2.39962159E+03,-3.98758857E+03,-3.64514103E+02,1.53343417E+06,9.99843023E+04,1.50000000E+06,1.00000000E+05,7.76992939E+06,1.63141282E+09
1.70000000E+01,1.00000000E+00,2.32000000E-01,1.39977919E+08,3.21955879E+05,2.49645721E-07,-0.00000000E+00,-0.00000000E+00,-5.13596509E-31,-3.97385525E-32,1.03249754E+08,6.07093853E+06,1.03265865E-02,6.07188606E-04,-1.04843987E+08,-6.16852393E+06,-2.79740881E+03,-8.28804344E+02,-0.00000000E+00,-0.00000000E+00,2.10165270E-38,1.47107372E-39,-0.00000000E+00,-0.00000000E+00,2.10165270E-38,1.47107372E-39,-3.92020164E+04,-2.39962158E+03,-4.35210282E+03,-3.64514316E+02,1.63341848E+06,9.99843021E+04,1.60000000E+06,1.00000000E+05,7.76992935E+06,1.63141340E+09
1.80000000E+01,1.00000000E+00,2.32000000E-01,1.39977918E+08,3.22306396E+05,1.85734582E-07,-0.00000000E+00,-0.00000000E+00,-5.53363166E-31,-3.97818163E-32,1.09320703E+08,6.07094903E+06,1.09337762E-02,6.07189660E-04,-1.11012521E+08,-6.16853443E+06,-3.67978040E+03,-9.13244788E+02,-0.00000000E+00,-0.00000000E+00,2.24880737E-38,1.47180900E-39,-0.00000000E+00,-0.00000000E+00,2.24880737E-38,1.47180900E-39,-4.16016380E+04,-2.39962158E+03,-4.71661722E+03,-3.64514428E+02,1.73340278E+06,9.99843019E+04,1.70000000E+06,1.00000000E+05,7.76992931E+06,1.63141375E+09
1.90000000E+01,1.00000000E+00,2.32000000E-01,1.39977918E+08,3.22510265E+05,1.38185164E-07,-0.00000000E+00,-0.00000000E+00,-5.93161410E-31,-3.98069796E-32,1.15391663E+08,6.07095948E+06,1.15409669E-02,6.07190708E-04,-1.17181066E+08,-6.16854487E+06,-4.63063709E+03,-9.71993621E+02,-0.00000000E+00,-0.00000000E+00,2.39601853E-38,1.47227837E-39,-0.00000000E+00,-0.00000000E+00,2.39601853E-38,1.47227837E-39,-4.40012595E+04,-2.39962157E+03,-5.08113171E+03,-3.64514517E+02,1.83338708E+06,9.99843017E+04,1.80000000E+06,1.00000000E+05,7.76992927E+06,1.63141395E+09
2.00000000E+01,1.00000000E+00,2.32000000E-01,1.39977917E+08,3.22624009E+05,1.02808746E-07,-0.00000000E+00,-0.00000000E+00,-6.32977600E-31,-3.98210188E-32,1.21462633E+08,6.07096989E+06,1.21481586E-02,6.07191752E-04,-1.23349621E+08,-6.16855528E+06,-5.62721382E+03,-1.01008302E+03,-0.00000000E+00,-0.00000000E+00,2.54326539E-38,1.47257277E-39,-0.00000000E+00,-0.00000000E+00,2.54326539E-38,1.47257277E-39,-4.64008811E+04,-2.39962157E+03,-5.44564628E+03,-3.64514600E+02,1.93337138E+06,9.99843014E+04,1.90000000E+06,1.00000000E+05,7.76992923E+06,1.63141407E+09
2.10000000E+01,1.00000000E+00,2.32000000E-01,1.39977916E+08,3.22684957E+05,7.64889518E-08,-0.00000000E+00,-0.00000000E+00,-6.72803577E-31,-3.98285415E-32,1.27533613E+08,6.07098027E+06,1.27553514E-02,6.07192794E-04,-1.29518187E+08,-6.16856565E+06,-6.65236760E+03,-1.03326689E+03,-0.00000000E+00,-0.00000000E+00,2.69053439E-38,1.47275391E-39,-0.00000000E+00,-0.00000000E+00,2.69053439E-38,1.47275391E-39,-4.88005027E+04,-2.39962156E+03,-5.81016094E+03,-3.64514681E+02,2.03335568E+06,9.99843012E+04,2.00000000E+06,1.00000000E+05,7.76992919E+06,1.63141413E+09
2.20000000E+01,1.00000000E+00,2.32000000E-01,1.39977915E+08,3.22716371E+05,5.69072180E-08,-0.00000000E+00,-0.00000000E+00,-7.12634685E-31,-3.98324190E-32,1.33604604E+08,6.07099063E+06,1.33625453E-02,6.07193833E-04,-1.35686763E+08,-6.16857601E+06,-7.69435662E+03,-1.04659855E+03,-0.00000000E+00,-0.00000000E+00,2.83781687E-38,1.47286308E-39,-0.00000000E+00,-0.00000000E+00,2.83781687E-38,1.47286308E-39,-5.12001242E+04,-2.39962156E+03,-6.17467568E+03,-3.64514762E+02,2.13333998E+06,9.99843010E+04,2.10000000E+06,1.00000000E+05,7.76992915E+06,1.63141416E+09
2.30000000E+01,1.00000000E+00,2.32000000E-01,1.39977915E+08,3.22731974E+05,4.23385519E-08,-0.00000000E+00,-0.00000000E+00,-7.52468385E-31,-3.98343448E-32,1.39675605E+08,6.07100098E+06,1.39697401E-02,6.07194871E-04,-1.41855349E+08,-6.16858636E+06,-8.74574717E+03,-1.05388079E+03,-0.00000000E+00,-0.00000000E+00,2.98510737E-38,1.47292742E-39,-0.00000000E+00,-0.00000000E+00,2.98510737E-38,1.47292742E-39,-5.35997458E+04,-2.39962155E+03,-6.53919050E+03,-3.64514843E+02,2.23332428E+06,9.99843008E+04,2.20000000E+06,1.00000000E+05,7.76992911E+06,1.63141417E+09
2.40000000E+01,1.00000000E+00,2.32000000E-01,1.39977914E+08,3.22739452E+05,3.14995715E-08,-0.00000000E+00,-0.00000000E+00,-7.92303345E-31,-3.98352678E-32,1.45746616E+08,6.07101131E+06,1.45769360E-02,6.07195908E-04,-1.48023946E+08,-6.16859669E+06,-9.80213956E+03,-1.05767758E+03,-0.00000000E+00,-0.00000000E+00,3.13240253E-38,1.47296446E-39,-0.00000000E+00,-0.00000000E+00,3.13240253E-38,1.47296446E-39,-5.59993673E+04,-2.39962154E+03,-6.90370540E+03,-3.64514924E+02,2.33330858E+06,9.99843006E+04,2.30000000E+06,1.00000000E+05,7.76992907E+06,1.63141418E+09
2.50000000E+01,1.00000000E+00,2.32000000E-01,1.39977913E+08,3.22742916E+05,2.34354497E-08,-0.00000000E+00,-0.00000000E+00,-8.32138900E-31,-3.98356953E-32,1.51817638E+08,6.07102164E+06,1.51841330E-02,6.07196944E-04,-1.54192553E+08,-6.16860702E+06,-1.08610786E+04,-1.05957541E+03,-0.00000000E+00,-0.00000000E+00,3.27970033E-38,1.47298525E-39,-0.00000000E+00,-0.00000000E+00,3.27970033E-38,1.47298525E-39,-5.83989888E+04,-2.39962154E+03,-7.26822038E+03,-3.64515004E+02,2.43329288E+06,9.99843003E+04,2.40000000E+06,1.00000000E+05,7.76992903E+06,1.63141419E+09
2.60000000E+01,1.00000000E+00,2.32000000E-01,1.39977913E+08,3.22744465E+05,1.74358023E-08,-0.00000000E+00,-0.00000000E+00,-8.71974724E-31,-3.98358865E-32,1.57888670E+08,6.07103196E+06,1.57913310E-02,6.07197979E-04,-1.60361170E+08,-6.16861733E+06,-1.19212640E+04,-1.06048887E+03,-0.00000000E+00,-0.00000000E+00,3.42699960E-38,1.47299657E-39,-0.00000000E+00,-0.00000000E+00,3.42699960E-38,1.47299657E-39,-6.07986104E+04,-2.39962153E+03,-7.63273544E+03,-3.64515085E+02,2.53327718E+06,9.99843001E+04,2.50000000E+06,1.00000000E+05,7.76992899E+06,1.63141419E+09
2.70000000E+01,1.00000000E+00,2.32000000E-01,1.39977912E+08,3.22745133E+05,1.29721088E-08,-0.00000000E+00,-0.00000000E+00,-9.11810666E-31,-3.98359690E-32,1.63959712E+08,6.07104226E+06,1.63985300E-02,6.07199013E-04,-1.66529798E+08,-6.16862764E+06,-1.29820382E+04,-1.06091441E+03,-0.00000000E+00,-0.00000000E+00,3.57429965E-38,1.47300253E-39,-0.00000000E+00,-0.00000000E+00,3.57429965E-38,1.47300253E-39,-6.31982319E+04,-2.39962153E+03,-7.99725058E+03,-3.64515165E+02,2.63326148E+06,9.99842999E+04,2.60000000E+06,1.00000000E+05,7.76992896E+06,1.63141419E+09
2.80000000E+01,1.00000000E+00,2.32000000E-01,1.39977911E+08,3.22745407E+05,9.65115360E-09,-0.00000000E+00,-0.00000000E+00,-9.51646658E-31,-3.98360028E-32,1.70030764E+08,6.07105257E+06,1.70057300E-02,6.07200046E-04,-1.72698436E+08,-6.16863794E+06,-1.40430828E+04,-1.06110768E+03,-0.00000000E+00,-0.00000000E+00,3.72160010E-38,1.47300550E-39,-0.00000000E+00,-0.00000000E+00,3.72160010E-38,1.47300550E-39,-6.55978534E+04,-2.39962152E+03,-8.36176580E+03,-3.64515246E+02,2.73324578E+06,9.99842997E+04,2.70000000E+06,1.00000000E+05,7.76992892E+06,1.63141419E+09
2.90000000E+01,1.00000000E+00,2.32000000E-01,1.39977911E+08,3.22745511E+05,7.18038735E-09,-0.00000000E+00,-0.00000000E+00,-9.91482670E-31,-3.98360156E-32,1.76101827E+08,6.07106286E+06,1.76129311E-02,6.07201078E-04,-1.78867084E+08,-6.16864823E+06,-1.51042492E+04,-1.06119442E+03,-0.00000000E+00,-0.00000000E+00,3.86890074E-38,1.47300687E-39,-0.00000000E+00,-0.00000000E+00,3.86890074E-38,1.47300687E-39,-6.79974749E+04,-2.39962151E+03,-8.72628110E+03,-3.64515326E+02,2.83323008E+06,9.99842995E+04,2.80000000E+06,1.00000000E+05,7.76992888E+06,1.63141419E+09
3.00000000E+01,1.00000000E+00,2.32000000E-01,1.39977910E+08,3.22745543E+05,5.34215542E-09,-0.00000000E+00,-0.00000000E+00,-1.03131869E-30,-3.98360196E-32,1.82172900E+08,6.07107314E+06,1.82201332E-02,6.07202110E-04,-1.85035743E+08,-6.16865852E+06,-1.61654705E+04,-1.06123390E+03,-0.00000000E+00,-0.00000000E+00,4.01620147E-38,1.47300739E-39,-0.00000000E+00,-0.00000000E+00,4.01620147E-38,1.47300739E-39,-7.03970964E+04,-2.39962151E+03,-9.09079648E+03,-3.64515407E+02,2.93321438E+06,9.99842993E+04,2.90000000E+06,1.00000000E+05,7.76992884E+06,1.63141419E+09
3.10000000E+01,1.00000000E+00,2.32000000E-01,1.39977909E+08,3.22745546E+05,3.97452437E-09,-0.00000000E+00,-0.00000000E+00,-1.07115471E-30,-3.98360199E-32,1.88243984E+08,6.07108342E+06,1.88273364E-02,6.07203141E-04,-1.91204412E+08,-6.16866880E+06,-1.72267176E+04,-1.06125307E+03,-0.00000000E+00,-0.00000000E+00,4.16350221E-38,1.47300747E-39,-0.00000000E+00,-0.00000000E+00,4.16350221E-38,1.47300747E-39,-7.27967180E+04,-2.39962150E+03,-9.45531195E+03,-3.64515487E+02,3.03319868E+06,9.99842990E+04,3.00000000E+06,1.00000000E+05,7.76992880E+06,1.63141419E+09
3.20000000E+01,1.00000000E+00,2.32000000E-01,1.39977908E+08,3.22745536E+05,2.95701692E-09,-0.00000000E+00,-0.00000000E+00,-1.11099073E-30,-3.98360187E-32,1.94315078E+08,6.07109369E+06,1.94345405E-02,6.07204172E-04,-1.97373091E+08,-6.16867907E+06,-1.82879781E+04,-1.06126376E+03,-0.00000000E+00,-0.00000000E+00,4.31080295E-38,1.47300733E-39,-0.00000000E+00,-0.00000000E+00,4.31080295E-38,1.47300733E-39,-7.51963394E+04,-2.39962150E+03,-9.81982749E+03,-3.64515568E+02,3.13318298E+06,9.99842988E+04,3.10000000E+06,1.00000000E+05,7.76992876E+06,1.63141419E+09
3.30000000E+01,1.00000000E+00,2.32000000E-01,1.39977908E+08,3.22745522E+05,2.19999886E-09,-0.00000000E+00,-0.00000000E+00,-1.15082674E-30,-3.98360170E-32,2.00386182E+08,6.07110396E+06,2.00417457E-02,6.07205201E-04,-2.03541780E+08,-6.16868933E+06,-1.93492469E+04,-1.06127100E+03,-0.00000000E+00,-0.00000000E+00,4.45810367E-38,1.47300708E-39,-0.00000000E+00,-0.00000000E+00,4.45810367E-38,1.47300708E-39,-7.75959609E+04,-2.39962149E+03,-1.01843431E+04,-3.64515648E+02,3.23316728E+06,9.99842986E+04,3.20000000E+06,1.00000000E+05,7.76992872E+06,1.63141419E+09
3.40000000E+01,1.00000000E+00,2.32000000E-01,1.39977907E+08,3.22745507E+05,1.63678298E-09,-0.00000000E+00,-0.00000000E+00,-1.19066276E-30,-3.98360151E-32,2.06457296E+08,6.07111421E+06,2.06489520E-02,6.07206230E-04,-2.09710480E+08,-6.16869959E+06,-2.04105221E+04,-1.06127687E+03,-0.00000000E+00,-0.00000000E+00,4.60540436E-38,1.47300678E-39,-0.00000000E+00,-0.00000000E+00,4.60540436E-38,1.47300678E-39,-7.99955824E+04,-2.39962148E+03,-1.05488588E+04,-3.64515729E+02,3.33315158E+06,9.99842984E+04,3.30000000E+06,1.00000000E+05,7.76992868E+06,1.63141419E+09
3.50000000E+01,1.00000000E+00,2.32000000E-01,1.39977906E+08,3.22745490E+05,1.21775451E-09,-0.00000000E+00,-0.00000000E+00,-1.23049877E-30,-3.98360131E-32,2.12528420E+08,6.07112446E+06,2.12561592E-02,6.07207258E-04,-2.15879189E+08,-6.16870984E+06,-2.14718027E+04,-1.06128220E+03,-0.00000000E+00,-0.00000000E+00,4.75270502E-38,1.47300646E-39,-0.00000000E+00,-0.00000000E+00,4.75270502E-38,1.47300646E-39,-8.23952039E+04,-2.39962148E+03,-1.09133746E+04,-3.64515809E+02,3.43313588E+06,9.99842982E+04,3.40000000E+06,1.00000000E+05,7.76992865E+06,1.63141419E+09
3.60000000E+01,1.00000000E+00,2.32000000E-01,1.39977906E+08,3.22745474E+05,9.06000405E-10,-0.00000000E+00,-0.00000000E+00,-1.27033479E-30,-3.98360110E-32,2.18599555E+08,6.07113471E+06,2.18633675E-02,6.07208286E-04,-2.22047909E+08,-6.16872008E+06,-2.25330886E+04,-1.06128734E+03,-0.00000000E+00,-0.00000000E+00,4.90000564E-38,1.47300613E-39,-0.00000000E+00,-0.00000000E+00,4.90000564E-38,1.47300613E-39,-8.47948254E+04,-2.39962147E+03,-1.12778905E+04,-3.64515889E+02,3.53312017E+06,9.99842979E+04,3.50000000E+06,1.00000000E+05,7.76992861E+06,1.63141419E+09
3.70000000E+01,1.00000000E+00,2.32000000E-01,1.39977905E+08,3.22745457E+05,6.74057643E-10,-0.00000000E+00,-0.00000000E+00,-1.31017080E-30,-3.98360090E-32,2.24670700E+08,6.07114494E+06,2.24705768E-02,6.07209313E-04,-2.28216640E+08,-6.16873031E+06,-2.35943795E+04,-1.06129240E+03,-0.00000000E+00,-0.00000000E+00,5.04730623E-38,1.47300579E-39,-0.00000000E+00,-0.00000000E+00,5.04730623E-38,1.47300579E-39,-8.71944468E+04,-2.39962147E+03,-1.16424064E+04,-3.64515970E+02,3.63310447E+06,9.99842977E+04,3.60000000E+06,1.00000000E+05,7.76992857E+06,1.63141419E+09
3.80000000E+01,1.00000000E+00,2.32000000E-01,1.39977904E+08,3.22745440E+05,5.01493932E-10,-0.00000000E+00,-0.00000000E+00,-1.35000680E-30,-3.98360069E-32,2.30741855E+08,6.07115517E+06,2.30777872E-02,6.07210339E-04,-2.34385380E+08,-6.16874054E+06,-2.46556755E+04,-1.06129743E+03,-0.00000000E+00,-0.00000000E+00,5.19460679E-38,1.47300546E-39,-0.00000000E+00,-0.00000000E+00,5.19460679E-38,1.47300546E-39,-8.95940683E+04,-2.39962146E+03,-1.20069224E+04,-3.64516050E+02,3.73308877E+06,9.99842975E+04,3.70000000E+06,1.00000000E+05,7.76992853E+06,1.63141419E+09
3.90000000E+01,1.00000000E+00,2.32000000E-01,1.39977904E+08,3.22745424E+05,3.73107800E-10,-0.00000000E+00,-0.00000000E+00,-1.38984281E-30,-3.98360048E-32,2.36813020E+08,6.07116539E+06,2.36849985E-02,6.07211364E-04,-2.40554131E+08,-6.16875076E+06,-2.57169765E+04,-1.06130246E+03,-0.00000000E+00,-0.00000000E+00,5.34190732E-38,1.47300512E-39,-0.00000000E+00,-0.00000000E+00,5.34190732E-38,1.47300512E-39,-9.19936898E+04,-2.39962146E+03,-1.23714385E+04,-3.64516130E+02,3.83307307E+06,9.99842973E+04,3.80000000E+06,1.00000000E+05,7.76992849E+06,1.63141419E+09
4.00000000E+01,1.00000000E+00,2.32000000E-01,1.39977903E+08,3.22745407E+05,2.77589461E-10,-0.00000000E+00,-0.00000000E+00,-1.42967881E-30,-3.98360028E-32,2.42884196E+08,6.07117561E+06,2.42922109E-02,6.07212389E-04,-2.46722892E+08,-6.16876098E+06,-2.67782825E+04,-1.06130747E+03,-0.00000000E+00,-0.00000000E+00,5.48920781E-38,1.47300479E-39,-0.00000000E+00,-0.00000000E+00,5.48920781E-38,1.47300479E-39,-9.43933112E+04,-2.39962145E+03,-1.27359547E+04,-3.64516211E+02,3.93305736E+06,9.99842971E+04,3.90000000E+06,1.00000000E+05,7.76992845E+06,1.63141419E+09
4.10000000E+01,1.00000000E+00,2.32000000E-01,1.39977902E+08,3.22745390E+05,2.06524519E-10,-0.00000000E+00,-0.00000000E+00,-1.46951481E-30,-3.98360007E-32,2.48955382E+08,6.07118581E+06,2.48994243E-02,6.07213413E-04,-2.52891663E+08,-6.16877118E+06,-2.78395935E+04,-1.06131249E+03,-0.00000000E+00,-0.00000000E+00,5.63650826E-38,1.47300446E-39,-0.00000000E+00,-0.00000000E+00,5.63650826E-38,1.47300446E-39,-9.67929327E+04,-2.39962144E+03,-1.31004710E+04,-3.64516291E+02,4.03304166E+06,9.99842969E+04,4.00000000E+06,1.00000000E+05,7.76992841E+06,1.63141419E+09
4.20000000E+01,1.00000000E+00,2.32000000E-01,1.39977901E+08,3.22745373E+05,1.53652724E-10,-0.00000000E+00,-0.00000000E+00,-1.50935081E-30,-3.98359986E-32,2.55026578E+08,6.07119602E+06,2.55066388E-02,6.07214436E-04,-2.59060445E+08,-6.16878138E+06,-2.89009096E+04,-1.06131750E+03,-0.00000000E+00,-0.00000000E+00,5.78380869E-38,1.47300413E-39,-0.00000000E+00,-0.00000000E+00,5.78380869E-38,1.47300413E-39,-9.91925541E+04,-2.39962144E+03,-1.34649873E+04,-3.64516371E+02,4.13302596E+06,9.99842966E+04,4.10000000E+06,1.00000000E+05,7.76992838E+06,1.63141419E+09
4.30000000E+01,1.00000000E+00,2.32000000E-01,1.39977901E+08,3.22745357E+05,1.14316498E-10,-0.00000000E+00,-0.00000000E+00,-1.54918681E-30,-3.98359966E-32,2.61097784E+08,6.07120621E+06,2.61138542E-02,6.07215458E-04,-2.65229236E+08,-6.16879158E+06,-2.99622307E+04,-1.06132252E+03,-0.00000000E+00,-0.00000000E+00,5.93110908E-38,1.47300380E-39,-0.00000000E+00,-0.00000000E+00,5.93110908E-38,1.47300380E-39,-1.01592176E+05,-2.39962143E+03,-1.38295038E+04,-3.64516452E+02,4.23301025E+06,9.99842964E+04,4.20000000E+06,1.00000000E+05,7.76992834E+06,1.63141419E+09
4.40000000E+01,1.00000000E+00,2.32000000E-01,1.39977900E+08,3.22745340E+05,8.50506342E-11,-0.00000000E+00,-0.00000000E+00,-1.58902281E-30,-3.98359945E-32,2.67169000E+08,6.07121640E+06,2.67210707E-02,6.07216480E-04,-2.71398038E+08,-6.16880176E+06,-3.10235568E+04,-1.06132753E+03,-0.00000000E+00,-0.00000000E+00,6.07840944E-38,1.47300347E-39,-0.00000000E+00,-0.00000000E+00,6.07840944E-38,1.47300347E-39,-1.03991797E+05,-2.39962143E+03,-1.41940203E+04,-3.64516532E+02,4.33299455E+06,9.99842962E+04,4.30000000E+06,1.00000000E+05,7.76992830E+06,1.63141419E+09
4.50000000E+01,1.00000000E+00,2.32000000E-01,1.39977899E+08,3.22745323E+05,6.32770468E-11,-0.00000000E+00,-0.00000000E+00,-1.62885880E-30,-3.98359925E-32,2.73240227E+08,6.07122658E+06,2.73282882E-02,6.07217501E-04,-2.77566850E+08,-6.16881194E+06,-3.20848878E+04,-1.06133254E+03,-0.00000000E+00,-0.00000000E+00,6.22570977E-38,1.47300315E-39,-0.00000000E+00,-0.00000000E+00,6.22570977E-38,1.47300315E-39,-1.06391418E+05,-2.39962142E+03,-1.45585369E+04,-3.64516612E+02,4.43297885E+06,9.99842960E+04,4.40000000E+06,1.00000000E+05,7.76992826E+06,1.63141419E+09
4.60000000E+01,1.00000000E+00,2.32000000E-01,1.39977899E+08,3.22745307E+05,4.70776578E-11,-0.00000000E+00,-0.00000000E+00,-1.66869479E-30,-3.98359904E-32,2.79311464E+08,6.07123675E+06,2.79355067E-02,6.07218522E-04,-2.83735672E+08,-6.16882211E+06,-3.31462239E+04,-1.06133754E+03,-0.00000000E+00,-0.00000000E+00,6.37301006E-38,1.47300282E-39,-0.00000000E+00,-0.00000000E+00,6.37301006E-38,1.47300282E-39,-1.08791040E+05,-2.39962141E+03,-1.49230535E+04,-3.64516692E+02,4.53296314E+06,9.99842958E+04,4.50000000E+06,1.00000000E+05,7.76992822E+06,1.63141419E+09
4.70000000E+01,1.00000000E+00,2.32000000E-01,1.39977898E+08,3.22745290E+05,3.50254314E-11,-0.00000000E+00,-0.00000000E+00,-1.70853078E-30,-3.98359884E-32,2.85382711E+08,6.07124692E+06,2.85427263E-02,6.07219542E-04,-2.89904504E+08,-6.16883228E+06,-3.42075650E+04,-1.06134255E+03,-0.00000000E+00,-0.00000000E+00,6.52031032E-38,1.47300250E-39,-0.00000000E+00,-0.00000000E+00,6.52031032E-38,1.47300250E-39,-1.11190661E+05,-2.39962141E+03,-1.52875703E+04,-3.64516772E+02,4.63294744E+06,9.99842956E+04,4.60000000E+06,1.00000000E+05,7.76992818E+06,1.63141419E+09
4.80000000E+01,1.00000000E+00,2.32000000E-01,1.39977897E+08,3.22745273E+05,2.60586636E-11,-0.00000000E+00,-0.00000000E+00,-1.74836677E-30,-3.98359863E-32,2.91453968E+08,6.07125708E+06,2.91499468E-02,6.07220561E-04,-2.96073347E+08,-6.16884244E+06,-3.52689112E+04,-1.06134756E+03,-0.00000000E+00,-0.00000000E+00,6.66761055E-38,1.47300219E-39,-0.00000000E+00,-0.00000000E+00,6.66761055E-38,1.47300219E-39,-1.13590283E+05,-2.39962140E+03,-1.56520871E+04,-3.64516852E+02,4.73293173E+06,9.99842953E+04,4.70000000E+06,1.00000000E+05,7.76992815E+06,1.63141419E+09
4.90000000E+01,1.00000000E+00,2.32000000E-01,1.39977897E+08,3.22745257E+05,1.93874542E-11,-0.00000000E+00,-0.00000000E+00,-1.78820275E-30,-3.98359842E-32,2.97525235E+08,6.07126723E+06,2.97571684E-02,6.07221579E-04,-3.02242199E+08,-6.16885259E+06,-3.63302623E+04,-1.06135256E+03,-0.00000000E+00,-0.00000000E+00,6.81491075E-38,1.47300187E-39,-0.00000000E+00,-0.00000000E+00,6.81491075E-38,1.47300187E-39,-1.15989904E+05,-2.39962140E+03,-1.60166040E+04,-3.64516933E+02,4.83291603E+06,9.99842951E+04,4.80000000E+06,1.00000000E+05,7.76992811E+06,1.63141419E+09
5.00000000E+01,1.00000000E+00,2.32000000E-01,1.39977896E+08,3.22745240E+05,1.44241235E-11,-0.00000000E+00,-0.00000000E+00,-1.82803874E-30,-3.98359822E-32,3.03596512E+08,6.07127737E+06,3.03643910E-02,6.07222597E-04,-3.08411062E+08,-6.16886274E+06,-3.73916184E+04,-1.06135757E+03,-0.00000000E+00,-0.00000000E+00,6.96221092E-38,1.47300155E-39,-0.00000000E+00,-0.00000000E+00,6.96221092E-38,1.47300155E-39,-1.18389525E+05,-2.39962139E+03,-1.63811210E+04,-3.64517013E+02,4.93290032E+06,9.99842949E+04,4.90000000E+06,1.00000000E+05,7.76992807E+06,1.63141419E+09
