Time [d],dt_flow [d],dt_tran [d],Global Water Mass in Liquid Phas [kg],Global Vaq [mol],Global Vim [mol],Top Water Mass [kg],Top Water Mass [kg/d],Top Vaq [mol],Top Vaq [mol/d],Right Water Mass [kg],Right Water Mass [kg/d],Right Vaq [mol],Right Vaq [mol/d],Left Water Mass [kg],Left Water Mass [kg/d],Left Vaq [mol],Left Vaq [mol/d],North Water Mass [kg],North Water Mass [kg/d],North Vaq [mol],North Vaq [mol/d],South Water Mass [kg],South Water Mass [kg/d],South Vaq [mol],South Vaq [mol/d],ExtractWell Water Mass [kg],ExtractWell Water Mass [kg/d],ExtractWell Vaq [mol],ExtractWell Vaq [mol/d],InjectWell Water Mass [kg],InjectWell Water Mass [kg/d],InjectWell Vaq [mol],InjectWell Vaq [mol/d],Region Region__all Water Mass [kg],Region Region__all Total Mass [kg]
1.00000000E+00,4.89000000E-01,1.05000000E-01,1.39978047E+08,1.05259210E-02,2.97108677E-05,-0.00000000E+00,-0.00000000E+00,2.65224944E-40,4.28800607E-40,9.18676545E+06,9.17483492E+06,9.18818348E-04,9.17625113E-04,-9.21962978E+06,-9.22470341E+06,-7.76563195E-04,-6.85293781E-04,-0.00000000E+00,-0.00000000E+00,2.63604994E-40,4.26205880E-40,-0.00000000E+00,-0.00000000E+00,2.63604994E-40,4.26205880E-40,-8.08070871E+02,-1.22620769E+03,-6.49174101E-08,-9.11042779E-08,3.36696529E+04,5.10920378E+04,3.36749000E-06,5.11000000E-06,7.76993646E+06,1.63109144E+09
2.00000000E+00,4.88000000E-01,1.04000000E-01,1.39978045E+08,8.51919554E+04,2.19801284E-05,-0.00000000E+00,-0.00000000E+00,-5.98392396E-33,-1.05151196E-32,1.83281038E+07,9.14135392E+06,1.83309329E-03,9.14276507E-04,-1.84585555E+07,-9.23894158E+06,-1.36128550E-03,-5.07776179E-04,-0.00000000E+00,-0.00000000E+00,8.62476562E-40,7.26579943E-40,-0.00000000E+00,-0.00000000E+00,8.62476562E-40,7.26579943E-40,-3.20769451E+03,-2.39962362E+03,-8.30757547E-01,-3.80621292E+00,1.33654072E+05,9.99844189E+04,1.00000000E+05,1.00000000E+05,7.76993632E+06,1.63117663E+09
3.00000000E+00,1.00000000E+00,4.00000000E-02,1.39978042E+08,1.48061420E+05,1.62721641E-05,-0.00000000E+00,-0.00000000E+00,-2.09745936E-32,-1.82750078E-32,2.74695165E+07,9.14141267E+06,2.74737569E-03,9.14282395E-04,-2.76975556E+07,-9.23900014E+06,-1.81331685E-03,-4.77643210E-04,-0.00000000E+00,-0.00000000E+00,1.70916617E-39,9.32667295E-40,-0.00000000E+00,-0.00000000E+00,1.70916617E-39,9.32667295E-40,-5.60731810E+03,-2.39962359E+03,-3.69504716E+01,-8.20126313E+01,2.33638490E+05,9.99844181E+04,2.00000000E+05,1.00000000E+05,7.76993617E+06,1.63123950E+09
4.00000000E+00,1.00000000E+00,4.00000000E-02,1.39978039E+08,1.94484409E+05,1.20464868E-05,-0.00000000E+00,-0.00000000E+00,-4.25554876E-32,-2.40049311E-32,3.66109835E+07,9.14146707E+06,3.66166354E-03,9.14287846E-04,-3.69366099E+07,-9.23905434E+06,-8.72401436E-03,-2.52112147E-02,-0.00000000E+00,-0.00000000E+00,2.72411297E-39,1.07372060E-39,-0.00000000E+00,-0.00000000E+00,2.72411297E-39,1.07372060E-39,-8.00694166E+03,-2.39962357E+03,-2.12028496E+02,-2.53730581E+02,3.33622907E+05,9.99844173E+04,3.00000000E+05,1.00000000E+05,7.76993603E+06,1.63128593E+09
5.00000000E+00,1.00000000E+00,4.00000000E-02,1.39978037E+08,2.28720869E+05,8.91816492E-06,-0.00000000E+00,-0.00000000E+00,-6.89983940E-32,-2.82306884E-32,4.57525009E+07,9.14151735E+06,4.57595642E-03,9.14292885E-04,-4.61757144E+07,-9.23910442E+06,-3.63817332E-01,-1.03918140E+00,-0.00000000E+00,-0.00000000E+00,3.85382368E-39,1.16960583E-39,-0.00000000E+00,-0.00000000E+00,3.85382368E-39,1.16960583E-39,-1.04065652E+04,-2.39962354E+03,-5.42238034E+02,-3.79100393E+02,4.33607324E+05,9.99844167E+04,4.00000000E+05,1.00000000E+05,7.76993590E+06,1.63132016E+09
6.00000000E+00,1.00000000E+00,4.00000000E-02,1.39978035E+08,2.53994709E+05,6.60222910E-06,-0.00000000E+00,-0.00000000E+00,-9.90285179E-32,-3.13502023E-32,5.48940648E+07,9.14156392E+06,5.49025397E-03,9.14297554E-04,-5.54148652E+07,-9.23915083E+06,-6.51792056E+00,-1.43690420E+01,-0.00000000E+00,-0.00000000E+00,5.06122961E-39,1.23425963E-39,-0.00000000E+00,-0.00000000E+00,5.06122960E-39,1.23425963E-39,-1.28061887E+04,-2.39962353E+03,-9.52699444E+02,-4.27414999E+02,5.33591740E+05,9.99844160E+04,5.00000000E+05,1.00000000E+05,7.76993579E+06,1.63134544E+09
7.00000000E+00,1.00000000E+00,4.00000000E-02,1.39978033E+08,2.72646818E+05,4.88771284E-06,-0.00000000E+00,-0.00000000E+00,-1.31707219E-31,-3.36524055E-32,6.40356722E+07,9.14160737E+06,6.40455588E-03,9.14301910E-04,-6.46540593E+07,-9.23919414E+06,-5.52150665E+01,-9.36187871E+01,-0.00000000E+00,-0.00000000E+00,6.32076686E-39,1.27742969E-39,-0.00000000E+00,-0.00000000E+00,6.32076686E-39,1.27742969E-39,-1.52058122E+04,-2.39962351E+03,-1.38844393E+03,-4.39777232E+02,6.33576156E+05,9.99844154E+04,6.00000000E+05,1.00000000E+05,7.76993568E+06,1.63136409E+09
8.00000000E+00,1.00000000E+00,4.00000000E-02,1.39978031E+08,2.86303060E+05,3.61843498E-06,-0.00000000E+00,-0.00000000E+00,-1.66334348E-31,-3.53379760E-32,7.31773205E+07,9.14164835E+06,7.31886190E-03,9.14306019E-04,-7.38932943E+07,-9.23923500E+06,-2.72714750E+02,-3.55132507E+02,-0.00000000E+00,-0.00000000E+00,7.61490411E-39,1.30591029E-39,-0.00000000E+00,-0.00000000E+00,7.61490411E-39,1.30591029E-39,-1.76054357E+04,-2.39962349E+03,-1.82986826E+03,-4.42162302E+02,7.33560570E+05,9.99844148E+04,7.00000000E+05,1.00000000E+05,7.76993557E+06,1.63137775E+09
9.00000000E+00,1.00000000E+00,1.04000000E-01,1.39978029E+08,2.95920431E+05,2.68897077E-06,-0.00000000E+00,-0.00000000E+00,-2.02412546E-31,-3.65250343E-32,8.23190080E+07,9.14168746E+06,8.23317184E-03,9.14309941E-04,-8.31325684E+07,-9.23927403E+06,-9.37409994E+02,-9.13858677E+02,-0.00000000E+00,-0.00000000E+00,8.93229354E-39,1.32414300E-39,-0.00000000E+00,-0.00000000E+00,8.93229354E-39,1.32414300E-39,-2.00050592E+04,-2.39962348E+03,-2.27229793E+03,-4.42527785E+02,8.33544984E+05,9.99844141E+04,8.00000000E+05,1.00000000E+05,7.76993548E+06,1.63138736E+09
1.00000000E+01,1.00000000E+00,2.32000000E-01,1.39978028E+08,3.02434503E+05,2.00057445E-06,-0.00000000E+00,-0.00000000E+00,-2.39453351E-31,-3.73290569E-32,9.14607333E+07,9.14172526E+06,9.14748558E-03,9.14313732E-04,-9.23718801E+07,-9.23931176E+06,-2.32329266E+03,-1.70895870E+03,-0.00000000E+00,-0.00000000E+00,1.02639426E-38,1.33579558E-39,-0.00000000E+00,-0.00000000E+00,1.02639426E-38,1.33579558E-39,-2.24046827E+04,-2.39962346E+03,-2.71486795E+03,-4.42584227E+02,9.33529398E+05,9.99844135E+04,9.00000000E+05,1.00000000E+05,7.76993538E+06,1.63139388E+09
1.10000000E+01,1.00000000E+00,2.32000000E-01,1.39978026E+08,3.06574241E+05,1.48841269E-06,-0.00000000E+00,-0.00000000E+00,-2.77113236E-31,-3.78400189E-32,1.00602495E+08,9.14176216E+06,1.00618030E-02,9.14317434E-04,-1.01611229E+08,-9.23934863E+06,-4.55157479E+03,-2.55573206E+03,-0.00000000E+00,-0.00000000E+00,1.16044750E-38,1.34312683E-39,-0.00000000E+00,-0.00000000E+00,1.16044750E-38,1.34312683E-39,-2.48043061E+04,-2.39962344E+03,-3.15745848E+03,-4.42592554E+02,1.03351381E+06,9.99844129E+04,1.00000000E+06,1.00000000E+05,7.76993529E+06,1.63139802E+09
1.20000000E+01,1.00000000E+00,2.32000000E-01,1.39978024E+08,3.09001181E+05,1.10736810E-06,-0.00000000E+00,-0.00000000E+00,-3.15149162E-31,-3.81395726E-32,1.09744294E+08,9.14179849E+06,1.09761241E-02,9.14321078E-04,-1.10850614E+08,-9.23938493E+06,-7.56213824E+03,-3.27898102E+03,-0.00000000E+00,-0.00000000E+00,1.29505112E-38,1.34761339E-39,-0.00000000E+00,-0.00000000E+00,1.29505112E-38,1.34761339E-39,-2.72039295E+04,-2.39962343E+03,-3.60005189E+03,-4.42593626E+02,1.13349822E+06,9.99844123E+04,1.10000000E+06,1.00000000E+05,7.76993520E+06,1.63140044E+09
1.30000000E+01,1.00000000E+00,2.32000000E-01,1.39978023E+08,3.10308076E+05,8.23873730E-07,-0.00000000E+00,-0.00000000E+00,-3.53395293E-31,-3.83008808E-32,1.18886128E+08,9.14183446E+06,1.18904488E-02,9.14324686E-04,-1.20090035E+08,-9.23942088E+06,-1.11725955E+04,-3.79563803E+03,-0.00000000E+00,-0.00000000E+00,1.42998548E-38,1.35027026E-39,-0.00000000E+00,-0.00000000E+00,1.42998548E-38,1.35027026E-39,-2.96035529E+04,-2.39962341E+03,-4.04264559E+03,-4.42593678E+02,1.23348263E+06,9.99844116E+04,1.20000000E+06,1.00000000E+05,7.76993511E+06,1.63140175E+09
1.40000000E+01,1.00000000E+00,2.32000000E-01,1.39978021E+08,3.10955038E+05,6.12956000E-07,-0.00000000E+00,-0.00000000E+00,-3.91749431E-31,-3.83807344E-32,1.28027999E+08,9.14187021E+06,1.28047770E-02,9.14328272E-04,-1.29329491E+08,-9.23945662E+06,-1.51757229E+04,-4.11379301E+03,-0.00000000E+00,-0.00000000E+00,1.56511165E-38,1.35178557E-39,-0.00000000E+00,-0.00000000E+00,1.56511165E-38,1.35178557E-39,-3.20031763E+04,-2.39962339E+03,-4.48523925E+03,-4.42593596E+02,1.33346705E+06,9.99844110E+04,1.30000000E+06,1.00000000E+05,7.76993502E+06,1.63140240E+09
1.50000000E+01,1.00000000E+00,2.32000000E-01,1.39978019E+08,3.11250560E+05,4.56034759E-07,-0.00000000E+00,-0.00000000E+00,-4.30154709E-31,-3.84172103E-32,1.37169904E+08,9.14190583E+06,1.37191089E-02,9.14331845E-04,-1.38568983E+08,-9.23949222E+06,-1.94037431E+04,-4.28656838E+03,-0.00000000E+00,-0.00000000E+00,1.70034473E-38,1.35261472E-39,-0.00000000E+00,-0.00000000E+00,1.70034473E-38,1.35261472E-39,-3.44027997E+04,-2.39962338E+03,-4.92783281E+03,-4.42593498E+02,1.43345146E+06,9.99844104E+04,1.40000000E+06,1.00000000E+05,7.76993493E+06,1.63140269E+09
1.60000000E+01,1.00000000E+00,2.32000000E-01,1.39978018E+08,3.11375740E+05,3.39286509E-07,-0.00000000E+00,-0.00000000E+00,-4.68582401E-31,-3.84326611E-32,1.46311846E+08,9.14194136E+06,1.46334443E-02,9.14335409E-04,-1.47808511E+08,-9.23952775E+06,-2.37466430E+04,-4.37079193E+03,-0.00000000E+00,-0.00000000E+00,1.83563490E-38,1.35304873E-39,-0.00000000E+00,-0.00000000E+00,1.83563490E-38,1.35304873E-39,-3.68024231E+04,-2.39962336E+03,-5.37042627E+03,-4.42593399E+02,1.53343587E+06,9.99844098E+04,1.50000000E+06,1.00000000E+05,7.76993484E+06,1.63140282E+09
1.70000000E+01,1.00000000E+00,2.32000000E-01,1.39978016E+08,3.11425161E+05,2.52426669E-07,-0.00000000E+00,-0.00000000E+00,-5.07019231E-31,-3.84387609E-32,1.55453823E+08,9.14197683E+06,1.55477833E-02,9.14338967E-04,-1.57048074E+08,-9.23956322E+06,-2.81426894E+04,-4.40817614E+03,-0.00000000E+00,-0.00000000E+00,1.97095418E-38,1.35326557E-39,-0.00000000E+00,-0.00000000E+00,1.97095418E-38,1.35326557E-39,-3.92020464E+04,-2.39962335E+03,-5.81301963E+03,-4.42593302E+02,1.63342027E+06,9.99844091E+04,1.60000000E+06,1.00000000E+05,7.76993475E+06,1.63140287E+09
1.80000000E+01,1.00000000E+00,2.32000000E-01,1.39978015E+08,3.11443415E+05,1.87803587E-07,-0.00000000E+00,-0.00000000E+00,-5.45459543E-31,-3.84410141E-32,1.64595835E+08,9.14201227E+06,1.64621258E-02,9.14342522E-04,-1.66287673E+08,-9.23959865E+06,-3.25612862E+04,-4.42346753E+03,-0.00000000E+00,-0.00000000E+00,2.10628764E-38,1.35336874E-39,-0.00000000E+00,-0.00000000E+00,2.10628764E-38,1.35336874E-39,-4.16016698E+04,-2.39962333E+03,-6.25561290E+03,-4.42593206E+02,1.73340468E+06,9.99844085E+04,1.70000000E+06,1.00000000E+05,7.76993466E+06,1.63140289E+09
1.90000000E+01,1.00000000E+00,2.32000000E-01,1.39978013E+08,3.11449723E+05,1.39724488E-07,-0.00000000E+00,-0.00000000E+00,-5.83901097E-31,-3.84417927E-32,1.73737883E+08,9.14204767E+06,1.73764719E-02,9.14346073E-04,-1.75527307E+08,-9.23963405E+06,-3.69887566E+04,-4.42929528E+03,-0.00000000E+00,-0.00000000E+00,2.24162764E-38,1.35341529E-39,-0.00000000E+00,-0.00000000E+00,2.24162764E-38,1.35341529E-39,-4.40012931E+04,-2.39962332E+03,-6.69820607E+03,-4.42593111E+02,1.83338909E+06,9.99844079E+04,1.80000000E+06,1.00000000E+05,7.76993457E+06,1.63140289E+09
2.00000000E+01,1.00000000E+00,2.32000000E-01,1.39978011E+08,3.11451734E+05,1.03953992E-07,-0.00000000E+00,-0.00000000E+00,-6.22343063E-31,-3.84420409E-32,1.82879966E+08,9.14208304E+06,1.82908215E-02,9.14349621E-04,-1.84766976E+08,-9.23966942E+06,-4.14195025E+04,-4.43139125E+03,-0.00000000E+00,-0.00000000E+00,2.37697050E-38,1.35343499E-39,-0.00000000E+00,-0.00000000E+00,2.37697050E-38,1.35343499E-39,-4.64009164E+04,-2.39962330E+03,-7.14079915E+03,-4.42593016E+02,1.93337350E+06,9.99844073E+04,1.90000000E+06,1.00000000E+05,7.76993448E+06,1.63140289E+09
2.10000000E+01,1.00000000E+00,2.32000000E-01,1.39978010E+08,3.11452288E+05,7.73410064E-08,-0.00000000E+00,-0.00000000E+00,-6.60785153E-31,-3.84421092E-32,1.92022084E+08,9.14211838E+06,1.92051746E-02,9.14353167E-04,-1.94006681E+08,-9.23970476E+06,-4.58514012E+04,-4.43211825E+03,-0.00000000E+00,-0.00000000E+00,2.51231452E-38,1.35344256E-39,-0.00000000E+00,-0.00000000E+00,2.51231452E-38,1.35344256E-39,-4.88005397E+04,-2.39962328E+03,-7.58339213E+03,-4.42592921E+02,2.03335791E+06,9.99844066E+04,2.00000000E+06,1.00000000E+05,7.76993439E+06,1.63140289E+09
2.20000000E+01,1.00000000E+00,2.32000000E-01,1.39978008E+08,3.11452372E+05,5.75411404E-08,-0.00000000E+00,-0.00000000E+00,-6.99227271E-31,-3.84421196E-32,2.01164238E+08,9.14215370E+06,2.01195314E-02,9.14356710E-04,-2.03246421E+08,-9.23974008E+06,-5.02837002E+04,-4.43237411E+03,-0.00000000E+00,-0.00000000E+00,2.64765894E-38,1.35344489E-39,-0.00000000E+00,-0.00000000E+00,2.64765894E-38,1.35344489E-39,-5.12001629E+04,-2.39962327E+03,-8.02598502E+03,-4.42592826E+02,2.13334231E+06,9.99844060E+04,2.10000000E+06,1.00000000E+05,7.76993430E+06,1.63140289E+09
2.30000000E+01,1.00000000E+00,2.32000000E-01,1.39978007E+08,3.11452313E+05,4.28101855E-08,-0.00000000E+00,-0.00000000E+00,-7.37669387E-31,-3.84421123E-32,2.10306427E+08,9.14218899E+06,2.10338916E-02,9.14360250E-04,-2.12486197E+08,-9.23977537E+06,-5.47161483E+04,-4.43247679E+03,-0.00000000E+00,-0.00000000E+00,2.78300345E-38,1.35344506E-39,-0.00000000E+00,-0.00000000E+00,2.78300345E-38,1.35344506E-39,-5.35997862E+04,-2.39962325E+03,-8.46857781E+03,-4.42592731E+02,2.23332672E+06,9.99844054E+04,2.20000000E+06,1.00000000E+05,7.76993422E+06,1.63140289E+09
2.40000000E+01,1.00000000E+00,2.32000000E-01,1.39978005E+08,3.11452211E+05,3.18504634E-08,-0.00000000E+00,-0.00000000E+00,-7.76111491E-31,-3.84420997E-32,2.19448651E+08,9.14222426E+06,2.19482554E-02,9.14363788E-04,-2.21726007E+08,-9.23981064E+06,-5.91486659E+04,-4.43253215E+03,-0.00000000E+00,-0.00000000E+00,2.91834791E-38,1.35344438E-39,-0.00000000E+00,-0.00000000E+00,2.91834791E-38,1.35344438E-39,-5.59994094E+04,-2.39962324E+03,-8.91117051E+03,-4.42592637E+02,2.33331112E+06,9.99844048E+04,2.30000000E+06,1.00000000E+05,7.76993413E+06,1.63140289E+09
2.50000000E+01,1.00000000E+00,2.32000000E-01,1.39978003E+08,3.11452097E+05,2.36965107E-08,-0.00000000E+00,-0.00000000E+00,-8.14553583E-31,-3.84420857E-32,2.28590910E+08,9.14225950E+06,2.28626227E-02,9.14367323E-04,-2.30965853E+08,-9.23984587E+06,-6.35812290E+04,-4.43257356E+03,-0.00000000E+00,-0.00000000E+00,3.05369229E-38,1.35344339E-39,-0.00000000E+00,-0.00000000E+00,3.05369229E-38,1.35344339E-39,-5.83990326E+04,-2.39962322E+03,-9.35376311E+03,-4.42592542E+02,2.43329553E+06,9.99844041E+04,2.40000000E+06,1.00000000E+05,7.76993404E+06,1.63140289E+09
2.60000000E+01,1.00000000E+00,2.32000000E-01,1.39978002E+08,3.11451981E+05,1.76300298E-08,-0.00000000E+00,-0.00000000E+00,-8.52995659E-31,-3.84420713E-32,2.37733205E+08,9.14229472E+06,2.37769936E-02,9.14370855E-04,-2.40205734E+08,-9.23988109E+06,-6.80138307E+04,-4.43261103E+03,-0.00000000E+00,-0.00000000E+00,3.18903656E-38,1.35344228E-39,-0.00000000E+00,-0.00000000E+00,3.18903656E-38,1.35344228E-39,-6.07986558E+04,-2.39962320E+03,-9.79635562E+03,-4.42592447E+02,2.53327993E+06,9.99844035E+04,2.50000000E+06,1.00000000E+05,7.76993395E+06,1.63140289E+09
2.70000000E+01,1.00000000E+00,2.32000000E-01,1.39978000E+08,3.11451863E+05,1.31166126E-08,-0.00000000E+00,-0.00000000E+00,-8.91437722E-31,-3.84420568E-32,2.46875535E+08,9.14232991E+06,2.46913680E-02,9.14374386E-04,-2.49445651E+08,-9.23991628E+06,-7.24464691E+04,-4.43264742E+03,-0.00000000E+00,-0.00000000E+00,3.32438072E-38,1.35344114E-39,-0.00000000E+00,-0.00000000E+00,3.32438072E-38,1.35344114E-39,-6.31982790E+04,-2.39962319E+03,-1.02389480E+04,-4.42592353E+02,2.63326433E+06,9.99844029E+04,2.60000000E+06,1.00000000E+05,7.76993386E+06,1.63140289E+09
2.80000000E+01,1.00000000E+00,2.32000000E-01,1.39977999E+08,3.11451745E+05,9.75866338E-09,-0.00000000E+00,-0.00000000E+00,-9.29879770E-31,-3.84420423E-32,2.56017900E+08,9.14236507E+06,2.56057459E-02,9.14377913E-04,-2.58685602E+08,-9.23995144E+06,-7.68791437E+04,-4.43268352E+03,-0.00000000E+00,-0.00000000E+00,3.45972476E-38,1.35343999E-39,-0.00000000E+00,-0.00000000E+00,3.45972476E-38,1.35343999E-39,-6.55979022E+04,-2.39962317E+03,-1.06815403E+04,-4.42592258E+02,2.73324873E+06,9.99844023E+04,2.70000000E+06,1.00000000E+05,7.76993377E+06,1.63140289E+09
2.90000000E+01,1.00000000E+00,2.32000000E-01,1.39977997E+08,3.11451628E+05,7.26037384E-09,-0.00000000E+00,-0.00000000E+00,-9.68321803E-31,-3.84420278E-32,2.65160300E+08,9.14240022E+06,2.65201273E-02,9.14381438E-04,-2.67925589E+08,-9.23998658E+06,-8.13118544E+04,-4.43271955E+03,-0.00000000E+00,-0.00000000E+00,3.59506868E-38,1.35343884E-39,-0.00000000E+00,-0.00000000E+00,3.59506868E-38,1.35343884E-39,-6.79975254E+04,-2.39962316E+03,-1.11241326E+04,-4.42592164E+02,2.83323314E+06,9.99844016E+04,2.80000000E+06,1.00000000E+05,7.76993369E+06,1.63140289E+09
3.00000000E+01,1.00000000E+00,2.32000000E-01,1.39977996E+08,3.11451510E+05,5.40166478E-09,-0.00000000E+00,-0.00000000E+00,-1.00676382E-30,-3.84420132E-32,2.74302736E+08,9.14243533E+06,2.74345123E-02,9.14384961E-04,-2.77165610E+08,-9.24002170E+06,-8.57446011E+04,-4.43275555E+03,-0.00000000E+00,-0.00000000E+00,3.73041249E-38,1.35343770E-39,-0.00000000E+00,-0.00000000E+00,3.73041249E-38,1.35343770E-39,-7.03971485E+04,-2.39962314E+03,-1.15667247E+04,-4.42592069E+02,2.93321754E+06,9.99844010E+04,2.90000000E+06,1.00000000E+05,7.76993360E+06,1.63140289E+09
3.10000000E+01,1.00000000E+00,2.32000000E-01,1.39977994E+08,3.11451392E+05,4.01879889E-09,-0.00000000E+00,-0.00000000E+00,-1.04520583E-30,-3.84419987E-32,2.83445206E+08,9.14247042E+06,2.83489008E-02,9.14388481E-04,-2.86405667E+08,-9.24005679E+06,-9.01773837E+04,-4.43279154E+03,-0.00000000E+00,-0.00000000E+00,3.86575619E-38,1.35343656E-39,-0.00000000E+00,-0.00000000E+00,3.86575619E-38,1.35343656E-39,-7.27967716E+04,-2.39962312E+03,-1.20093167E+04,-4.42591975E+02,3.03320194E+06,9.99844004E+04,3.00000000E+06,1.00000000E+05,7.76993351E+06,1.63140289E+09
3.20000000E+01,1.00000000E+00,2.32000000E-01,1.39977992E+08,3.11451275E+05,2.98995684E-09,-0.00000000E+00,-0.00000000E+00,-1.08364782E-30,-3.84419842E-32,2.92587712E+08,9.14250549E+06,2.92632928E-02,9.14391999E-04,-2.95645759E+08,-9.24009185E+06,-9.46102024E+04,-4.43282752E+03,-0.00000000E+00,-0.00000000E+00,4.00109978E-38,1.35343543E-39,-0.00000000E+00,-0.00000000E+00,4.00109978E-38,1.35343543E-39,-7.51963947E+04,-2.39962311E+03,-1.24519087E+04,-4.42591880E+02,3.13318634E+06,9.99843998E+04,3.10000000E+06,1.00000000E+05,7.76993342E+06,1.63140289E+09
3.30000000E+01,1.00000000E+00,2.32000000E-01,1.39977991E+08,3.11451157E+05,2.22450592E-09,-0.00000000E+00,-0.00000000E+00,-1.12208979E-30,-3.84419697E-32,3.01730252E+08,9.14254053E+06,3.01776883E-02,9.14395514E-04,-3.04885886E+08,-9.24012690E+06,-9.90430570E+04,-4.43286349E+03,-0.00000000E+00,-0.00000000E+00,4.13644325E-38,1.35343431E-39,-0.00000000E+00,-0.00000000E+00,4.13644325E-38,1.35343431E-39,-7.75960178E+04,-2.39962309E+03,-1.28945005E+04,-4.42591786E+02,3.23317074E+06,9.99843991E+04,3.20000000E+06,1.00000000E+05,7.76993333E+06,1.63140289E+09
3.40000000E+01,1.00000000E+00,2.32000000E-01,1.39977989E+08,3.11451040E+05,1.65501605E-09,-0.00000000E+00,-0.00000000E+00,-1.16053175E-30,-3.84419552E-32,3.10872828E+08,9.14257555E+06,3.10920873E-02,9.14399027E-04,-3.14126048E+08,-9.24016191E+06,-1.03475948E+05,-4.43289946E+03,-0.00000000E+00,-0.00000000E+00,4.27178661E-38,1.35343320E-39,-0.00000000E+00,-0.00000000E+00,4.27178661E-38,1.35343320E-39,-7.99956409E+04,-2.39962308E+03,-1.33370923E+04,-4.42591691E+02,3.33315513E+06,9.99843985E+04,3.30000000E+06,1.00000000E+05,7.76993324E+06,1.63140289E+09
3.50000000E+01,1.00000000E+00,2.32000000E-01,1.39977988E+08,3.11450922E+05,1.23131978E-09,-0.00000000E+00,-0.00000000E+00,-1.19897370E-30,-3.84419407E-32,3.20015438E+08,9.14261055E+06,3.20064898E-02,9.14402538E-04,-3.23366245E+08,-9.24019691E+06,-1.07908874E+05,-4.43293541E+03,-0.00000000E+00,-0.00000000E+00,4.40712986E-38,1.35343209E-39,-0.00000000E+00,-0.00000000E+00,4.40712986E-38,1.35343209E-39,-8.23952640E+04,-2.39962306E+03,-1.37796839E+04,-4.42591597E+02,3.43313953E+06,9.99843979E+04,3.40000000E+06,1.00000000E+05,7.76993316E+06,1.63140289E+09
3.60000000E+01,1.00000000E+00,2.32000000E-01,1.39977986E+08,3.11450805E+05,9.16092867E-10,-0.00000000E+00,-0.00000000E+00,-1.23741563E-30,-3.84419262E-32,3.29158084E+08,9.14264552E+06,3.29208959E-02,9.14406046E-04,-3.32606477E+08,-9.24023188E+06,-1.12341837E+05,-4.43297136E+03,-0.00000000E+00,-0.00000000E+00,4.54247300E-38,1.35343099E-39,-0.00000000E+00,-0.00000000E+00,4.54247300E-38,1.35343099E-39,-8.47948870E+04,-2.39962304E+03,-1.42222755E+04,-4.42591503E+02,3.53312393E+06,9.99843973E+04,3.50000000E+06,1.00000000E+05,7.76993307E+06,1.63140289E+09
3.70000000E+01,1.00000000E+00,2.32000000E-01,1.39977984E+08,3.11450687E+05,6.81566360E-10,-0.00000000E+00,-0.00000000E+00,-1.27585755E-30,-3.84419117E-32,3.38300764E+08,9.14268047E+06,3.38353054E-02,9.14409551E-04,-3.41846743E+08,-9.24026682E+06,-1.16774835E+05,-4.43300729E+03,-0.00000000E+00,-0.00000000E+00,4.67781603E-38,1.35342989E-39,-0.00000000E+00,-0.00000000E+00,4.67781603E-38,1.35342989E-39,-8.71945100E+04,-2.39962303E+03,-1.46648670E+04,-4.42591408E+02,3.63310833E+06,9.99843967E+04,3.60000000E+06,1.00000000E+05,7.76993298E+06,1.63140289E+09
3.80000000E+01,1.00000000E+00,2.32000000E-01,1.39977983E+08,3.11450570E+05,5.07080363E-10,-0.00000000E+00,-0.00000000E+00,-1.31429945E-30,-3.84418972E-32,3.47443480E+08,9.14271539E+06,3.47497185E-02,9.14413054E-04,-3.51087045E+08,-9.24030174E+06,-1.21207869E+05,-4.43304322E+03,-0.00000000E+00,-0.00000000E+00,4.81315895E-38,1.35342880E-39,-0.00000000E+00,-0.00000000E+00,4.81315895E-38,1.35342880E-39,-8.95941330E+04,-2.39962301E+03,-1.51074583E+04,-4.42591314E+02,3.73309272E+06,9.99843960E+04,3.70000000E+06,1.00000000E+05,7.76993289E+06,1.63140289E+09
3.90000000E+01,1.00000000E+00,2.32000000E-01,1.39977981E+08,3.11450453E+05,3.77264064E-10,-0.00000000E+00,-0.00000000E+00,-1.35274134E-30,-3.84418827E-32,3.56586230E+08,9.14275029E+06,3.56641350E-02,9.14416555E-04,-3.60327382E+08,-9.24033664E+06,-1.25640940E+05,-4.43307914E+03,-0.00000000E+00,-0.00000000E+00,4.94850176E-38,1.35342772E-39,-0.00000000E+00,-0.00000000E+00,4.94850176E-38,1.35342772E-39,-9.19937560E+04,-2.39962300E+03,-1.55500496E+04,-4.42591220E+02,3.83307712E+06,9.99843954E+04,3.80000000E+06,1.00000000E+05,7.76993281E+06,1.63140289E+09
4.00000000E+01,1.00000000E+00,2.32000000E-01,1.39977980E+08,3.11450335E+05,2.80681691E-10,-0.00000000E+00,-0.00000000E+00,-1.39118321E-30,-3.84418682E-32,3.65729015E+08,9.14278516E+06,3.65785551E-02,9.14420054E-04,-3.69567753E+08,-9.24037151E+06,-1.30074046E+05,-4.43311504E+03,-0.00000000E+00,-0.00000000E+00,5.08384446E-38,1.35342664E-39,-0.00000000E+00,-0.00000000E+00,5.08384446E-38,1.35342664E-39,-9.43933790E+04,-2.39962298E+03,-1.59926408E+04,-4.42591125E+02,3.93306151E+06,9.99843948E+04,3.90000000E+06,1.00000000E+05,7.76993272E+06,1.63140289E+09
4.10000000E+01,1.00000000E+00,2.32000000E-01,1.39977978E+08,3.11450218E+05,2.08825115E-10,-0.00000000E+00,-0.00000000E+00,-1.42962507E-30,-3.84418537E-32,3.74871835E+08,9.14282001E+06,3.74929786E-02,9.14423550E-04,-3.78808160E+08,-9.24040636E+06,-1.34507188E+05,-4.43315094E+03,-0.00000000E+00,-0.00000000E+00,5.21918706E-38,1.35342557E-39,-0.00000000E+00,-0.00000000E+00,5.21918706E-38,1.35342557E-39,-9.67930020E+04,-2.39962297E+03,-1.64352319E+04,-4.42591031E+02,4.03304591E+06,9.99843942E+04,4.00000000E+06,1.00000000E+05,7.76993263E+06,1.63140289E+09
4.20000000E+01,1.00000000E+00,2.32000000E-01,1.39977977E+08,3.11450101E+05,1.55364351E-10,-0.00000000E+00,-0.00000000E+00,-1.46806692E-30,-3.84418393E-32,3.84014690E+08,9.14285484E+06,3.84074057E-02,9.14427044E-04,-3.88048601E+08,-9.24044119E+06,-1.38940366E+05,-4.43318683E+03,-0.00000000E+00,-0.00000000E+00,5.35452955E-38,1.35342451E-39,-0.00000000E+00,-0.00000000E+00,5.35452955E-38,1.35342451E-39,-9.91926249E+04,-2.39962295E+03,-1.68778229E+04,-4.42590937E+02,4.13303030E+06,9.99843935E+04,4.10000000E+06,1.00000000E+05,7.76993254E+06,1.63140289E+09
4.30000000E+01,1.00000000E+00,2.32000000E-01,1.39977975E+08,3.11449983E+05,1.15589935E-10,-0.00000000E+00,-0.00000000E+00,-1.50650875E-30,-3.84418248E-32,3.93157580E+08,9.14288965E+06,3.93218362E-02,9.14430535E-04,-3.97289077E+08,-9.24047599E+06,-1.43373580E+05,-4.43322271E+03,-0.00000000E+00,-0.00000000E+00,5.48987193E-38,1.35342345E-39,-0.00000000E+00,-0.00000000E+00,5.48987193E-38,1.35342345E-39,-1.01592248E+05,-2.39962293E+03,-1.73204138E+04,-4.42590843E+02,4.23301469E+06,9.99843929E+04,4.20000000E+06,1.00000000E+05,7.76993246E+06,1.63140289E+09
4.40000000E+01,1.00000000E+00,2.32000000E-01,1.39977973E+08,3.11449866E+05,8.59980623E-11,-0.00000000E+00,-0.00000000E+00,-1.54495056E-30,-3.84418103E-32,4.02300504E+08,9.14292443E+06,4.02362702E-02,9.14434024E-04,-4.06529588E+08,-9.24051077E+06,-1.47806830E+05,-4.43325858E+03,-0.00000000E+00,-0.00000000E+00,5.62521421E-38,1.35342240E-39,-0.00000000E+00,-0.00000000E+00,5.62521421E-38,1.35342240E-39,-1.03991871E+05,-2.39962292E+03,-1.77630046E+04,-4.42590749E+02,4.33299909E+06,9.99843923E+04,4.30000000E+06,1.00000000E+05,7.76993237E+06,1.63140289E+09
4.50000000E+01,1.00000000E+00,2.32000000E-01,1.39977972E+08,3.11449749E+05,6.39819264E-11,-0.00000000E+00,-0.00000000E+00,-1.58339236E-30,-3.84417958E-32,4.11443463E+08,9.14295919E+06,4.11507078E-02,9.14437511E-04,-4.15770133E+08,-9.24054553E+06,-1.52240115E+05,-4.43329445E+03,-0.00000000E+00,-0.00000000E+00,5.76055639E-38,1.35342136E-39,-0.00000000E+00,-0.00000000E+00,5.76055639E-38,1.35342136E-39,-1.06391494E+05,-2.39962290E+03,-1.82055953E+04,-4.42590654E+02,4.43298348E+06,9.99843917E+04,4.40000000E+06,1.00000000E+05,7.76993228E+06,1.63140289E+09
4.60000000E+01,1.00000000E+00,2.32000000E-01,1.39977970E+08,3.11449632E+05,4.76020830E-11,-0.00000000E+00,-0.00000000E+00,-1.62183415E-30,-3.84417814E-32,4.20586457E+08,9.14299392E+06,4.20651488E-02,9.14440995E-04,-4.25010713E+08,-9.24058026E+06,-1.56673437E+05,-4.43333030E+03,-0.00000000E+00,-0.00000000E+00,5.89589845E-38,1.35342032E-39,-0.00000000E+00,-0.00000000E+00,5.89589845E-38,1.35342032E-39,-1.08791117E+05,-2.39962289E+03,-1.86481859E+04,-4.42590560E+02,4.53296787E+06,9.99843911E+04,4.50000000E+06,1.00000000E+05,7.76993219E+06,1.63140289E+09
4.70000000E+01,1.00000000E+00,2.32000000E-01,1.39977969E+08,3.11449515E+05,3.54155999E-11,-0.00000000E+00,-0.00000000E+00,-1.66027592E-30,-3.84417669E-32,4.29729486E+08,9.14302863E+06,4.29795932E-02,9.14444477E-04,-4.34251328E+08,-9.24061497E+06,-1.61106794E+05,-4.43336614E+03,-0.00000000E+00,-0.00000000E+00,6.03124042E-38,1.35341928E-39,-0.00000000E+00,-0.00000000E+00,6.03124042E-38,1.35341928E-39,-1.11190739E+05,-2.39962287E+03,-1.90907765E+04,-4.42590466E+02,4.63295226E+06,9.99843904E+04,4.60000000E+06,1.00000000E+05,7.76993211E+06,1.63140289E+09
4.80000000E+01,1.00000000E+00,2.32000000E-01,1.39977967E+08,3.11449397E+05,2.63489461E-11,-0.00000000E+00,-0.00000000E+00,-1.69871768E-30,-3.84417525E-32,4.38872549E+08,9.14306332E+06,4.38940412E-02,9.14447957E-04,-4.43491978E+08,-9.24064966E+06,-1.65540187E+05,-4.43340198E+03,-0.00000000E+00,-0.00000000E+00,6.16658228E-38,1.35341826E-39,-0.00000000E+00,-0.00000000E+00,6.16658228E-38,1.35341826E-39,-1.13590362E+05,-2.39962285E+03,-1.95333669E+04,-4.42590372E+02,4.73293665E+06,9.99843898E+04,4.70000000E+06,1.00000000E+05,7.76993202E+06,1.63140289E+09
4.90000000E+01,1.00000000E+00,2.32000000E-01,1.39977966E+08,3.11449280E+05,1.96034223E-11,-0.00000000E+00,-0.00000000E+00,-1.73715942E-30,-3.84417380E-32,4.48015647E+08,9.14309799E+06,4.48084926E-02,9.14451434E-04,-4.52732662E+08,-9.24068432E+06,-1.69973616E+05,-4.43343780E+03,-0.00000000E+00,-0.00000000E+00,6.30192405E-38,1.35341724E-39,-0.00000000E+00,-0.00000000E+00,6.30192405E-38,1.35341724E-39,-1.15989985E+05,-2.39962284E+03,-1.99759572E+04,-4.42590278E+02,4.83292104E+06,9.99843892E+04,4.80000000E+06,1.00000000E+05,7.76993193E+06,1.63140289E+09
5.00000000E+01,1.00000000E+00,2.32000000E-01,1.39977964E+08,3.11449163E+05,1.45848021E-11,-0.00000000E+00,-0.00000000E+00,-1.77560115E-30,-3.84417236E-32,4.57158780E+08,9.14313263E+06,4.57229475E-02,9.14454909E-04,-4.61973381E+08,-9.24071896E+06,-1.74407081E+05,-4.43347362E+03,-0.00000000E+00,-0.00000000E+00,6.43726571E-38,1.35341622E-39,-0.00000000E+00,-0.00000000E+00,6.43726571E-38,1.35341622E-39,-1.18389608E+05,-2.39962282E+03,-2.04185475E+04,-4.42590184E+02,4.93290543E+06,9.99843886E+04,4.90000000E+06,1.00000000E+05,7.76993185E+06,1.63140289E+09
