Time [d],dt_flow [d],dt_tran [d],Global Water Mass in Liquid Phas [kg],Global Vaq [mol],Global Vim [mol],Top Water Mass [kg],Top Water Mass [kg/d],Top Vaq [mol],Top Vaq [mol/d],Right Water Mass [kg],Right Water Mass [kg/d],Right Vaq [mol],Right Vaq [mol/d],Left Water Mass [kg],Left Water Mass [kg/d],Left Vaq [mol],Left Vaq [mol/d],North Water Mass [kg],North Water Mass [kg/d],North Vaq [mol],North Vaq [mol/d],South Water Mass [kg],South Water Mass [kg/d],South Vaq [mol],South Vaq [mol/d],ExtractWell Water Mass [kg],ExtractWell Water Mass [kg/d],ExtractWell Vaq [mol],ExtractWell Vaq [mol/d],InjectWell Water Mass [kg],InjectWell Water Mass [kg/d],InjectWell Vaq [mol],InjectWell Vaq [mol/d],Region Region__all Water Mass [kg],Region Region__all Total Mass [kg]
1.00000000E+00,4.89000000E-01,5.88346045E-02,1.39978714E+08,1.07132452E-02,2.95766792E-05,-0.00000000E+00,-0.00000000E+00,2.35721493E-40,4.05679447E-40,2.76077115E+07,2.75963131E+07,2.76117024E-03,2.76003034E-03,-2.76405988E+07,-2.76462031E+07,-2.35858376E-03,-2.04452697E-03,-0.00000000E+00,-0.00000000E+00,2.34278477E-40,4.03222655E-40,-0.00000000E+00,-0.00000000E+00,2.34278477E-40,4.03222655E-40,-8.08074734E+02,-1.22621353E+03,-6.58988956E-08,-9.09334685E-08,3.36698804E+04,5.10923821E+04,3.36749000E-06,5.11000000E-06,7.76997348E+06,1.63109144E+09
2.00000000E+00,4.88000000E-01,4.82208948E-02,1.39978694E+08,8.54164062E+04,2.18563313E-05,-0.00000000E+00,-0.00000000E+00,-5.87282302E-33,-1.05428233E-32,5.51715217E+07,2.75641336E+07,5.51795005E-03,2.75681222E-03,-5.53020149E+07,-2.76617387E+07,-9.34435752E-02,-6.99993361E-01,-0.00000000E+00,-0.00000000E+00,7.73752853E-40,6.38399120E-40,-0.00000000E+00,-0.00000000E+00,7.73752853E-40,6.38399120E-40,-3.20770961E+03,-2.39963482E+03,-5.12108051E+01,-1.72846681E+02,1.33654968E+05,9.99850858E+04,1.00000000E+05,1.00000000E+05,7.76997235E+06,1.63117686E+09
3.00000000E+00,1.00000000E+00,1.18823815E-02,1.39978677E+08,1.48110357E+05,1.61573995E-05,-0.00000000E+00,-0.00000000E+00,-2.07645996E-32,-1.82810481E-32,8.27367787E+07,2.75652570E+07,8.27487492E-03,2.75692487E-03,-8.29648744E+07,-2.76628595E+07,-1.50404032E+02,-6.22451394E+02,-0.00000000E+00,-0.00000000E+00,1.48678505E-39,7.64498499E-40,-0.00000000E+00,-0.00000000E+00,1.48678505E-39,7.64498499E-40,-5.60734422E+03,-2.39963461E+03,-3.57246448E+02,-3.62932952E+02,2.33640046E+05,9.99850774E+04,2.00000000E+05,1.00000000E+05,7.76997141E+06,1.63123955E+09
4.00000000E+00,1.00000000E+00,5.48736006E-02,1.39978661E+08,1.90559063E+05,1.19510079E-05,-0.00000000E+00,-0.00000000E+00,-4.21130814E-32,-2.35204312E-32,1.10303073E+08,2.75662947E+07,1.10319039E-02,2.75702895E-03,-1.10628770E+08,-2.76638959E+07,-4.50444103E+03,-9.58949708E+03,-0.00000000E+00,-0.00000000E+00,2.28724997E-39,8.23126514E-40,-0.00000000E+00,-0.00000000E+00,2.28724997E-39,8.23126514E-40,-8.00697862E+03,-2.39963440E+03,-7.27684881E+02,-3.72188979E+02,3.33625115E+05,9.99850691E+04,3.00000000E+05,1.00000000E+05,7.76997054E+06,1.63128200E+09
5.00000000E+00,1.00000000E+00,5.49009920E-02,1.39978646E+08,2.09877081E+05,8.83970092E-06,-0.00000000E+00,-0.00000000E+00,-6.71449628E-32,-2.59048266E-32,1.37870369E+08,2.75672954E+07,1.37890332E-02,2.75712932E-03,-1.38293666E+08,-2.76648960E+07,-2.28727509E+04,-2.52506776E+04,-0.00000000E+00,-0.00000000E+00,3.12402963E-39,8.44520599E-40,-0.00000000E+00,-0.00000000E+00,3.12402963E-39,8.44520599E-40,-1.04066128E+04,-2.39963420E+03,-1.09996540E+03,-3.72294360E+02,4.33610176E+05,9.99850607E+04,4.00000000E+05,1.00000000E+05,7.76996970E+06,1.63130132E+09
6.00000000E+00,1.00000000E+00,5.49279278E-02,1.39978631E+08,2.14490648E+05,6.53838669E-06,-0.00000000E+00,-0.00000000E+00,-9.34397875E-32,-2.64742725E-32,1.65438651E+08,2.75682817E+07,1.65462615E-02,2.75722826E-03,-1.65959548E+08,-2.76658821E+07,-5.28203464E+04,-3.24676859E+04,-0.00000000E+00,-0.00000000E+00,3.97223306E-39,8.50038936E-40,-0.00000000E+00,-0.00000000E+00,3.97223306E-39,8.50038936E-40,-1.28062468E+04,-2.39963400E+03,-1.47225687E+03,-3.72287839E+02,5.33595228E+05,9.99850524E+04,5.00000000E+05,1.00000000E+05,7.76996887E+06,1.63130593E+09
7.00000000E+00,1.00000000E+00,5.49546876E-02,1.39978616E+08,2.15074214E+05,4.83619279E-06,-0.00000000E+00,-0.00000000E+00,-1.19966255E-31,-2.65463013E-32,1.93007913E+08,2.75692627E+07,1.93035881E-02,2.75732666E-03,-1.93626411E+08,-2.76668629E+07,-8.62247489E+04,-3.37944484E+04,-0.00000000E+00,-0.00000000E+00,4.82293940E-39,8.50996931E-40,-0.00000000E+00,-0.00000000E+00,4.82293940E-39,8.50996931E-40,-1.52058806E+04,-2.39963380E+03,-1.84454130E+03,-3.72280735E+02,6.33580272E+05,9.99850440E+04,6.00000000E+05,1.00000000E+05,7.76996805E+06,1.63130652E+09
8.00000000E+00,1.00000000E+00,5.49813846E-02,1.39978601E+08,2.15114919E+05,3.57714526E-06,-0.00000000E+00,-0.00000000E+00,-1.46516412E-31,-2.65513254E-32,2.20578155E+08,2.75702415E+07,2.20610130E-02,2.75742485E-03,-2.21294253E+08,-2.76678417E+07,-1.20113402E+05,-3.39212131E+04,-0.00000000E+00,-0.00000000E+00,5.67401152E-39,8.51098410E-40,-0.00000000E+00,-0.00000000E+00,5.67401152E-39,8.51098410E-40,-1.76055142E+04,-2.39963360E+03,-2.21681864E+03,-3.72273659E+02,7.33565308E+05,9.99850357E+04,7.00000000E+05,1.00000000E+05,7.76996723E+06,1.63130656E+09
9.00000000E+00,1.00000000E+00,5.50080579E-02,1.39978587E+08,2.15113629E+05,2.64587618E-06,-0.00000000E+00,-0.00000000E+00,-1.73067703E-31,-2.65511662E-32,2.48149374E+08,2.75712193E+07,2.48185359E-02,2.75752293E-03,-2.48963072E+08,-2.76688194E+07,-1.54041252E+05,-3.39295600E+04,-0.00000000E+00,-0.00000000E+00,6.52510754E-39,8.51091618E-40,-0.00000000E+00,-0.00000000E+00,6.52510754E-39,8.51091618E-40,-2.00051476E+04,-2.39963339E+03,-2.58908892E+03,-3.72266593E+02,8.33550335E+05,9.99850274E+04,8.00000000E+05,1.00000000E+05,7.76996641E+06,1.63130656E+09
1.00000000E+01,1.00000000E+00,5.50347195E-02,1.39978572E+08,2.15110234E+05,1.95705226E-06,-0.00000000E+00,-0.00000000E+00,-1.99618634E-31,-2.65507471E-32,2.75721570E+08,2.75721962E+07,2.75761568E-02,2.75762093E-03,-2.76632869E+08,-2.76697963E+07,-1.87972104E+05,-3.39309134E+04,-0.00000000E+00,-0.00000000E+00,7.37618970E-39,8.51075255E-40,-0.00000000E+00,-0.00000000E+00,7.37618970E-39,8.51075255E-40,-2.24047808E+04,-2.39963319E+03,-2.96135213E+03,-3.72259532E+02,9.33535354E+05,9.99850191E+04,9.00000000E+05,1.00000000E+05,7.76996559E+06,1.63130655E+09
1.10000000E+01,1.00000000E+00,5.50613730E-02,1.39978557E+08,2.15106765E+05,1.44755575E-06,-0.00000000E+00,-0.00000000E+00,-2.26169138E-31,-2.65503190E-32,3.03294743E+08,2.75731724E+07,3.03338757E-02,2.75771885E-03,-3.04303641E+08,-2.76707725E+07,-2.21904091E+05,-3.39319871E+04,-0.00000000E+00,-0.00000000E+00,8.22725508E-39,8.51058368E-40,-0.00000000E+00,-0.00000000E+00,8.22725508E-39,8.51058368E-40,-2.48044138E+04,-2.39963299E+03,-3.33360828E+03,-3.72252473E+02,1.03352036E+06,9.99850107E+04,1.00000000E+06,1.00000000E+05,7.76996477E+06,1.63130655E+09
1.20000000E+01,1.00000000E+00,5.50880192E-02,1.39978542E+08,2.15103296E+05,1.07070084E-06,-0.00000000E+00,-0.00000000E+00,-2.52719215E-31,-2.65498908E-32,3.30868891E+08,2.75741479E+07,3.30916924E-02,2.75781671E-03,-3.31975389E+08,-2.76717480E+07,-2.55837145E+05,-3.39330529E+04,-0.00000000E+00,-0.00000000E+00,9.07830362E-39,8.51041560E-40,-0.00000000E+00,-0.00000000E+00,9.07830362E-39,8.51041561E-40,-2.72040466E+04,-2.39963279E+03,-3.70585737E+03,-3.72245417E+02,1.13350537E+06,9.99850024E+04,1.10000000E+06,1.00000000E+05,7.76996395E+06,1.63130655E+09
1.30000000E+01,1.00000000E+00,5.51146584E-02,1.39978528E+08,2.15099828E+05,7.91955819E-07,-0.00000000E+00,-0.00000000E+00,-2.79268863E-31,-2.65494627E-32,3.58444013E+08,2.75751227E+07,3.58496069E-02,2.75791449E-03,-3.59648112E+08,-2.76727228E+07,-2.89771265E+05,-3.39341184E+04,-0.00000000E+00,-0.00000000E+00,9.92933542E-39,8.51024862E-40,-0.00000000E+00,-0.00000000E+00,9.92933542E-39,8.51024862E-40,-2.96036792E+04,-2.39963259E+03,-4.07809940E+03,-3.72238362E+02,1.23349036E+06,9.99849941E+04,1.20000000E+06,1.00000000E+05,7.76996314E+06,1.63130654E+09
1.40000000E+01,1.00000000E+00,5.51412907E-02,1.39978513E+08,2.15096360E+05,5.85778913E-07,-0.00000000E+00,-0.00000000E+00,-3.05818084E-31,-2.65490347E-32,3.86020110E+08,2.75760968E+07,3.86076191E-02,2.75801221E-03,-3.87321809E+08,-2.76736969E+07,-3.23706450E+05,-3.39351838E+04,-0.00000000E+00,-0.00000000E+00,1.07803506E-38,8.51008271E-40,-0.00000000E+00,-0.00000000E+00,1.07803506E-38,8.51008271E-40,-3.20033116E+04,-2.39963239E+03,-4.45033439E+03,-3.72231309E+02,1.33347535E+06,9.99849857E+04,1.30000000E+06,1.00000000E+05,7.76996232E+06,1.63130654E+09
1.50000000E+01,1.00000000E+00,5.51679159E-02,1.39978498E+08,2.15092894E+05,4.33277844E-07,-0.00000000E+00,-0.00000000E+00,-3.32366876E-31,-2.65486069E-32,4.13597180E+08,2.75770702E+07,4.13657290E-02,2.75810986E-03,-4.14996479E+08,-2.76746703E+07,-3.57642701E+05,-3.39362489E+04,-0.00000000E+00,-0.00000000E+00,1.16313492E-38,8.50991787E-40,-0.00000000E+00,-0.00000000E+00,1.16313492E-38,8.50991787E-40,-3.44029437E+04,-2.39963218E+03,-4.82256232E+03,-3.72224257E+02,1.43346032E+06,9.99849774E+04,1.40000000E+06,1.00000000E+05,7.76996150E+06,1.63130654E+09
1.60000000E+01,1.00000000E+00,5.51945342E-02,1.39978484E+08,2.15089428E+05,3.20478721E-07,-0.00000000E+00,-0.00000000E+00,-3.58915241E-31,-2.65481791E-32,4.41175223E+08,2.75780430E+07,4.41239364E-02,2.75820744E-03,-4.42672122E+08,-2.76756431E+07,-3.91580016E+05,-3.39373137E+04,-0.00000000E+00,-0.00000000E+00,1.24823314E-38,8.50975409E-40,-0.00000000E+00,-0.00000000E+00,1.24823314E-38,8.50975409E-40,-3.68025757E+04,-2.39963198E+03,-5.19478320E+03,-3.72217207E+02,1.53344529E+06,9.99849691E+04,1.50000000E+06,1.00000000E+05,7.76996068E+06,1.63130653E+09
1.70000000E+01,1.00000000E+00,5.52211455E-02,1.39978469E+08,2.15085963E+05,2.37045592E-07,-0.00000000E+00,-0.00000000E+00,-3.85463178E-31,-2.65477514E-32,4.68754238E+08,2.75790151E+07,4.68822414E-02,2.75830496E-03,-4.70348737E+08,-2.76766151E+07,-4.25518395E+05,-3.39383783E+04,-0.00000000E+00,-0.00000000E+00,1.33332973E-38,8.50959136E-40,-0.00000000E+00,-0.00000000E+00,1.33332973E-38,8.50959136E-40,-3.92022075E+04,-2.39963178E+03,-5.56699703E+03,-3.72210160E+02,1.63343025E+06,9.99849607E+04,1.60000000E+06,1.00000000E+05,7.76995987E+06,1.63130653E+09
1.80000000E+01,1.00000000E+00,5.52477498E-02,1.39978454E+08,2.15082499E+05,1.75333352E-07,-0.00000000E+00,-0.00000000E+00,-4.12010687E-31,-2.65473238E-32,4.96334225E+08,2.75799865E+07,4.96406438E-02,2.75840240E-03,-4.98026324E+08,-2.76775865E+07,-4.59457839E+05,-3.39394427E+04,-0.00000000E+00,-0.00000000E+00,1.41842470E-38,8.50942966E-40,-0.00000000E+00,-0.00000000E+00,1.41842470E-38,8.50942966E-40,-4.16018391E+04,-2.39963158E+03,-5.93920381E+03,-3.72203114E+02,1.73341521E+06,9.99849524E+04,1.70000000E+06,1.00000000E+05,7.76995905E+06,1.63130652E+09
1.90000000E+01,1.00000000E+00,5.52743472E-02,1.39978439E+08,2.15079036E+05,1.29687213E-07,-0.00000000E+00,-0.00000000E+00,-4.38557769E-31,-2.65468964E-32,5.23915182E+08,2.75809573E+07,5.23991435E-02,2.75849978E-03,-5.25704881E+08,-2.76785573E+07,-4.93398348E+05,-3.39405068E+04,-0.00000000E+00,-0.00000000E+00,1.50351806E-38,8.50926898E-40,-0.00000000E+00,-0.00000000E+00,1.50351806E-38,8.50926898E-40,-4.40014705E+04,-2.39963138E+03,-6.31140355E+03,-3.72196070E+02,1.83340015E+06,9.99849441E+04,1.80000000E+06,1.00000000E+05,7.76995824E+06,1.63130652E+09
2.00000000E+01,1.00000000E+00,5.53009376E-02,1.39978425E+08,2.15075573E+05,9.59245449E-08,-0.00000000E+00,-0.00000000E+00,-4.65104423E-31,-2.65464690E-32,5.51497109E+08,2.75819273E+07,5.51577406E-02,2.75859709E-03,-5.53384408E+08,-2.76795273E+07,-5.27339920E+05,-3.39415706E+04,-0.00000000E+00,-0.00000000E+00,1.58860981E-38,8.50910932E-40,-0.00000000E+00,-0.00000000E+00,1.58860981E-38,8.50910932E-40,-4.64011016E+04,-2.39963118E+03,-6.68359625E+03,-3.72189027E+02,1.93338509E+06,9.99849357E+04,1.90000000E+06,1.00000000E+05,7.76995742E+06,1.63130652E+09
2.10000000E+01,1.00000000E+00,5.53275210E-02,1.39978410E+08,2.15072111E+05,7.09516183E-08,-0.00000000E+00,-0.00000000E+00,-4.91650650E-31,-2.65460417E-32,5.79080006E+08,2.75828968E+07,5.79164350E-02,2.75869434E-03,-5.81064905E+08,-2.76804967E+07,-5.61282555E+05,-3.39426342E+04,-0.00000000E+00,-0.00000000E+00,1.67369998E-38,8.50895067E-40,-0.00000000E+00,-0.00000000E+00,1.67369998E-38,8.50895067E-40,-4.88007326E+04,-2.39963097E+03,-7.05578190E+03,-3.72181987E+02,2.03337001E+06,9.99849274E+04,2.00000000E+06,1.00000000E+05,7.76995661E+06,1.63130651E+09
2.20000000E+01,1.00000000E+00,5.53540975E-02,1.39978395E+08,2.15068651E+05,5.24801215E-08,-0.00000000E+00,-0.00000000E+00,-5.18196450E-31,-2.65456146E-32,6.06663872E+08,2.75838655E+07,6.06752265E-02,2.75879152E-03,-6.08746371E+08,-2.76814655E+07,-5.95226254E+05,-3.39436975E+04,-0.00000000E+00,-0.00000000E+00,1.75878856E-38,8.50879301E-40,-0.00000000E+00,-0.00000000E+00,1.75878856E-38,8.50879302E-40,-5.12003634E+04,-2.39963077E+03,-7.42796052E+03,-3.72174948E+02,2.13335493E+06,9.99849191E+04,2.10000000E+06,1.00000000E+05,7.76995579E+06,1.63130651E+09
2.30000000E+01,1.00000000E+00,5.53806670E-02,1.39978381E+08,2.15065191E+05,3.88174791E-08,-0.00000000E+00,-0.00000000E+00,-5.44741823E-31,-2.65451875E-32,6.34248705E+08,2.75848336E+07,6.34341151E-02,2.75888864E-03,-6.36428804E+08,-2.76824336E+07,-6.29171016E+05,-3.39447606E+04,-0.00000000E+00,-0.00000000E+00,1.84387558E-38,8.50863634E-40,-0.00000000E+00,-0.00000000E+00,1.84387558E-38,8.50863634E-40,-5.35999940E+04,-2.39963057E+03,-7.80013209E+03,-3.72167911E+02,2.23333984E+06,9.99849108E+04,2.20000000E+06,1.00000000E+05,7.76995498E+06,1.63130651E+09
2.40000000E+01,1.00000000E+00,5.54072295E-02,1.39978366E+08,2.15061731E+05,2.87117584E-08,-0.00000000E+00,-0.00000000E+00,-5.71286768E-31,-2.65447605E-32,6.61834507E+08,2.75858011E+07,6.61931008E-02,2.75898569E-03,-6.64112205E+08,-2.76834010E+07,-6.63116841E+05,-3.39458235E+04,-0.00000000E+00,-0.00000000E+00,1.92896103E-38,8.50848065E-40,-0.00000000E+00,-0.00000000E+00,1.92896103E-38,8.50848065E-40,-5.59996243E+04,-2.39963037E+03,-8.17229663E+03,-3.72160876E+02,2.33332475E+06,9.99849024E+04,2.30000000E+06,1.00000000E+05,7.76995417E+06,1.63130650E+09
2.50000000E+01,1.00000000E+00,5.54337851E-02,1.39978351E+08,2.15058273E+05,2.12369539E-08,-0.00000000E+00,-0.00000000E+00,-5.97831287E-31,-2.65443337E-32,6.89421274E+08,2.75867679E+07,6.89521835E-02,2.75908267E-03,-6.91796573E+08,-2.76843678E+07,-6.97063729E+05,-3.39468861E+04,-0.00000000E+00,-0.00000000E+00,2.01404493E-38,8.50832592E-40,-0.00000000E+00,-0.00000000E+00,2.01404493E-38,8.50832592E-40,-5.83992545E+04,-2.39963017E+03,-8.54445414E+03,-3.72153842E+02,2.43330964E+06,9.99848941E+04,2.40000000E+06,1.00000000E+05,7.76995335E+06,1.63130650E+09
2.60000000E+01,1.00000000E+00,5.54603338E-02,1.39978337E+08,2.15054815E+05,1.57081350E-08,-0.00000000E+00,-0.00000000E+00,-6.24375379E-31,-2.65439069E-32,7.17009008E+08,2.75877341E+07,7.17113631E-02,2.75917959E-03,-7.19481907E+08,-2.76853340E+07,-7.31011679E+05,-3.39479484E+04,-0.00000000E+00,-0.00000000E+00,2.09912729E-38,8.50817215E-40,-0.00000000E+00,-0.00000000E+00,2.09912729E-38,8.50817215E-40,-6.07988845E+04,-2.39962997E+03,-8.91660461E+03,-3.72146811E+02,2.53329453E+06,9.99848858E+04,2.50000000E+06,1.00000000E+05,7.76995254E+06,1.63130650E+09
2.70000000E+01,1.00000000E+00,5.54868755E-02,1.39978322E+08,2.15051359E+05,1.16186855E-08,-0.00000000E+00,-0.00000000E+00,-6.50919044E-31,-2.65434802E-32,7.44597708E+08,2.75886996E+07,7.44706395E-02,2.75927644E-03,-7.47168207E+08,-2.76862995E+07,-7.64960691E+05,-3.39490105E+04,-0.00000000E+00,-0.00000000E+00,2.18420812E-38,8.50801933E-40,-0.00000000E+00,-0.00000000E+00,2.18420812E-38,8.50801933E-40,-6.31985142E+04,-2.39962976E+03,-9.28874806E+03,-3.72139781E+02,2.63327940E+06,9.99848775E+04,2.60000000E+06,1.00000000E+05,7.76995173E+06,1.63130649E+09
2.80000000E+01,1.00000000E+00,5.55134103E-02,1.39978308E+08,2.15047903E+05,8.59388095E-09,-0.00000000E+00,-0.00000000E+00,-6.77462283E-31,-2.65430537E-32,7.72187372E+08,2.75896644E+07,7.72300128E-02,2.75937323E-03,-7.74855471E+08,-2.76872643E+07,-7.98910765E+05,-3.39500724E+04,-0.00000000E+00,-0.00000000E+00,2.26928742E-38,8.50786745E-40,-0.00000000E+00,-0.00000000E+00,2.26928742E-38,8.50786745E-40,-6.55981438E+04,-2.39962956E+03,-9.66088447E+03,-3.72132753E+02,2.73326427E+06,9.99848691E+04,2.70000000E+06,1.00000000E+05,7.76995092E+06,1.63130649E+09
2.90000000E+01,1.00000000E+00,5.55399381E-02,1.39978293E+08,2.15044447E+05,6.35655253E-09,-0.00000000E+00,-0.00000000E+00,-7.04005095E-31,-2.65426272E-32,7.99778001E+08,2.75906287E+07,7.99894827E-02,2.75946996E-03,-8.02543699E+08,-2.76882285E+07,-8.32861900E+05,-3.39511340E+04,-0.00000000E+00,-0.00000000E+00,2.35436522E-38,8.50771650E-40,-0.00000000E+00,-0.00000000E+00,2.35436522E-38,8.50771650E-40,-6.79977732E+04,-2.39962936E+03,-1.00330139E+04,-3.72125726E+02,2.83324913E+06,9.99848608E+04,2.80000000E+06,1.00000000E+05,7.76995011E+06,1.63130649E+09
3.00000000E+01,1.00000000E+00,5.55664589E-02,1.39978278E+08,2.15040993E+05,4.70168919E-09,-0.00000000E+00,-0.00000000E+00,-7.30547481E-31,-2.65422008E-32,8.27369593E+08,2.75915923E+07,8.27490494E-02,2.75956662E-03,-8.30232891E+08,-2.76891921E+07,-8.66814097E+05,-3.39521953E+04,-0.00000000E+00,-0.00000000E+00,2.43944150E-38,8.50756647E-40,-0.00000000E+00,-0.00000000E+00,2.43944150E-38,8.50756647E-40,-7.03974023E+04,-2.39962916E+03,-1.04051362E+04,-3.72118702E+02,2.93323399E+06,9.99848525E+04,2.90000000E+06,1.00000000E+05,7.76994929E+06,1.63130648E+09
3.10000000E+01,1.00000000E+00,5.55929728E-02,1.39978264E+08,2.15037540E+05,3.47765232E-09,-0.00000000E+00,-0.00000000E+00,-7.57089441E-31,-2.65417746E-32,8.54962149E+08,2.75925552E+07,8.55087126E-02,2.75966322E-03,-8.57923047E+08,-2.76901551E+07,-9.00767355E+05,-3.39532564E+04,-0.00000000E+00,-0.00000000E+00,2.52451630E-38,8.50741735E-40,-0.00000000E+00,-0.00000000E+00,2.52451630E-38,8.50741735E-40,-7.27970313E+04,-2.39962896E+03,-1.07772516E+04,-3.72111679E+02,3.03321883E+06,9.99848442E+04,3.00000000E+06,1.00000000E+05,7.76994848E+06,1.63130648E+09
3.20000000E+01,1.00000000E+00,5.56194798E-02,1.39978249E+08,2.15034087E+05,2.57228079E-09,-0.00000000E+00,-0.00000000E+00,-7.83630974E-31,-2.65413484E-32,8.82555666E+08,2.75935176E+07,8.82684723E-02,2.75975976E-03,-8.85614164E+08,-2.76911174E+07,-9.34721674E+05,-3.39543173E+04,-0.00000000E+00,-0.00000000E+00,2.60958960E-38,8.50726913E-40,-0.00000000E+00,-0.00000000E+00,2.60958960E-38,8.50726913E-40,-7.51966600E+04,-2.39962876E+03,-1.11493599E+04,-3.72104658E+02,3.13320367E+06,9.99848358E+04,3.10000000E+06,1.00000000E+05,7.76994767E+06,1.63130648E+09
3.30000000E+01,1.00000000E+00,5.56459798E-02,1.39978235E+08,2.15030635E+05,1.90261343E-09,-0.00000000E+00,-0.00000000E+00,-8.10172081E-31,-2.65409224E-32,9.10150146E+08,2.75944793E+07,9.10283286E-02,2.75985623E-03,-9.13306243E+08,-2.76920791E+07,-9.68677054E+05,-3.39553779E+04,-0.00000000E+00,-0.00000000E+00,2.69466143E-38,8.50712181E-40,-0.00000000E+00,-0.00000000E+00,2.69466143E-38,8.50712181E-40,-7.75962886E+04,-2.39962856E+03,-1.15214612E+04,-3.72097639E+02,3.23318849E+06,9.99848275E+04,3.20000000E+06,1.00000000E+05,7.76994686E+06,1.63130647E+09
3.40000000E+01,1.00000000E+00,5.56724729E-02,1.39978220E+08,2.15027184E+05,1.40728711E-09,-0.00000000E+00,-0.00000000E+00,-8.36712762E-31,-2.65404964E-32,9.37745586E+08,2.75954404E+07,9.37882812E-02,2.75995264E-03,-9.40999283E+08,-2.76930401E+07,-1.00263349E+06,-3.39564382E+04,-0.00000000E+00,-0.00000000E+00,2.77973179E-38,8.50697537E-40,-0.00000000E+00,-0.00000000E+00,2.77973179E-38,8.50697537E-40,-7.99959169E+04,-2.39962835E+03,-1.18935554E+04,-3.72090621E+02,3.33317331E+06,9.99848192E+04,3.30000000E+06,1.00000000E+05,7.76994605E+06,1.63130647E+09
3.50000000E+01,1.00000000E+00,5.56989591E-02,1.39978205E+08,2.15023734E+05,1.04091395E-09,-0.00000000E+00,-0.00000000E+00,-8.63253017E-31,-2.65400705E-32,9.65341987E+08,2.75964008E+07,9.65483302E-02,2.76004899E-03,-9.68693284E+08,-2.76940006E+07,-1.03659099E+06,-3.39574983E+04,-0.00000000E+00,-0.00000000E+00,2.86480070E-38,8.50682981E-40,-0.00000000E+00,-0.00000000E+00,2.86480070E-38,8.50682981E-40,-8.23955451E+04,-2.39962815E+03,-1.22656427E+04,-3.72083606E+02,3.43315812E+06,9.99848109E+04,3.40000000E+06,1.00000000E+05,7.76994524E+06,1.63130647E+09
3.60000000E+01,1.00000000E+00,5.57254383E-02,1.39978191E+08,2.15020284E+05,7.69922337E-10,-0.00000000E+00,-0.00000000E+00,-8.89792847E-31,-2.65396448E-32,9.92939347E+08,2.75973606E+07,9.93084755E-02,2.76014528E-03,-9.96388244E+08,-2.76949604E+07,-1.07054955E+06,-3.39585582E+04,-0.00000000E+00,-0.00000000E+00,2.94986815E-38,8.50668512E-40,-0.00000000E+00,-0.00000000E+00,2.94986815E-38,8.50668512E-40,-8.47951730E+04,-2.39962795E+03,-1.26377230E+04,-3.72076592E+02,3.53314293E+06,9.99848025E+04,3.50000000E+06,1.00000000E+05,7.76994444E+06,1.63130646E+09
3.70000000E+01,1.00000000E+00,5.57519106E-02,1.39978176E+08,2.15016835E+05,5.69480658E-10,-0.00000000E+00,-0.00000000E+00,-9.16332250E-31,-2.65392191E-32,1.02053767E+09,2.75983199E+07,1.02068717E-01,2.76024150E-03,-1.02408416E+09,-2.76959196E+07,-1.10450917E+06,-3.39596178E+04,-0.00000000E+00,-0.00000000E+00,3.03493416E-38,8.50654129E-40,-0.00000000E+00,-0.00000000E+00,3.03493416E-38,8.50654129E-40,-8.71948008E+04,-2.39962775E+03,-1.30097962E+04,-3.72069580E+02,3.63312772E+06,9.99847942E+04,3.60000000E+06,1.00000000E+05,7.76994363E+06,1.63130646E+09
3.80000000E+01,1.00000000E+00,5.57783760E-02,1.39978162E+08,2.15013387E+05,4.21221961E-10,-0.00000000E+00,-0.00000000E+00,-9.42871229E-31,-2.65387935E-32,1.04813695E+09,2.75992785E+07,1.04829055E-01,2.76033766E-03,-1.05178104E+09,-2.76968782E+07,-1.13846985E+06,-3.39606771E+04,-0.00000000E+00,-0.00000000E+00,3.11999873E-38,8.50639831E-40,-0.00000000E+00,-0.00000000E+00,3.11999873E-38,8.50639831E-40,-8.95944283E+04,-2.39962755E+03,-1.33818624E+04,-3.72062569E+02,3.73311251E+06,9.99847859E+04,3.70000000E+06,1.00000000E+05,7.76994282E+06,1.63130646E+09
3.90000000E+01,1.00000000E+00,5.58048344E-02,1.39978147E+08,2.15009940E+05,3.11560938E-10,-0.00000000E+00,-0.00000000E+00,-9.69409781E-31,-2.65383681E-32,1.07573718E+09,2.76002365E+07,1.07589488E-01,2.76043377E-03,-1.07947888E+09,-2.76978362E+07,-1.17243159E+06,-3.39617362E+04,-0.00000000E+00,-0.00000000E+00,3.20506189E-38,8.50625618E-40,-0.00000000E+00,-0.00000000E+00,3.20506189E-38,8.50625618E-40,-9.19940557E+04,-2.39962735E+03,-1.37539216E+04,-3.72055561E+02,3.83309728E+06,9.99847776E+04,3.80000000E+06,1.00000000E+05,7.76994201E+06,1.63130645E+09
4.00000000E+01,1.00000000E+00,5.58312859E-02,1.39978133E+08,2.15006494E+05,2.30449075E-10,-0.00000000E+00,-0.00000000E+00,-9.95947908E-31,-2.65379427E-32,1.10333838E+09,2.76011938E+07,1.10350018E-01,2.76052981E-03,-1.10717767E+09,-2.76987935E+07,-1.20639439E+06,-3.39627951E+04,-0.00000000E+00,-0.00000000E+00,3.29012362E-38,8.50611488E-40,-0.00000000E+00,-0.00000000E+00,3.29012362E-38,8.50611488E-40,-9.43936828E+04,-2.39962715E+03,-1.41259738E+04,-3.72048554E+02,3.93308205E+06,9.99847692E+04,3.90000000E+06,1.00000000E+05,7.76994120E+06,1.63130645E+09
4.10000000E+01,1.00000000E+00,5.58577305E-02,1.39978118E+08,2.15003049E+05,1.70453885E-10,-0.00000000E+00,-0.00000000E+00,-1.02248561E-30,-2.65375174E-32,1.13094053E+09,2.76021506E+07,1.13110644E-01,2.76062579E-03,-1.13487742E+09,-2.76997503E+07,-1.24035824E+06,-3.39638537E+04,-0.00000000E+00,-0.00000000E+00,3.37518395E-38,8.50597441E-40,-0.00000000E+00,-0.00000000E+00,3.37518395E-38,8.50597441E-40,-9.67933098E+04,-2.39962694E+03,-1.44980190E+04,-3.72041549E+02,4.03306681E+06,9.99847609E+04,4.00000000E+06,1.00000000E+05,7.76994040E+06,1.63130645E+09
4.20000000E+01,1.00000000E+00,5.58841682E-02,1.39978103E+08,2.14999604E+05,1.26077854E-10,-0.00000000E+00,-0.00000000E+00,-1.04902289E-30,-2.65370923E-32,1.15854363E+09,2.76031068E+07,1.15871366E-01,2.76072170E-03,-1.16257813E+09,-2.77007065E+07,-1.27432316E+06,-3.39649121E+04,-0.00000000E+00,-0.00000000E+00,3.46024288E-38,8.50583476E-40,-0.00000000E+00,-0.00000000E+00,3.46024288E-38,8.50583476E-40,-9.91929365E+04,-2.39962674E+03,-1.48700572E+04,-3.72034546E+02,4.13305157E+06,9.99847526E+04,4.10000000E+06,1.00000000E+05,7.76993959E+06,1.63130644E+09
4.30000000E+01,1.00000000E+00,5.59105989E-02,1.39978089E+08,2.14996160E+05,9.32546901E-11,-0.00000000E+00,-0.00000000E+00,-1.07555974E-30,-2.65366672E-32,1.18614770E+09,2.76040624E+07,1.18632183E-01,2.76081756E-03,-1.19027979E+09,-2.77016620E+07,-1.30828913E+06,-3.39659702E+04,-0.00000000E+00,-0.00000000E+00,3.54530041E-38,8.50569592E-40,-0.00000000E+00,-0.00000000E+00,3.54530041E-38,8.50569592E-40,-1.01592563E+05,-2.39962654E+03,-1.52420884E+04,-3.72027544E+02,4.23303631E+06,9.99847443E+04,4.20000000E+06,1.00000000E+05,7.76993878E+06,1.63130644E+09
4.40000000E+01,1.00000000E+00,5.59370228E-02,1.39978074E+08,2.14992717E+05,6.89767180E-11,-0.00000000E+00,-0.00000000E+00,-1.10209616E-30,-2.65362422E-32,1.21375271E+09,2.76050173E+07,1.21393097E-01,2.76091336E-03,-1.21798241E+09,-2.77026170E+07,-1.34225616E+06,-3.39670280E+04,-0.00000000E+00,-0.00000000E+00,3.63035656E-38,8.50555789E-40,-0.00000000E+00,-0.00000000E+00,3.63035656E-38,8.50555789E-40,-1.03992189E+05,-2.39962634E+03,-1.56141126E+04,-3.72020545E+02,4.33302105E+06,9.99847360E+04,4.30000000E+06,1.00000000E+05,7.76993798E+06,1.63130644E+09
4.50000000E+01,1.00000000E+00,5.59634397E-02,1.39978060E+08,2.14989275E+05,5.10192816E-11,-0.00000000E+00,-0.00000000E+00,-1.12863217E-30,-2.65358174E-32,1.24135868E+09,2.76059717E+07,1.24154106E-01,2.76100910E-03,-1.24568598E+09,-2.77035713E+07,-1.37622424E+06,-3.39680857E+04,-0.00000000E+00,-0.00000000E+00,3.71541134E-38,8.50542065E-40,-0.00000000E+00,-0.00000000E+00,3.71541134E-38,8.50542065E-40,-1.06391816E+05,-2.39962614E+03,-1.59861298E+04,-3.72013547E+02,4.43300577E+06,9.99847276E+04,4.40000000E+06,1.00000000E+05,7.76993717E+06,1.63130643E+09
4.60000000E+01,1.00000000E+00,5.59898497E-02,1.39978045E+08,2.14985834E+05,3.77368913E-11,-0.00000000E+00,-0.00000000E+00,-1.15516774E-30,-2.65353926E-32,1.26896561E+09,2.76069255E+07,1.26915211E-01,2.76110478E-03,-1.27339050E+09,-2.77045251E+07,-1.41019339E+06,-3.39691430E+04,-0.00000000E+00,-0.00000000E+00,3.80046475E-38,8.50528420E-40,-0.00000000E+00,-0.00000000E+00,3.80046475E-38,8.50528420E-40,-1.08791441E+05,-2.39962594E+03,-1.63581400E+04,-3.72006551E+02,4.53299049E+06,9.99847193E+04,4.50000000E+06,1.00000000E+05,7.76993637E+06,1.63130643E+09
4.70000000E+01,1.00000000E+00,5.60162528E-02,1.39978031E+08,2.14982393E+05,2.79124445E-11,-0.00000000E+00,-0.00000000E+00,-1.18170290E-30,-2.65349679E-32,1.29657349E+09,2.76078787E+07,1.29676411E-01,2.76120040E-03,-1.30109598E+09,-2.77054783E+07,-1.44416359E+06,-3.39702001E+04,-0.00000000E+00,-0.00000000E+00,3.88551680E-38,8.50514854E-40,-0.00000000E+00,-0.00000000E+00,3.88551680E-38,8.50514854E-40,-1.11191067E+05,-2.39962574E+03,-1.67301432E+04,-3.71999556E+02,4.63297520E+06,9.99847110E+04,4.60000000E+06,1.00000000E+05,7.76993556E+06,1.63130642E+09
4.80000000E+01,1.00000000E+00,5.60426490E-02,1.39978016E+08,2.14978953E+05,2.06456991E-11,-0.00000000E+00,-0.00000000E+00,-1.20823762E-30,-2.65345434E-32,1.32418232E+09,2.76088313E+07,1.32437707E-01,2.76129596E-03,-1.32880241E+09,-2.77064309E+07,-1.47813485E+06,-3.39712570E+04,-0.00000000E+00,-0.00000000E+00,3.97056749E-38,8.50501365E-40,-0.00000000E+00,-0.00000000E+00,3.97056749E-38,8.50501365E-40,-1.13590693E+05,-2.39962553E+03,-1.71021394E+04,-3.71992564E+02,4.73295991E+06,9.99847027E+04,4.70000000E+06,1.00000000E+05,7.76993476E+06,1.63130642E+09
4.90000000E+01,1.00000000E+00,5.60690382E-02,1.39978002E+08,2.14975514E+05,1.52707823E-11,-0.00000000E+00,-0.00000000E+00,-1.23477193E-30,-2.65341189E-32,1.35179210E+09,2.76097833E+07,1.35199098E-01,2.76139146E-03,-1.35650980E+09,-2.77073829E+07,-1.51210717E+06,-3.39723136E+04,-0.00000000E+00,-0.00000000E+00,4.05561685E-38,8.50487953E-40,-0.00000000E+00,-0.00000000E+00,4.05561685E-38,8.50487953E-40,-1.15990318E+05,-2.39962533E+03,-1.74741286E+04,-3.71985573E+02,4.83294460E+06,9.99846944E+04,4.80000000E+06,1.00000000E+05,7.76993395E+06,1.63130642E+09
5.00000000E+01,1.00000000E+00,5.60954206E-02,1.39977987E+08,2.14972076E+05,1.12951745E-11,-0.00000000E+00,-0.00000000E+00,-1.26130580E-30,-2.65336945E-32,1.37940284E+09,2.76107347E+07,1.37960585E-01,2.76148691E-03,-1.38421813E+09,-2.77083343E+07,-1.54608054E+06,-3.39733700E+04,-0.00000000E+00,-0.00000000E+00,4.14066486E-38,8.50474616E-40,-0.00000000E+00,-0.00000000E+00,4.14066486E-38,8.50474616E-40,-1.18389943E+05,-2.39962513E+03,-1.78461108E+04,-3.71978584E+02,4.93292929E+06,9.99846861E+04,4.90000000E+06,1.00000000E+05,7.76993315E+06,1.63130641E+09
