Time [d],dt_flow [d],dt_tran [d],Global Water Mass in Liquid Phas [kg],Global Vaq [mol],Global Vim [mol],Top Water Mass [kg],Top Water Mass [kg/d],Top Vaq [mol],Top Vaq [mol/d],Right Water Mass [kg],Right Water Mass [kg/d],Right Vaq [mol],Right Vaq [mol/d],Left Water Mass [kg],Left Water Mass [kg/d],Left Vaq [mol],Left Vaq [mol/d],North Water Mass [kg],North Water Mass [kg/d],North Vaq [mol],North Vaq [mol/d],South Water Mass [kg],South Water Mass [kg/d],South Vaq [mol],South Vaq [mol/d],ExtractWell Water Mass [kg],ExtractWell Water Mass [kg/d],ExtractWell Vaq [mol],ExtractWell Vaq [mol/d],InjectWell Water Mass [kg],InjectWell Water Mass [kg/d],InjectWell Vaq [mol],InjectWell Vaq [mol/d],Region Region__all Water Mass [kg],Region Region__all Total Mass [kg]
1.00000000E+00,4.89000000E-01,3.27242129E-02,1.39979933E+08,1.11313647E-02,2.95214461E-05,-0.00000000E+00,-0.00000000E+00,2.08907988E-40,3.54071556E-40,6.25377049E+07,6.25260857E+07,6.25455945E-03,6.25339853E-03,-6.25706824E+07,-6.25760518E+07,-5.36750254E-03,-4.61906472E-03,-0.00000000E+00,-0.00000000E+00,2.07611724E-40,3.51876122E-40,-0.00000000E+00,-0.00000000E+00,2.07611724E-40,3.51876122E-40,-8.08081866E+02,-1.22622428E+03,-6.65269347E-08,-9.23643199E-08,3.36706362E+04,5.10935287E+04,3.36749000E-06,5.11000000E-06,7.77004113E+06,1.63109144E+09
2.00000000E+00,4.88000000E-01,3.18352957E-02,1.39979852E+08,8.57535658E+04,2.17879720E-05,-0.00000000E+00,-0.00000000E+00,-5.75047599E-33,-1.05844384E-32,1.25025537E+08,6.24907265E+07,1.25041346E-02,6.24986541E-03,-1.25156183E+08,-6.25883917E+07,-3.18899593E+00,-3.29876742E+01,-0.00000000E+00,-0.00000000E+00,6.33400406E-40,4.66959332E-40,-0.00000000E+00,-0.00000000E+00,6.33400405E-40,4.66959332E-40,-3.20773770E+03,-2.39965581E+03,-1.37103480E+01,-6.69197575E+01,1.33657979E+05,9.99873444E+04,1.00000000E+05,1.00000000E+05,7.77003662E+06,1.63117720E+09
3.00000000E+00,1.00000000E+00,1.16868586E-02,1.39979779E+08,1.44486402E+05,1.60816556E-05,-0.00000000E+00,-0.00000000E+00,-2.04501582E-32,-1.78337484E-32,1.87527149E+08,6.25016120E+07,1.87550919E-02,6.25095728E-03,-1.87755456E+08,-6.25992724E+07,-4.74728018E+03,-1.67837320E+04,-0.00000000E+00,-0.00000000E+00,1.11027569E-39,4.80184950E-40,-0.00000000E+00,-0.00000000E+00,1.11027569E-39,4.80184950E-40,-5.60739353E+03,-2.39965583E+03,-1.62420253E+02,-1.80789675E+02,2.33645325E+05,9.99873455E+04,2.00000000E+05,1.00000000E+05,7.77003258E+06,1.63123593E+09
4.00000000E+00,1.00000000E+00,1.18561906E-02,1.39979708E+08,1.60314692E+05,1.18698309E-05,-0.00000000E+00,-0.00000000E+00,-3.96659338E-32,-1.97874117E-32,2.50039355E+08,6.25122061E+07,2.50071118E-02,6.25201995E-03,-2.50365320E+08,-6.26098646E+07,-4.11873719E+04,-4.81346332E+04,-0.00000000E+00,-0.00000000E+00,1.59064295E-39,4.80386580E-40,-0.00000000E+00,-0.00000000E+00,1.59064295E-39,4.80386581E-40,-8.00704938E+03,-2.39965585E+03,-3.44602342E+02,-1.82399818E+02,3.33632671E+05,9.99873458E+04,3.00000000E+05,1.00000000E+05,7.77002864E+06,1.63125176E+09
5.00000000E+00,1.00000000E+00,1.20348576E-02,1.39979638E+08,1.60890636E+05,8.76108951E-06,-0.00000000E+00,-0.00000000E+00,-5.95110359E-32,-1.98584997E-32,3.12561973E+08,6.25226175E+07,3.12601761E-02,6.25306431E-03,-3.12985595E+08,-6.26202748E+07,-9.13223241E+04,-5.06568308E+04,-0.00000000E+00,-0.00000000E+00,2.07098940E-39,4.80319345E-40,-0.00000000E+00,-0.00000000E+00,2.07098940E-39,4.80319345E-40,-1.04067052E+04,-2.39965586E+03,-5.27003162E+02,-1.82400849E+02,4.33620017E+05,9.99873458E+04,4.00000000E+05,1.00000000E+05,7.77002477E+06,1.63125233E+09
6.00000000E+00,1.00000000E+00,1.22150512E-02,1.39979569E+08,1.60893758E+05,6.46653330E-06,-0.00000000E+00,-0.00000000E+00,-7.93698674E-32,-1.98588850E-32,3.75094855E+08,6.25328819E+07,3.75142701E-02,6.25409395E-03,-3.75616134E+08,-6.26305384E+07,-1.41996125E+05,-5.06767980E+04,-0.00000000E+00,-0.00000000E+00,2.55126816E-39,4.80251778E-40,-0.00000000E+00,-0.00000000E+00,2.55126817E-39,4.80251778E-40,-1.28063611E+04,-2.39965586E+03,-7.09403950E+02,-1.82400695E+02,5.33607362E+05,9.99873459E+04,5.00000000E+05,1.00000000E+05,7.77002096E+06,1.63125234E+09
7.00000000E+00,1.00000000E+00,1.23960000E-02,1.39979501E+08,1.60893745E+05,4.77292636E-06,-0.00000000E+00,-0.00000000E+00,-9.92287525E-32,-1.98588834E-32,4.37637872E+08,6.25430177E+07,4.37693807E-02,6.25511068E-03,-4.38256807E+08,-6.26406734E+07,-1.92672928E+05,-5.06768365E+04,-0.00000000E+00,-0.00000000E+00,3.03147965E-39,4.80184694E-40,-0.00000000E+00,-0.00000000E+00,3.03147965E-39,4.80184694E-40,-1.52060170E+04,-2.39965586E+03,-8.91804580E+02,-1.82400546E+02,6.33594708E+05,9.99873458E+04,6.00000000E+05,1.00000000E+05,7.77001718E+06,1.63125234E+09
8.00000000E+00,1.00000000E+00,1.25769351E-02,1.39979434E+08,1.60893730E+05,3.52287931E-06,-0.00000000E+00,-0.00000000E+00,-1.19087635E-31,-1.98588815E-32,5.00190910E+08,6.25530377E+07,5.00254965E-02,6.25611579E-03,-5.00907500E+08,-6.26506926E+07,-2.43349739E+05,-5.06768349E+04,-0.00000000E+00,-0.00000000E+00,3.51162434E-39,4.80118073E-40,-0.00000000E+00,-0.00000000E+00,3.51162434E-39,4.80118074E-40,-1.76056728E+04,-2.39965586E+03,-1.07420507E+03,-1.82400411E+02,7.33582054E+05,9.99873458E+04,7.00000000E+05,1.00000000E+05,7.77001344E+06,1.63125234E+09
9.00000000E+00,1.00000000E+00,1.27582154E-02,1.39979367E+08,1.60893719E+05,2.60022311E-06,-0.00000000E+00,-0.00000000E+00,-1.38946517E-31,-1.98588802E-32,5.62753862E+08,6.25629521E+07,5.62826069E-02,6.25711033E-03,-5.63568106E+08,-6.26606064E+07,-2.94026550E+05,-5.06768320E+04,-0.00000000E+00,-0.00000000E+00,3.99170267E-39,4.80051907E-40,-0.00000000E+00,-0.00000000E+00,3.99170267E-39,4.80051907E-40,-2.00053287E+04,-2.39965586E+03,-1.25660543E+03,-1.82400293E+02,8.33569400E+05,9.99873458E+04,8.00000000E+05,1.00000000E+05,7.77000974E+06,1.63125234E+09
1.00000000E+01,1.00000000E+00,1.29394934E-02,1.39979301E+08,1.60893713E+05,1.91921346E-06,-0.00000000E+00,-0.00000000E+00,-1.58805397E-31,-1.98588794E-32,6.25326631E+08,6.25727694E+07,6.25407020E-02,6.25809514E-03,-6.26238529E+08,-6.26704231E+07,-3.44703359E+05,-5.06768294E+04,-0.00000000E+00,-0.00000000E+00,4.47171510E-39,4.79986187E-40,-0.00000000E+00,-0.00000000E+00,4.47171511E-39,4.79986187E-40,-2.24049845E+04,-2.39965586E+03,-1.43900568E+03,-1.82400189E+02,9.33556746E+05,9.99873458E+04,9.00000000E+05,1.00000000E+05,7.77000608E+06,1.63125234E+09
1.10000000E+01,1.00000000E+00,1.31206926E-02,1.39979236E+08,1.60893709E+05,1.41656258E-06,-0.00000000E+00,-0.00000000E+00,-1.78664277E-31,-1.98588789E-32,6.87909128E+08,6.25824969E+07,6.87997729E-02,6.25907093E-03,-6.88918679E+08,-6.26801501E+07,-3.95380166E+05,-5.06768271E+04,-0.00000000E+00,-0.00000000E+00,4.95166208E-39,4.79920907E-40,-0.00000000E+00,-0.00000000E+00,4.95166208E-39,4.79920906E-40,-2.48046404E+04,-2.39965586E+03,-1.62140583E+03,-1.82400096E+02,1.03354409E+06,9.99873458E+04,1.00000000E+06,1.00000000E+05,7.77000244E+06,1.63125234E+09
1.20000000E+01,1.00000000E+00,1.33020344E-02,1.39979171E+08,1.60893707E+05,1.04555787E-06,-0.00000000E+00,-0.00000000E+00,-1.98523156E-31,-1.98588787E-32,7.50501269E+08,6.25921407E+07,7.50598113E-02,6.26003834E-03,-7.51608472E+08,-6.26897934E+07,-4.46056974E+05,-5.06768253E+04,-0.00000000E+00,-0.00000000E+00,5.43154404E-39,4.79856061E-40,-0.00000000E+00,-0.00000000E+00,5.43154404E-39,4.79856060E-40,-2.72042962E+04,-2.39965586E+03,-1.80380589E+03,-1.82400013E+02,1.13353144E+06,9.99873458E+04,1.10000000E+06,1.00000000E+05,7.76999883E+06,1.63125234E+09
1.30000000E+01,1.00000000E+00,1.34832961E-02,1.39979106E+08,1.60893706E+05,7.71720797E-07,-0.00000000E+00,-0.00000000E+00,-2.18382035E-31,-1.98588786E-32,8.13102975E+08,6.26017060E+07,8.13208091E-02,6.26099787E-03,-8.14307831E+08,-6.26993582E+07,-4.96733780E+05,-5.06768238E+04,-0.00000000E+00,-0.00000000E+00,5.91136141E-39,4.79791643E-40,-0.00000000E+00,-0.00000000E+00,5.91136141E-39,4.79791643E-40,-2.96039521E+04,-2.39965586E+03,-1.98620587E+03,-1.82399937E+02,1.23351878E+06,9.99873458E+04,1.20000000E+06,1.00000000E+05,7.76999524E+06,1.63125234E+09
1.40000000E+01,1.00000000E+00,1.36644730E-02,1.39979042E+08,1.60893706E+05,5.69602856E-07,-0.00000000E+00,-0.00000000E+00,-2.38240914E-31,-1.98588786E-32,8.75714172E+08,6.26111974E+07,8.75827592E-02,6.26195001E-03,-8.77016680E+08,-6.27088492E+07,-5.47410586E+05,-5.06768224E+04,-0.00000000E+00,-0.00000000E+00,6.39111461E-39,4.79727649E-40,-0.00000000E+00,-0.00000000E+00,6.39111461E-39,4.79727648E-40,-3.20036080E+04,-2.39965586E+03,-2.16860578E+03,-1.82399868E+02,1.33350613E+06,9.99873458E+04,1.30000000E+06,1.00000000E+05,7.76999168E+06,1.63125234E+09
1.50000000E+01,1.00000000E+00,1.38456989E-02,1.39978978E+08,1.60893706E+05,4.20420551E-07,-0.00000000E+00,-0.00000000E+00,-2.58099793E-31,-1.98588786E-32,9.38334791E+08,6.26206191E+07,9.38456543E-02,6.26289515E-03,-9.39734950E+08,-6.27182705E+07,-5.98087393E+05,-5.06768212E+04,-0.00000000E+00,-0.00000000E+00,6.87080407E-39,4.79664072E-40,-0.00000000E+00,-0.00000000E+00,6.87080407E-39,4.79664072E-40,-3.44032638E+04,-2.39965586E+03,-2.35100562E+03,-1.82399804E+02,1.43349348E+06,9.99873458E+04,1.40000000E+06,1.00000000E+05,7.76998814E+06,1.63125234E+09
1.60000000E+01,1.00000000E+00,1.40268557E-02,1.39978915E+08,1.60893707E+05,3.10309837E-07,-0.00000000E+00,-0.00000000E+00,-2.77958672E-31,-1.98588786E-32,1.00096477E+09,6.26299746E+07,1.00109488E-01,6.26383365E-03,-1.00246258E+09,-6.27276256E+07,-6.48764198E+05,-5.06768202E+04,-0.00000000E+00,-0.00000000E+00,7.35043020E-39,4.79600910E-40,-0.00000000E+00,-0.00000000E+00,7.35043020E-39,4.79600909E-40,-3.68029197E+04,-2.39965586E+03,-2.53340540E+03,-1.82399746E+02,1.53348082E+06,9.99873458E+04,1.50000000E+06,1.00000000E+05,7.76998463E+06,1.63125234E+09
1.70000000E+01,1.00000000E+00,1.42079372E-02,1.39978852E+08,1.60893707E+05,2.29037702E-07,-0.00000000E+00,-0.00000000E+00,-2.97817551E-31,-1.98588787E-32,1.06360403E+09,6.26392671E+07,1.06374254E-01,6.26476584E-03,-1.06519949E+09,-6.27369177E+07,-6.99441004E+05,-5.06768192E+04,-0.00000000E+00,-0.00000000E+00,7.82999342E-39,4.79538156E-40,-0.00000000E+00,-0.00000000E+00,7.82999342E-39,4.79538155E-40,-3.92025755E+04,-2.39965586E+03,-2.71580513E+03,-1.82399691E+02,1.63346817E+06,9.99873458E+04,1.60000000E+06,1.00000000E+05,7.76998113E+06,1.63125234E+09
1.80000000E+01,1.00000000E+00,1.43889853E-02,1.39978789E+08,1.60893708E+05,1.69051193E-07,-0.00000000E+00,-0.00000000E+00,-3.17676430E-31,-1.98588788E-32,1.12625253E+09,6.26484994E+07,1.12639946E-01,6.26569200E-03,-1.12794564E+09,-6.27461497E+07,-7.50117810E+05,-5.06768184E+04,-0.00000000E+00,-0.00000000E+00,8.30949412E-39,4.79475806E-40,-0.00000000E+00,-0.00000000E+00,8.30949412E-39,4.79475805E-40,-4.16022314E+04,-2.39965586E+03,-2.89820480E+03,-1.82399640E+02,1.73345551E+06,9.99873458E+04,1.70000000E+06,1.00000000E+05,7.76997766E+06,1.63125234E+09
1.90000000E+01,1.00000000E+00,1.45699902E-02,1.39978727E+08,1.60893708E+05,1.24775505E-07,-0.00000000E+00,-0.00000000E+00,-3.37535309E-31,-1.98588788E-32,1.18891021E+09,6.26576743E+07,1.18906558E-01,6.26661239E-03,-1.19070097E+09,-6.27553243E+07,-8.00794615E+05,-5.06768176E+04,-0.00000000E+00,-0.00000000E+00,8.78893271E-39,4.79413855E-40,-0.00000000E+00,-0.00000000E+00,8.78893271E-39,4.79413855E-40,-4.40018873E+04,-2.39965586E+03,-3.08060442E+03,-1.82399592E+02,1.83344286E+06,9.99873458E+04,1.80000000E+06,1.00000000E+05,7.76997420E+06,1.63125234E+09
2.00000000E+01,1.00000000E+00,1.47509258E-02,1.39978665E+08,1.60893709E+05,9.20958927E-08,-0.00000000E+00,-0.00000000E+00,-3.57394188E-31,-1.98588789E-32,1.25157700E+09,6.26667940E+07,1.25174085E-01,6.26752726E-03,-1.25346541E+09,-6.27644437E+07,-8.51471420E+05,-5.06768168E+04,-0.00000000E+00,-0.00000000E+00,9.26830959E-39,4.79352301E-40,-0.00000000E+00,-0.00000000E+00,9.26830958E-39,4.79352300E-40,-4.64015431E+04,-2.39965586E+03,-3.26300400E+03,-1.82399547E+02,1.93343020E+06,9.99873458E+04,1.90000000E+06,1.00000000E+05,7.76997075E+06,1.63125234E+09
2.10000000E+01,1.00000000E+00,1.49317908E-02,1.39978603E+08,1.60893710E+05,6.79752827E-08,-0.00000000E+00,-0.00000000E+00,-3.77253067E-31,-1.98588790E-32,1.31425286E+09,6.26758607E+07,1.31442522E-01,6.26843682E-03,-1.31623892E+09,-6.27735101E+07,-9.02148225E+05,-5.06768161E+04,-0.00000000E+00,-0.00000000E+00,9.74762515E-39,4.79291138E-40,-0.00000000E+00,-0.00000000E+00,9.74762514E-39,4.79291137E-40,-4.88011990E+04,-2.39965586E+03,-3.44540353E+03,-1.82399505E+02,2.03341755E+06,9.99873458E+04,2.00000000E+06,1.00000000E+05,7.76996733E+06,1.63125234E+09
2.20000000E+01,1.00000000E+00,1.51126225E-02,1.39978542E+08,1.60893711E+05,5.01720236E-08,-0.00000000E+00,-0.00000000E+00,-3.97111947E-31,-1.98588791E-32,1.37693774E+09,6.26848764E+07,1.37711864E-01,6.26934126E-03,-1.37902145E+09,-6.27825255E+07,-9.52825030E+05,-5.06768155E+04,-0.00000000E+00,-0.00000000E+00,1.02268798E-38,4.79230361E-40,-0.00000000E+00,-0.00000000E+00,1.02268798E-38,4.79230361E-40,-5.12008548E+04,-2.39965586E+03,-3.62780302E+03,-1.82399465E+02,2.13340490E+06,9.99873458E+04,2.10000000E+06,1.00000000E+05,7.76996392E+06,1.63125234E+09
2.30000000E+01,1.00000000E+00,1.52933878E-02,1.39978481E+08,1.60893711E+05,3.70315637E-08,-0.00000000E+00,-0.00000000E+00,-4.16970826E-31,-1.98588792E-32,1.43963158E+09,6.26938428E+07,1.43982104E-01,6.27024076E-03,-1.44181294E+09,-6.27914916E+07,-1.00350183E+06,-5.06768149E+04,-0.00000000E+00,-0.00000000E+00,1.07060739E-38,4.79169968E-40,-0.00000000E+00,-0.00000000E+00,1.07060738E-38,4.79169967E-40,-5.36005107E+04,-2.39965586E+03,-3.81020247E+03,-1.82399427E+02,2.23339224E+06,9.99873458E+04,2.20000000E+06,1.00000000E+05,7.76996053E+06,1.63125234E+09
2.40000000E+01,1.00000000E+00,1.54740840E-02,1.39978420E+08,1.60893712E+05,2.73326866E-08,-0.00000000E+00,-0.00000000E+00,-4.36829706E-31,-1.98588793E-32,1.50233434E+09,6.27027617E+07,1.50253240E-01,6.27113550E-03,-1.50461335E+09,-6.28004103E+07,-1.05417864E+06,-5.06768143E+04,-0.00000000E+00,-0.00000000E+00,1.11852078E-38,4.79109953E-40,-0.00000000E+00,-0.00000000E+00,1.11852078E-38,4.79109953E-40,-5.60001665E+04,-2.39965586E+03,-3.99260188E+03,-1.82399391E+02,2.33337959E+06,9.99873458E+04,2.30000000E+06,1.00000000E+05,7.76995715E+06,1.63125234E+09
2.50000000E+01,1.00000000E+00,1.56547111E-02,1.39978359E+08,1.60893713E+05,2.01740193E-08,-0.00000000E+00,-0.00000000E+00,-4.56688585E-31,-1.98588794E-32,1.56504598E+09,6.27116346E+07,1.56525265E-01,6.27202563E-03,-1.56742263E+09,-6.28092829E+07,-1.10485544E+06,-5.06768137E+04,-0.00000000E+00,-0.00000000E+00,1.16642819E-38,4.79050314E-40,-0.00000000E+00,-0.00000000E+00,1.16642819E-38,4.79050313E-40,-5.83998224E+04,-2.39965586E+03,-4.17500126E+03,-1.82399357E+02,2.43336693E+06,9.99873458E+04,2.40000000E+06,1.00000000E+05,7.76995378E+06,1.63125234E+09
2.60000000E+01,1.00000000E+00,1.58352899E-02,1.39978299E+08,1.60893714E+05,1.48902634E-08,-0.00000000E+00,-0.00000000E+00,-4.76547465E-31,-1.98588795E-32,1.62776644E+09,6.27204630E+07,1.62798177E-01,6.27291129E-03,-1.63024074E+09,-6.28181110E+07,-1.15553225E+06,-5.06768132E+04,-0.00000000E+00,-0.00000000E+00,1.21432966E-38,4.78991046E-40,-0.00000000E+00,-0.00000000E+00,1.21432966E-38,4.78991045E-40,-6.07994783E+04,-2.39965586E+03,-4.35740061E+03,-1.82399324E+02,2.53335428E+06,9.99873458E+04,2.50000000E+06,1.00000000E+05,7.76995043E+06,1.63125234E+09
2.70000000E+01,1.00000000E+00,1.60158051E-02,1.39978239E+08,1.60893714E+05,1.09903665E-08,-0.00000000E+00,-0.00000000E+00,-4.96406345E-31,-1.98588796E-32,1.69049569E+09,6.27292480E+07,1.69071969E-01,6.27379261E-03,-1.69306764E+09,-6.28268958E+07,-1.20620905E+06,-5.06768127E+04,-0.00000000E+00,-0.00000000E+00,1.26222523E-38,4.78932146E-40,-0.00000000E+00,-0.00000000E+00,1.26222522E-38,4.78932145E-40,-6.31991341E+04,-2.39965586E+03,-4.53979992E+03,-1.82399293E+02,2.63334163E+06,9.99873458E+04,2.60000000E+06,1.00000000E+05,7.76994709E+06,1.63125234E+09
2.80000000E+01,1.00000000E+00,1.61962517E-02,1.39978179E+08,1.60893715E+05,8.11188549E-09,-0.00000000E+00,-0.00000000E+00,-5.16265225E-31,-1.98588797E-32,1.75323368E+09,6.27379911E+07,1.75346639E-01,6.27466973E-03,-1.75590328E+09,-6.28356387E+07,-1.25688586E+06,-5.06768123E+04,-0.00000000E+00,-0.00000000E+00,1.31011492E-38,4.78873609E-40,-0.00000000E+00,-0.00000000E+00,1.31011492E-38,4.78873608E-40,-6.55987900E+04,-2.39965586E+03,-4.72219920E+03,-1.82399263E+02,2.73332897E+06,9.99873458E+04,2.70000000E+06,1.00000000E+05,7.76994377E+06,1.63125234E+09
2.90000000E+01,1.00000000E+00,1.63766296E-02,1.39978119E+08,1.60893716E+05,5.98730377E-09,-0.00000000E+00,-0.00000000E+00,-5.36124105E-31,-1.98588798E-32,1.81598037E+09,6.27466934E+07,1.81622182E-01,6.27554275E-03,-1.81874762E+09,-6.28443407E+07,-1.30756266E+06,-5.06768118E+04,-0.00000000E+00,-0.00000000E+00,1.35799879E-38,4.78815432E-40,-0.00000000E+00,-0.00000000E+00,1.35799879E-38,4.78815431E-40,-6.79984458E+04,-2.39965586E+03,-4.90459845E+03,-1.82399235E+02,2.83331632E+06,9.99873458E+04,2.80000000E+06,1.00000000E+05,7.76994046E+06,1.63125234E+09
3.00000000E+01,1.00000000E+00,1.65569389E-02,1.39978060E+08,1.60893716E+05,4.41916911E-09,-0.00000000E+00,-0.00000000E+00,-5.55982985E-31,-1.98588798E-32,1.87873573E+09,6.27553559E+07,1.87898594E-01,6.27641180E-03,-1.88160062E+09,-6.28530030E+07,-1.35823946E+06,-5.06768114E+04,-0.00000000E+00,-0.00000000E+00,1.40587686E-38,4.78757611E-40,-0.00000000E+00,-0.00000000E+00,1.40587686E-38,4.78757611E-40,-7.03981017E+04,-2.39965586E+03,-5.08699768E+03,-1.82399207E+02,2.93330366E+06,9.99873458E+04,2.90000000E+06,1.00000000E+05,7.76993716E+06,1.63125234E+09
3.10000000E+01,1.00000000E+00,1.67371961E-02,1.39978000E+08,1.60893717E+05,3.26174344E-09,-0.00000000E+00,-0.00000000E+00,-5.75841865E-31,-1.98588799E-32,1.94149971E+09,6.27639797E+07,1.94175871E-01,6.27727696E-03,-1.94446225E+09,-6.28616266E+07,-1.40891627E+06,-5.06768110E+04,-0.00000000E+00,-0.00000000E+00,1.45374917E-38,4.78700144E-40,-0.00000000E+00,-0.00000000E+00,1.45374917E-38,4.78700143E-40,-7.27977575E+04,-2.39965586E+03,-5.26939688E+03,-1.82399181E+02,3.03329101E+06,9.99873458E+04,3.00000000E+06,1.00000000E+05,7.76993387E+06,1.63125234E+09
3.20000000E+01,1.00000000E+00,1.69173867E-02,1.39977941E+08,1.60893718E+05,2.40745858E-09,-0.00000000E+00,-0.00000000E+00,-5.95700745E-31,-1.98588800E-32,2.00427227E+09,6.27725658E+07,2.00454009E-01,6.27813834E-03,-2.00733246E+09,-6.28702125E+07,-1.45959307E+06,-5.06768106E+04,-0.00000000E+00,-0.00000000E+00,1.50161575E-38,4.78643026E-40,-0.00000000E+00,-0.00000000E+00,1.50161575E-38,4.78643025E-40,-7.51974134E+04,-2.39965586E+03,-5.45179605E+03,-1.82399155E+02,3.13327835E+06,9.99873458E+04,3.10000000E+06,1.00000000E+05,7.76993059E+06,1.63125234E+09
3.30000000E+01,1.00000000E+00,1.70975089E-02,1.39977882E+08,1.60893719E+05,1.77691928E-09,-0.00000000E+00,-0.00000000E+00,-6.15559625E-31,-1.98588801E-32,2.06705339E+09,6.27811150E+07,2.06733005E-01,6.27899603E-03,-2.07021122E+09,-6.28787615E+07,-1.51026987E+06,-5.06768102E+04,-0.00000000E+00,-0.00000000E+00,1.54947664E-38,4.78586253E-40,-0.00000000E+00,-0.00000000E+00,1.54947664E-38,4.78586252E-40,-7.75970693E+04,-2.39965586E+03,-5.63419519E+03,-1.82399130E+02,3.23326570E+06,9.99873458E+04,3.20000000E+06,1.00000000E+05,7.76992732E+06,1.63125234E+09
3.40000000E+01,1.00000000E+00,1.72775629E-02,1.39977824E+08,1.60893719E+05,1.31152456E-09,-0.00000000E+00,-0.00000000E+00,-6.35418505E-31,-1.98588802E-32,2.12984302E+09,6.27896283E+07,2.13012855E-01,6.27985011E-03,-2.13309850E+09,-6.28872746E+07,-1.56094667E+06,-5.06768099E+04,-0.00000000E+00,-0.00000000E+00,1.59733188E-38,4.78529822E-40,-0.00000000E+00,-0.00000000E+00,1.59733187E-38,4.78529822E-40,-7.99967251E+04,-2.39965586E+03,-5.81659432E+03,-1.82399107E+02,3.33325305E+06,9.99873458E+04,3.30000000E+06,1.00000000E+05,7.76992406E+06,1.63125234E+09
3.50000000E+01,1.00000000E+00,1.74575485E-02,1.39977765E+08,1.60893720E+05,9.68021514E-10,-0.00000000E+00,-0.00000000E+00,-6.55277386E-31,-1.98588803E-32,2.19264112E+09,6.27981064E+07,2.19293556E-01,6.28070067E-03,-2.19599425E+09,-6.28957526E+07,-1.61162348E+06,-5.06768095E+04,-0.00000000E+00,-0.00000000E+00,1.64518149E-38,4.78473730E-40,-0.00000000E+00,-0.00000000E+00,1.64518149E-38,4.78473730E-40,-8.23963810E+04,-2.39965586E+03,-5.99899341E+03,-1.82399084E+02,3.43324039E+06,9.99873458E+04,3.40000000E+06,1.00000000E+05,7.76992082E+06,1.63125234E+09
3.60000000E+01,1.00000000E+00,1.76374680E-02,1.39977707E+08,1.60893720E+05,7.14485544E-10,-0.00000000E+00,-0.00000000E+00,-6.75136266E-31,-1.98588803E-32,2.25544767E+09,6.28065502E+07,2.25575103E-01,6.28154779E-03,-2.25889844E+09,-6.29041962E+07,-1.66230028E+06,-5.06768092E+04,-0.00000000E+00,-0.00000000E+00,1.69302551E-38,4.78417974E-40,-0.00000000E+00,-0.00000000E+00,1.69302551E-38,4.78417974E-40,-8.47960368E+04,-2.39965586E+03,-6.18139249E+03,-1.82399062E+02,3.53322774E+06,9.99873458E+04,3.50000000E+06,1.00000000E+05,7.76991758E+06,1.63125234E+09
3.70000000E+01,1.00000000E+00,1.78173297E-02,1.39977649E+08,1.60893721E+05,5.27353387E-10,-0.00000000E+00,-0.00000000E+00,-6.94995147E-31,-1.98588804E-32,2.31826263E+09,6.28149603E+07,2.31857495E-01,6.28239153E-03,-2.32181105E+09,-6.29126061E+07,-1.71297708E+06,-5.06768089E+04,-0.00000000E+00,-0.00000000E+00,1.74086398E-38,4.78362551E-40,-0.00000000E+00,-0.00000000E+00,1.74086398E-38,4.78362550E-40,-8.71956927E+04,-2.39965586E+03,-6.36379155E+03,-1.82399040E+02,3.63321508E+06,9.99873458E+04,3.60000000E+06,1.00000000E+05,7.76991435E+06,1.63125234E+09
3.80000000E+01,1.00000000E+00,1.79971238E-02,1.39977591E+08,1.60893722E+05,3.89233212E-10,-0.00000000E+00,-0.00000000E+00,-7.14854027E-31,-1.98588805E-32,2.38108597E+09,6.28233375E+07,2.38140727E-01,6.28323198E-03,-2.38473203E+09,-6.29209831E+07,-1.76365388E+06,-5.06768086E+04,-0.00000000E+00,-0.00000000E+00,1.78869692E-38,4.78307456E-40,-0.00000000E+00,-0.00000000E+00,1.78869692E-38,4.78307455E-40,-8.95953486E+04,-2.39965586E+03,-6.54619058E+03,-1.82399019E+02,3.73320243E+06,9.99873458E+04,3.70000000E+06,1.00000000E+05,7.76991114E+06,1.63125234E+09
3.90000000E+01,1.00000000E+00,1.81768496E-02,1.39977533E+08,1.60893722E+05,2.87288274E-10,-0.00000000E+00,-0.00000000E+00,-7.34712908E-31,-1.98588806E-32,2.44391765E+09,6.28316825E+07,2.44424796E-01,6.28406919E-03,-2.44766136E+09,-6.29293279E+07,-1.81433069E+06,-5.06768083E+04,-0.00000000E+00,-0.00000000E+00,1.83652438E-38,4.78252686E-40,-0.00000000E+00,-0.00000000E+00,1.83652438E-38,4.78252686E-40,-9.19950044E+04,-2.39965586E+03,-6.72858959E+03,-1.82398999E+02,3.83318978E+06,9.99873458E+04,3.80000000E+06,1.00000000E+05,7.76990793E+06,1.63125234E+09
4.00000000E+01,1.00000000E+00,1.83565075E-02,1.39977475E+08,1.60893723E+05,2.12043894E-10,-0.00000000E+00,-0.00000000E+00,-7.54571789E-31,-1.98588806E-32,2.50675765E+09,6.28399958E+07,2.50709699E-01,6.28490323E-03,-2.51059900E+09,-6.29376410E+07,-1.86500749E+06,-5.06768080E+04,-0.00000000E+00,-0.00000000E+00,1.88434637E-38,4.78198240E-40,-0.00000000E+00,-0.00000000E+00,1.88434637E-38,4.78198239E-40,-9.43946603E+04,-2.39965586E+03,-6.91098858E+03,-1.82398980E+02,3.93317712E+06,9.99873458E+04,3.90000000E+06,1.00000000E+05,7.76990473E+06,1.63125234E+09
4.10000000E+01,1.00000000E+00,1.85360973E-02,1.39977418E+08,1.60893723E+05,1.56506905E-10,-0.00000000E+00,-0.00000000E+00,-7.74430670E-31,-1.98588807E-32,2.56960593E+09,6.28482780E+07,2.56995434E-01,6.28573417E-03,-2.57354493E+09,-6.29459232E+07,-1.91568429E+06,-5.06768077E+04,-0.00000000E+00,-0.00000000E+00,1.93216295E-38,4.78144112E-40,-0.00000000E+00,-0.00000000E+00,1.93216294E-38,4.78144111E-40,-9.67943161E+04,-2.39965586E+03,-7.09338756E+03,-1.82398961E+02,4.03316447E+06,9.99873458E+04,4.00000000E+06,1.00000000E+05,7.76990154E+06,1.63125234E+09
4.20000000E+01,1.00000000E+00,1.87156192E-02,1.39977361E+08,1.60893724E+05,1.15515722E-10,-0.00000000E+00,-0.00000000E+00,-7.94289550E-31,-1.98588808E-32,2.63246246E+09,6.28565299E+07,2.63281996E-01,6.28656205E-03,-2.63649910E+09,-6.29541748E+07,-1.96636109E+06,-5.06768074E+04,-0.00000000E+00,-0.00000000E+00,1.97997412E-38,4.78090300E-40,-0.00000000E+00,-0.00000000E+00,1.97997412E-38,4.78090300E-40,-9.91939720E+04,-2.39965586E+03,-7.27578651E+03,-1.82398942E+02,4.13315181E+06,9.99873458E+04,4.10000000E+06,1.00000000E+05,7.76989836E+06,1.63125234E+09
4.30000000E+01,1.00000000E+00,1.88950731E-02,1.39977304E+08,1.60893725E+05,8.52606343E-11,-0.00000000E+00,-0.00000000E+00,-8.14148431E-31,-1.98588808E-32,2.69532721E+09,6.28647518E+07,2.69569383E-01,6.28738694E-03,-2.69946150E+09,-6.29623966E+07,-2.01703789E+06,-5.06768072E+04,-0.00000000E+00,-0.00000000E+00,2.02777994E-38,4.78036802E-40,-0.00000000E+00,-0.00000000E+00,2.02777994E-38,4.78036801E-40,-1.01593628E+05,-2.39965586E+03,-7.45818545E+03,-1.82398924E+02,4.23313916E+06,9.99873458E+04,4.20000000E+06,1.00000000E+05,7.76989519E+06,1.63125234E+09
4.40000000E+01,1.00000000E+00,1.90744591E-02,1.39977247E+08,1.60893725E+05,6.29297325E-11,-0.00000000E+00,-0.00000000E+00,-8.34007312E-31,-1.98588809E-32,2.75820015E+09,6.28729444E+07,2.75857591E-01,6.28820888E-03,-2.76243209E+09,-6.29705891E+07,-2.06771470E+06,-5.06768069E+04,-0.00000000E+00,-0.00000000E+00,2.07558042E-38,4.77983614E-40,-0.00000000E+00,-0.00000000E+00,2.07558042E-38,4.77983613E-40,-1.03993284E+05,-2.39965586E+03,-7.64058437E+03,-1.82398907E+02,4.33312650E+06,9.99873458E+04,4.30000000E+06,1.00000000E+05,7.76989202E+06,1.63125234E+09
4.50000000E+01,1.00000000E+00,1.92537773E-02,1.39977190E+08,1.60893726E+05,4.64475787E-11,-0.00000000E+00,-0.00000000E+00,-8.53866193E-31,-1.98588810E-32,2.82108126E+09,6.28811082E+07,2.82146619E-01,6.28902794E-03,-2.82541084E+09,-6.29787527E+07,-2.11839150E+06,-5.06768067E+04,-0.00000000E+00,-0.00000000E+00,2.12337561E-38,4.77930732E-40,-0.00000000E+00,-0.00000000E+00,2.12337560E-38,4.77930732E-40,-1.06392940E+05,-2.39965586E+03,-7.82298327E+03,-1.82398890E+02,4.43311385E+06,9.99873458E+04,4.40000000E+06,1.00000000E+05,7.76988887E+06,1.63125234E+09
4.60000000E+01,1.00000000E+00,1.94330276E-02,1.39977133E+08,1.60893726E+05,3.42823151E-11,-0.00000000E+00,-0.00000000E+00,-8.73725075E-31,-1.98588811E-32,2.88397051E+09,6.28892436E+07,2.88436464E-01,6.28984415E-03,-2.88839773E+09,-6.29868879E+07,-2.16906830E+06,-5.06768064E+04,-0.00000000E+00,-0.00000000E+00,2.17116552E-38,4.77878155E-40,-0.00000000E+00,-0.00000000E+00,2.17116552E-38,4.77878154E-40,-1.08792595E+05,-2.39965586E+03,-8.00538215E+03,-1.82398873E+02,4.53310120E+06,9.99873458E+04,4.50000000E+06,1.00000000E+05,7.76988572E+06,1.63125234E+09
4.70000000E+01,1.00000000E+00,1.96122101E-02,1.39977076E+08,1.60893727E+05,2.53032948E-11,-0.00000000E+00,-0.00000000E+00,-8.93583956E-31,-1.98588811E-32,2.94686786E+09,6.28973511E+07,2.94727121E-01,6.29065757E-03,-2.95139272E+09,-6.29949953E+07,-2.21974510E+06,-5.06768062E+04,-0.00000000E+00,-0.00000000E+00,2.21895019E-38,4.77825879E-40,-0.00000000E+00,-0.00000000E+00,2.21895019E-38,4.77825878E-40,-1.11192251E+05,-2.39965586E+03,-8.18778102E+03,-1.82398857E+02,4.63308854E+06,9.99873458E+04,4.60000000E+06,1.00000000E+05,7.76988258E+06,1.63125234E+09
4.80000000E+01,1.00000000E+00,1.97913249E-02,1.39977020E+08,1.60893727E+05,1.86760007E-11,-0.00000000E+00,-0.00000000E+00,-9.13442837E-31,-1.98588812E-32,3.00977329E+09,6.29054312E+07,3.01018589E-01,6.29146825E-03,-3.01439580E+09,-6.30030753E+07,-2.27042190E+06,-5.06768059E+04,-0.00000000E+00,-0.00000000E+00,2.26672966E-38,4.77773901E-40,-0.00000000E+00,-0.00000000E+00,2.26672966E-38,4.77773900E-40,-1.13591907E+05,-2.39965586E+03,-8.37017987E+03,-1.82398841E+02,4.73307589E+06,9.99873458E+04,4.70000000E+06,1.00000000E+05,7.76987945E+06,1.63125234E+09
4.90000000E+01,1.00000000E+00,1.99703719E-02,1.39976964E+08,1.60893728E+05,1.37844854E-11,-0.00000000E+00,-0.00000000E+00,-9.33301718E-31,-1.98588812E-32,3.07268677E+09,6.29134843E+07,3.07310866E-01,6.29227621E-03,-3.07740693E+09,-6.30111282E+07,-2.32109870E+06,-5.06768057E+04,-0.00000000E+00,-0.00000000E+00,2.31450394E-38,4.77722218E-40,-0.00000000E+00,-0.00000000E+00,2.31450394E-38,4.77722217E-40,-1.15991563E+05,-2.39965586E+03,-8.55257871E+03,-1.82398826E+02,4.83306323E+06,9.99873458E+04,4.80000000E+06,1.00000000E+05,7.76987632E+06,1.63125234E+09
5.00000000E+01,1.00000000E+00,2.01493512E-02,1.39976908E+08,1.60893728E+05,1.01741260E-11,-0.00000000E+00,-0.00000000E+00,-9.53160600E-31,-1.98588813E-32,3.13560828E+09,6.29215108E+07,3.13603947E-01,6.29308152E-03,-3.14042608E+09,-6.30191546E+07,-2.37177550E+06,-5.06768055E+04,-0.00000000E+00,-0.00000000E+00,2.36227308E-38,4.77670828E-40,-0.00000000E+00,-0.00000000E+00,2.36227307E-38,4.77670827E-40,-1.18391219E+05,-2.39965586E+03,-8.73497753E+03,-1.82398811E+02,4.93305058E+06,9.99873458E+04,4.90000000E+06,1.00000000E+05,7.76987320E+06,1.63125234E+09
