Time [d],dt_flow [d],dt_tran [d],Global Water Mass in Liquid Phas [kg],Global Vaq [mol],Global Vim [mol],Top Water Mass [kg],Top Water Mass [kg/d],Top Vaq [mol],Top Vaq [mol/d],Right Water Mass [kg],Right Water Mass [kg/d],Right Vaq [mol],Right Vaq [mol/d],Left Water Mass [kg],Left Water Mass [kg/d],Left Vaq [mol],Left Vaq [mol/d],North Water Mass [kg],North Water Mass [kg/d],North Vaq [mol],North Vaq [mol/d],South Water Mass [kg],South Water Mass [kg/d],South Vaq [mol],South Vaq [mol/d],ExtractWell Water Mass [kg],ExtractWell Water Mass [kg/d],ExtractWell Vaq [mol],ExtractWell Vaq [mol/d],InjectWell Water Mass [kg],InjectWell Water Mass [kg/d],InjectWell Vaq [mol],InjectWell Vaq [mol/d],Region Region__all Water Mass [kg],Region Region__all Total Mass [kg]
1.00000000E+00,4.89000000E-01,3.27722073E-02,1.39978471E+08,1.06377431E-02,2.96053307E-05,-0.00000000E+00,-0.00000000E+00,2.43518753E-40,4.14998563E-40,2.08203316E+07,2.08036624E+07,2.08234162E-03,2.08067450E-03,-2.08532086E+07,-2.08535431E+07,-1.77455145E-03,-1.54368345E-03,-0.00000000E+00,-0.00000000E+00,2.42008433E-40,4.12427146E-40,-0.00000000E+00,-0.00000000E+00,2.42008433E-40,4.12427146E-40,-8.08073320E+02,-1.22621139E+03,-6.56455333E-08,-9.07716087E-08,3.36699057E+04,5.10924213E+04,3.36749000E-06,5.11000000E-06,7.76995997E+06,1.63109144E+09
2.00000000E+00,4.88000000E-01,6.64066455E-02,1.39978458E+08,8.54126397E+04,2.18821670E-05,-0.00000000E+00,-0.00000000E+00,-5.89507116E-33,-1.05423584E-32,4.15770013E+07,2.07568213E+07,4.15831625E-03,2.07598982E-03,-4.17074767E+07,-2.08544191E+07,-3.09319214E-03,-1.14182784E-03,-0.00000000E+00,-0.00000000E+00,8.03246140E-40,6.71422249E-40,-0.00000000E+00,-0.00000000E+00,8.03246140E-40,6.71422249E-40,-3.20770407E+03,-2.39963071E+03,-1.32075934E-02,-8.67342167E-02,1.33655076E+05,9.99851702E+04,1.00000000E+05,1.00000000E+05,7.76995926E+06,1.63117686E+09
3.00000000E+00,1.00000000E+00,3.03352846E-02,1.39978447E+08,1.48524619E+05,1.61751194E-05,-0.00000000E+00,-0.00000000E+00,-2.08006427E-32,-1.83321798E-32,6.23343394E+07,2.07573381E+07,6.23435787E-03,2.07604162E-03,-6.25624107E+07,-2.08549340E+07,-6.64236569E-03,-1.64652208E-02,-0.00000000E+00,-0.00000000E+00,1.56476462E-39,8.27021619E-40,-0.00000000E+00,-0.00000000E+00,1.56476462E-39,8.27021619E-40,-5.60733470E+03,-2.39963063E+03,-4.19125078E+00,-1.40803701E+01,2.33640246E+05,9.99851704E+04,2.00000000E+05,1.00000000E+05,7.76995868E+06,1.63123997E+09
4.00000000E+00,1.00000000E+00,7.24946200E-02,1.39978438E+08,1.95137017E+05,1.19559793E-05,-0.00000000E+00,-0.00000000E+00,-4.23534018E-32,-2.40854815E-32,8.30921328E+07,2.07577934E+07,8.31044514E-03,2.07608727E-03,-8.34177987E+07,-2.08553880E+07,-1.29449321E+00,-5.40656267E+00,-0.00000000E+00,-0.00000000E+00,2.44356007E-39,9.15653549E-40,-0.00000000E+00,-0.00000000E+00,2.44356007E-39,9.15653549E-40,-8.00696531E+03,-2.39963061E+03,-5.82006757E+01,-1.00496343E+02,3.33625417E+05,9.99851704E+04,3.00000000E+05,1.00000000E+05,7.76995818E+06,1.63128658E+09
5.00000000E+00,1.00000000E+00,6.08203670E-02,1.39978430E+08,2.29338806E+05,8.84643021E-06,-0.00000000E+00,-0.00000000E+00,-6.88514398E-32,-2.83069594E-32,1.03850344E+08,2.07582111E+07,1.03865743E-02,2.07612916E-03,-1.04273604E+08,-2.08558050E+07,-7.34845371E+01,-2.03091794E+02,-0.00000000E+00,-0.00000000E+00,3.38696141E-39,9.61570101E-40,-0.00000000E+00,-0.00000000E+00,3.38696141E-39,9.61570101E-40,-1.04065959E+04,-2.39963060E+03,-2.14825094E+02,-1.95121161E+02,4.33610587E+05,9.99851704E+04,4.00000000E+05,1.00000000E+05,7.76995771E+06,1.63132078E+09
6.00000000E+00,1.00000000E+00,8.81488271E-02,1.39978422E+08,2.53900656E+05,6.54760017E-06,-0.00000000E+00,-0.00000000E+00,-9.89144687E-32,-3.13385935E-32,1.24608951E+08,2.07586073E+07,1.24627432E-02,2.07616890E-03,-1.25129805E+08,-2.08562008E+07,-9.02177782E+02,-1.64577807E+03,-0.00000000E+00,-0.00000000E+00,4.36145804E-39,9.82375372E-40,-0.00000000E+00,-0.00000000E+00,4.36145804E-39,9.82375372E-40,-1.28062265E+04,-2.39963060E+03,-4.33314692E+02,-2.30392003E+02,5.33595757E+05,9.99851704E+04,5.00000000E+05,1.00000000E+05,7.76995727E+06,1.63134534E+09
7.00000000E+00,1.00000000E+00,8.81491625E-02,1.39978414E+08,2.69724628E+05,4.84898141E-06,-0.00000000E+00,-0.00000000E+00,-1.31424128E-31,-3.32917238E-32,1.45367942E+08,2.07589910E+07,1.45389506E-02,2.07620739E-03,-1.45986389E+08,-2.08565843E+07,-4.39796855E+03,-5.23540318E+03,-0.00000000E+00,-0.00000000E+00,5.34883287E-39,9.90133421E-40,-0.00000000E+00,-0.00000000E+00,5.34883287E-39,9.90133421E-40,-1.52058571E+04,-2.39963060E+03,-6.68397992E+02,-2.37030835E+02,6.33580928E+05,9.99851704E+04,6.00000000E+05,1.00000000E+05,7.76995684E+06,1.63136117E+09
8.00000000E+00,1.00000000E+00,8.81492847E-02,1.39978407E+08,2.77964016E+05,3.59102879E-06,-0.00000000E+00,-0.00000000E+00,-1.65347069E-31,-3.43086997E-32,1.66127309E+08,2.07593669E+07,1.66151957E-02,2.07624509E-03,-1.66843349E+08,-2.08569600E+07,-1.19786388E+04,-9.34159583E+03,-0.00000000E+00,-0.00000000E+00,6.34051179E-39,9.92467343E-40,-0.00000000E+00,-0.00000000E+00,6.34051179E-39,9.92467343E-40,-1.76054877E+04,-2.39963060E+03,-9.06020689E+02,-2.37840389E+02,7.33566098E+05,9.99851704E+04,7.00000000E+05,1.00000000E+05,7.76995643E+06,1.63136941E+09
9.00000000E+00,1.00000000E+00,8.81493434E-02,1.39978399E+08,2.81224039E+05,2.65942200E-06,-0.00000000E+00,-0.00000000E+00,-1.99914658E-31,-3.47110797E-32,1.86887046E+08,2.07597373E+07,1.86914779E-02,2.07628224E-03,-1.87700679E+08,-2.08573302E+07,-2.29432215E+04,-1.19910290E+04,-0.00000000E+00,-0.00000000E+00,7.33335624E-39,9.93021886E-40,-0.00000000E+00,-0.00000000E+00,7.33335624E-39,9.93021886E-40,-2.00051183E+04,-2.39963060E+03,-1.14391442E+03,-2.37911680E+02,8.33551269E+05,9.99851704E+04,8.00000000E+05,1.00000000E+05,7.76995602E+06,1.63137267E+09
1.00000000E+01,1.00000000E+00,8.81493774E-02,1.39978392E+08,2.82198627E+05,1.96949838E-06,-0.00000000E+00,-0.00000000E+00,-2.34705654E-31,-3.48313717E-32,2.07647150E+08,2.07601032E+07,2.07677969E-02,2.07631894E-03,-2.08558375E+08,-2.08576960E+07,-3.56403953E+04,-1.30875770E+04,-0.00000000E+00,-0.00000000E+00,8.32644835E-39,9.93121708E-40,-0.00000000E+00,-0.00000000E+00,8.32644835E-39,9.93121708E-40,-2.24047489E+04,-2.39963060E+03,-1.38182982E+03,-2.37916546E+02,9.33536439E+05,9.99851704E+04,9.00000000E+05,1.00000000E+05,7.76995561E+06,1.63137364E+09
1.10000000E+01,1.00000000E+00,8.81494004E-02,1.39978385E+08,2.82423379E+05,1.45855899E-06,-0.00000000E+00,-0.00000000E+00,-2.69555960E-31,-3.48591125E-32,2.28407615E+08,2.07604652E+07,2.28441521E-02,2.07635526E-03,-2.29416433E+08,-2.08580580E+07,-4.89406437E+04,-1.34058090E+04,-0.00000000E+00,-0.00000000E+00,9.31957664E-39,9.93129446E-40,-0.00000000E+00,-0.00000000E+00,9.31957664E-39,9.93129446E-40,-2.48043795E+04,-2.39963060E+03,-1.61974656E+03,-2.37916792E+02,1.03352161E+06,9.99851704E+04,1.00000000E+06,1.00000000E+05,7.76995521E+06,1.63137387E+09
1.20000000E+01,1.00000000E+00,8.81494180E-02,1.39978378E+08,2.82464513E+05,1.08017064E-06,-0.00000000E+00,-0.00000000E+00,-3.04418616E-31,-3.48641896E-32,2.49168439E+08,2.07608238E+07,2.49205433E-02,2.07639122E-03,-2.50274849E+08,-2.08584165E+07,-6.23939481E+04,-1.34748915E+04,-0.00000000E+00,-0.00000000E+00,1.03127020E-38,9.93122102E-40,-0.00000000E+00,-0.00000000E+00,1.03127020E-38,9.93122102E-40,-2.72040101E+04,-2.39963060E+03,-1.85766335E+03,-2.37916782E+02,1.13350678E+06,9.99851704E+04,1.10000000E+06,1.00000000E+05,7.76995481E+06,1.63137391E+09
1.30000000E+01,1.00000000E+00,8.81494322E-02,1.39978371E+08,2.82470655E+05,7.99946126E-07,-0.00000000E+00,-0.00000000E+00,-3.39283345E-31,-3.48649476E-32,2.69929618E+08,2.07611791E+07,2.69969702E-02,2.07642686E-03,-2.71133621E+08,-2.08587717E+07,-7.58771163E+04,-1.34866662E+04,-0.00000000E+00,-0.00000000E+00,1.13058187E-38,9.93112760E-40,-0.00000000E+00,-0.00000000E+00,1.13058187E-38,9.93112760E-40,-2.96036407E+04,-2.39963060E+03,-2.09558012E+03,-2.37916765E+02,1.23349195E+06,9.99851704E+04,1.20000000E+06,1.00000000E+05,7.76995442E+06,1.63137391E+09
1.40000000E+01,1.00000000E+00,8.81494443E-02,1.39978364E+08,2.82471419E+05,5.92419179E-07,-0.00000000E+00,-0.00000000E+00,-3.74148361E-31,-3.48650420E-32,2.90691149E+08,2.07615314E+07,2.90734324E-02,2.07646221E-03,-2.91992745E+08,-2.08591240E+07,-8.93649514E+04,-1.34883015E+04,-0.00000000E+00,-0.00000000E+00,1.22989258E-38,9.93103246E-40,-0.00000000E+00,-0.00000000E+00,1.22989258E-38,9.93103246E-40,-3.20032713E+04,-2.39963060E+03,-2.33349688E+03,-2.37916750E+02,1.33347712E+06,9.99851704E+04,1.30000000E+06,1.00000000E+05,7.76995402E+06,1.63137391E+09
1.50000000E+01,1.00000000E+00,8.81494548E-02,1.39978357E+08,2.82471498E+05,4.38730150E-07,-0.00000000E+00,-0.00000000E+00,-4.09013410E-31,-3.48650517E-32,3.11453030E+08,2.07618809E+07,3.11499297E-02,2.07649727E-03,-3.12852219E+08,-2.08594735E+07,-1.02853390E+05,-1.34884918E+04,-0.00000000E+00,-0.00000000E+00,1.32920234E-38,9.93093775E-40,-0.00000000E+00,-0.00000000E+00,1.32920234E-38,9.93093775E-40,-3.44029019E+04,-2.39963060E+03,-2.57141362E+03,-2.37916738E+02,1.43346229E+06,9.99851704E+04,1.40000000E+06,1.00000000E+05,7.76995364E+06,1.63137391E+09
1.60000000E+01,1.00000000E+00,8.81494638E-02,1.39978350E+08,2.82471503E+05,3.24912074E-07,-0.00000000E+00,-0.00000000E+00,-4.43878462E-31,-3.48650523E-32,3.32215258E+08,2.07622278E+07,3.32264617E-02,2.07653206E-03,-3.33712039E+08,-2.08598203E+07,-1.16341894E+05,-1.34885107E+04,-0.00000000E+00,-0.00000000E+00,1.42851117E-38,9.93084367E-40,-0.00000000E+00,-0.00000000E+00,1.42851117E-38,9.93084367E-40,-3.68025325E+04,-2.39963060E+03,-2.80933036E+03,-2.37916727E+02,1.53344746E+06,9.99851704E+04,1.50000000E+06,1.00000000E+05,7.76995325E+06,1.63137391E+09
1.70000000E+01,1.00000000E+00,8.81494721E-02,1.39978343E+08,2.82471502E+05,2.40621385E-07,-0.00000000E+00,-0.00000000E+00,-4.78743514E-31,-3.48650522E-32,3.52977830E+08,2.07625721E+07,3.53030283E-02,2.07656660E-03,-3.54572204E+08,-2.08601646E+07,-1.29830404E+05,-1.34885122E+04,-0.00000000E+00,-0.00000000E+00,1.52781905E-38,9.93075023E-40,-0.00000000E+00,-0.00000000E+00,1.52781905E-38,9.93075023E-40,-3.92021631E+04,-2.39963060E+03,-3.04724708E+03,-2.37916718E+02,1.63343263E+06,9.99851704E+04,1.60000000E+06,1.00000000E+05,7.76995287E+06,1.63137391E+09
1.80000000E+01,1.00000000E+00,8.81494794E-02,1.39978336E+08,2.82471500E+05,1.78197904E-07,-0.00000000E+00,-0.00000000E+00,-5.13608566E-31,-3.48650520E-32,3.73740744E+08,2.07629141E+07,3.73796292E-02,2.07660090E-03,-3.75432710E+08,-2.08605064E+07,-1.43318915E+05,-1.34885123E+04,-0.00000000E+00,-0.00000000E+00,1.62712600E-38,9.93065740E-40,-0.00000000E+00,-0.00000000E+00,1.62712600E-38,9.93065740E-40,-4.16017937E+04,-2.39963060E+03,-3.28516379E+03,-2.37916709E+02,1.73341780E+06,9.99851704E+04,1.70000000E+06,1.00000000E+05,7.76995249E+06,1.63137391E+09
1.90000000E+01,1.00000000E+00,8.81494861E-02,1.39978329E+08,2.82471499E+05,1.31968707E-07,-0.00000000E+00,-0.00000000E+00,-5.48473618E-31,-3.48650519E-32,3.94503998E+08,2.07632537E+07,3.94562642E-02,2.07663497E-03,-3.96293556E+08,-2.08608460E+07,-1.56807426E+05,-1.34885123E+04,-0.00000000E+00,-0.00000000E+00,1.72643203E-38,9.93056519E-40,-0.00000000E+00,-0.00000000E+00,1.72643203E-38,9.93056519E-40,-4.40014242E+04,-2.39963060E+03,-3.52308050E+03,-2.37916702E+02,1.83340297E+06,9.99851704E+04,1.80000000E+06,1.00000000E+05,7.76995211E+06,1.63137391E+09
2.00000000E+01,1.00000000E+00,8.81494922E-02,1.39978322E+08,2.82471498E+05,9.77325731E-08,-0.00000000E+00,-0.00000000E+00,-5.83338670E-31,-3.48650518E-32,4.15267589E+08,2.07635911E+07,4.15329330E-02,2.07666882E-03,-4.17154740E+08,-2.08611834E+07,-1.70295937E+05,-1.34885124E+04,-0.00000000E+00,-0.00000000E+00,1.82573714E-38,9.93047358E-40,-0.00000000E+00,-0.00000000E+00,1.82573714E-38,9.93047358E-40,-4.64010548E+04,-2.39963060E+03,-3.76099720E+03,-2.37916695E+02,1.93338814E+06,9.99851704E+04,1.90000000E+06,1.00000000E+05,7.76995174E+06,1.63137391E+09
2.10000000E+01,1.00000000E+00,8.81494979E-02,1.39978316E+08,2.82471498E+05,7.23781876E-08,-0.00000000E+00,-0.00000000E+00,-6.18203722E-31,-3.48650517E-32,4.36031515E+08,2.07639265E+07,4.36096355E-02,2.07670245E-03,-4.38016258E+08,-2.08615187E+07,-1.83784448E+05,-1.34885124E+04,-0.00000000E+00,-0.00000000E+00,1.92504134E-38,9.93038257E-40,-0.00000000E+00,-0.00000000E+00,1.92504134E-38,9.93038257E-40,-4.88006854E+04,-2.39963060E+03,-3.99891389E+03,-2.37916689E+02,2.03337331E+06,9.99851704E+04,2.00000000E+06,1.00000000E+05,7.76995136E+06,1.63137391E+09
2.20000000E+01,1.00000000E+00,8.81495032E-02,1.39978309E+08,2.82471497E+05,5.36013927E-08,-0.00000000E+00,-0.00000000E+00,-6.53068774E-31,-3.48650516E-32,4.56795775E+08,2.07642598E+07,4.56863714E-02,2.07673589E-03,-4.58878110E+08,-2.08618520E+07,-1.97272960E+05,-1.34885124E+04,-0.00000000E+00,-0.00000000E+00,2.02434463E-38,9.93029215E-40,-0.00000000E+00,-0.00000000E+00,2.02434463E-38,9.93029215E-40,-5.12003160E+04,-2.39963060E+03,-4.23683058E+03,-2.37916683E+02,2.13335848E+06,9.99851704E+04,2.10000000E+06,1.00000000E+05,7.76995099E+06,1.63137391E+09
2.30000000E+01,1.00000000E+00,8.81495081E-02,1.39978302E+08,2.82471497E+05,3.96957896E-08,-0.00000000E+00,-0.00000000E+00,-6.87933825E-31,-3.48650516E-32,4.77560366E+08,2.07645911E+07,4.77631405E-02,2.07676913E-03,-4.79740294E+08,-2.08621833E+07,-2.10761471E+05,-1.34885124E+04,-0.00000000E+00,-0.00000000E+00,2.12364702E-38,9.93020231E-40,-0.00000000E+00,-0.00000000E+00,2.12364702E-38,9.93020231E-40,-5.35999466E+04,-2.39963060E+03,-4.47474726E+03,-2.37916678E+02,2.23334365E+06,9.99851704E+04,2.20000000E+06,1.00000000E+05,7.76995062E+06,1.63137391E+09
2.40000000E+01,1.00000000E+00,8.81495127E-02,1.39978296E+08,2.82471496E+05,2.93976635E-08,-0.00000000E+00,-0.00000000E+00,-7.22798877E-31,-3.48650515E-32,4.98325287E+08,2.07649206E+07,4.98399427E-02,2.07680218E-03,-5.00602806E+08,-2.08625128E+07,-2.24249982E+05,-1.34885124E+04,-0.00000000E+00,-0.00000000E+00,2.22294852E-38,9.93011304E-40,-0.00000000E+00,-0.00000000E+00,2.22294852E-38,9.93011304E-40,-5.59995772E+04,-2.39963060E+03,-4.71266393E+03,-2.37916674E+02,2.33332882E+06,9.99851704E+04,2.30000000E+06,1.00000000E+05,7.76995026E+06,1.63137391E+09
2.50000000E+01,1.00000000E+00,8.81495169E-02,1.39978289E+08,2.82471496E+05,2.17711408E-08,-0.00000000E+00,-0.00000000E+00,-7.57663928E-31,-3.48650515E-32,5.19090535E+08,2.07652483E+07,5.19167777E-02,2.07683504E-03,-5.21465647E+08,-2.08628404E+07,-2.37738494E+05,-1.34885124E+04,-0.00000000E+00,-0.00000000E+00,2.32224912E-38,9.93002435E-40,-0.00000000E+00,-0.00000000E+00,2.32224912E-38,9.93002434E-40,-5.83992078E+04,-2.39963060E+03,-4.95058061E+03,-2.37916669E+02,2.43331399E+06,9.99851704E+04,2.40000000E+06,1.00000000E+05,7.76994989E+06,1.63137391E+09
2.60000000E+01,1.00000000E+00,8.81495210E-02,1.39978283E+08,2.82471496E+05,1.61231374E-08,-0.00000000E+00,-0.00000000E+00,-7.92528980E-31,-3.48650515E-32,5.39856109E+08,2.07655742E+07,5.39936454E-02,2.07686774E-03,-5.42328813E+08,-2.08631662E+07,-2.51227005E+05,-1.34885124E+04,-0.00000000E+00,-0.00000000E+00,2.42154884E-38,9.92993621E-40,-0.00000000E+00,-0.00000000E+00,2.42154884E-38,9.92993621E-40,-6.07988384E+04,-2.39963060E+03,-5.18849727E+03,-2.37916666E+02,2.53329917E+06,9.99851704E+04,2.50000000E+06,1.00000000E+05,7.76994953E+06,1.63137391E+09
2.70000000E+01,1.00000000E+00,8.81495248E-02,1.39978276E+08,2.82471496E+05,1.19403739E-08,-0.00000000E+00,-0.00000000E+00,-8.27394031E-31,-3.48650514E-32,5.60622008E+08,2.07658984E+07,5.60705457E-02,2.07690025E-03,-5.63192303E+08,-2.08634904E+07,-2.64715517E+05,-1.34885124E+04,-0.00000000E+00,-0.00000000E+00,2.52084769E-38,9.92984862E-40,-0.00000000E+00,-0.00000000E+00,2.52084769E-38,9.92984862E-40,-6.31984690E+04,-2.39963060E+03,-5.42641394E+03,-2.37916662E+02,2.63328434E+06,9.99851704E+04,2.60000000E+06,1.00000000E+05,7.76994917E+06,1.63137391E+09
2.80000000E+01,1.00000000E+00,8.81495284E-02,1.39978270E+08,2.82471495E+05,8.84272862E-09,-0.00000000E+00,-0.00000000E+00,-8.62259083E-31,-3.48650514E-32,5.81388229E+08,2.07662209E+07,5.81474783E-02,2.07693261E-03,-5.84056116E+08,-2.08638129E+07,-2.78204028E+05,-1.34885124E+04,-0.00000000E+00,-0.00000000E+00,2.62014566E-38,9.92976159E-40,-0.00000000E+00,-0.00000000E+00,2.62014566E-38,9.92976159E-40,-6.55980996E+04,-2.39963060E+03,-5.66433060E+03,-2.37916659E+02,2.73326951E+06,9.99851704E+04,2.70000000E+06,1.00000000E+05,7.76994881E+06,1.63137391E+09
2.90000000E+01,1.00000000E+00,8.81495319E-02,1.39978263E+08,2.82471495E+05,6.54869354E-09,-0.00000000E+00,-0.00000000E+00,-8.97124134E-31,-3.48650514E-32,6.02154770E+08,2.07665418E+07,6.02244431E-02,2.07696480E-03,-6.04920250E+08,-2.08641338E+07,-2.91692540E+05,-1.34885124E+04,-0.00000000E+00,-0.00000000E+00,2.71944276E-38,9.92967509E-40,-0.00000000E+00,-0.00000000E+00,2.71944276E-38,9.92967509E-40,-6.79977302E+04,-2.39963060E+03,-5.90224726E+03,-2.37916656E+02,2.83325468E+06,9.99851704E+04,2.80000000E+06,1.00000000E+05,7.76994845E+06,1.63137391E+09
3.00000000E+01,1.00000000E+00,8.81495351E-02,1.39978257E+08,2.82471495E+05,4.84979116E-09,-0.00000000E+00,-0.00000000E+00,-9.31989186E-31,-3.48650514E-32,6.22921632E+08,2.07668612E+07,6.23014399E-02,2.07699683E-03,-6.25784703E+08,-2.08644531E+07,-3.05181051E+05,-1.34885124E+04,-0.00000000E+00,-0.00000000E+00,2.81873901E-38,9.92958914E-40,-0.00000000E+00,-0.00000000E+00,2.81873901E-38,9.92958914E-40,-7.03973608E+04,-2.39963060E+03,-6.14016391E+03,-2.37916653E+02,2.93323985E+06,9.99851704E+04,2.90000000E+06,1.00000000E+05,7.76994810E+06,1.63137391E+09
3.10000000E+01,1.00000000E+00,8.81495382E-02,1.39978250E+08,2.82471495E+05,3.59162849E-09,-0.00000000E+00,-0.00000000E+00,-9.66854237E-31,-3.48650514E-32,6.43688810E+08,2.07671790E+07,6.43784687E-02,2.07702872E-03,-6.46649474E+08,-2.08647709E+07,-3.18669563E+05,-1.34885124E+04,-0.00000000E+00,-0.00000000E+00,2.91803439E-38,9.92950371E-40,-0.00000000E+00,-0.00000000E+00,2.91803439E-38,9.92950371E-40,-7.27969914E+04,-2.39963060E+03,-6.37808056E+03,-2.37916650E+02,3.03322502E+06,9.99851704E+04,3.00000000E+06,1.00000000E+05,7.76994775E+06,1.63137391E+09
3.20000000E+01,1.00000000E+00,8.81495412E-02,1.39978244E+08,2.82471495E+05,2.65986613E-09,-0.00000000E+00,-0.00000000E+00,-1.00171929E-30,-3.48650513E-32,6.64456306E+08,2.07674953E+07,6.64555291E-02,2.07706045E-03,-6.67514561E+08,-2.08650872E+07,-3.32158075E+05,-1.34885124E+04,-0.00000000E+00,-0.00000000E+00,3.01732893E-38,9.92941881E-40,-0.00000000E+00,-0.00000000E+00,3.01732893E-38,9.92941881E-40,-7.51966220E+04,-2.39963060E+03,-6.61599721E+03,-2.37916648E+02,3.13321019E+06,9.99851704E+04,3.10000000E+06,1.00000000E+05,7.76994739E+06,1.63137391E+09
3.30000000E+01,1.00000000E+00,8.81495440E-02,1.39978238E+08,2.82471495E+05,1.96982729E-09,-0.00000000E+00,-0.00000000E+00,-1.03658434E-30,-3.48650513E-32,6.85224116E+08,2.07678102E+07,6.85326211E-02,2.07709204E-03,-6.88379963E+08,-2.08654021E+07,-3.45646586E+05,-1.34885124E+04,-0.00000000E+00,-0.00000000E+00,3.11662262E-38,9.92933442E-40,-0.00000000E+00,-0.00000000E+00,3.11662262E-38,9.92933442E-40,-7.75962526E+04,-2.39963060E+03,-6.85391386E+03,-2.37916645E+02,3.23319536E+06,9.99851704E+04,3.20000000E+06,1.00000000E+05,7.76994704E+06,1.63137391E+09
3.40000000E+01,1.00000000E+00,8.81495467E-02,1.39978231E+08,2.82471495E+05,1.45880257E-09,-0.00000000E+00,-0.00000000E+00,-1.07144939E-30,-3.48650513E-32,7.05992240E+08,2.07681237E+07,7.06097446E-02,2.07712348E-03,-7.09245679E+08,-2.08657155E+07,-3.59135098E+05,-1.34885124E+04,-0.00000000E+00,-0.00000000E+00,3.21591547E-38,9.92925056E-40,-0.00000000E+00,-0.00000000E+00,3.21591547E-38,9.92925056E-40,-7.99958832E+04,-2.39963060E+03,-7.09183050E+03,-2.37916643E+02,3.33318053E+06,9.99851704E+04,3.30000000E+06,1.00000000E+05,7.76994669E+06,1.63137391E+09
3.50000000E+01,1.00000000E+00,8.81495494E-02,1.39978225E+08,2.82471495E+05,1.08035103E-09,-0.00000000E+00,-0.00000000E+00,-1.10631444E-30,-3.48650513E-32,7.26760675E+08,2.07684358E+07,7.26868994E-02,2.07715479E-03,-7.30111706E+08,-2.08660276E+07,-3.72623610E+05,-1.34885124E+04,-0.00000000E+00,-0.00000000E+00,3.31520748E-38,9.92916720E-40,-0.00000000E+00,-0.00000000E+00,3.31520748E-38,9.92916720E-40,-8.23955138E+04,-2.39963060E+03,-7.32974715E+03,-2.37916641E+02,3.43316570E+06,9.99851704E+04,3.40000000E+06,1.00000000E+05,7.76994635E+06,1.63137391E+09
3.60000000E+01,1.00000000E+00,8.81495519E-02,1.39978219E+08,2.82471495E+05,8.00079717E-10,-0.00000000E+00,-0.00000000E+00,-1.14117949E-30,-3.48650513E-32,7.47529422E+08,2.07687465E+07,7.47640854E-02,2.07718596E-03,-7.50978044E+08,-2.08663383E+07,-3.86112121E+05,-1.34885123E+04,-0.00000000E+00,-0.00000000E+00,3.41449866E-38,9.92908434E-40,-0.00000000E+00,-0.00000000E+00,3.41449866E-38,9.92908434E-40,-8.47951444E+04,-2.39963060E+03,-7.56766379E+03,-2.37916639E+02,3.53315087E+06,9.99851704E+04,3.50000000E+06,1.00000000E+05,7.76994600E+06,1.63137391E+09
3.70000000E+01,1.00000000E+00,8.81495543E-02,1.39978213E+08,2.82471495E+05,5.92518113E-10,-0.00000000E+00,-0.00000000E+00,-1.17604455E-30,-3.48650513E-32,7.68298478E+08,2.07690559E+07,7.68413024E-02,2.07721699E-03,-7.71844692E+08,-2.08666476E+07,-3.99600633E+05,-1.34885123E+04,-0.00000000E+00,-0.00000000E+00,3.51378902E-38,9.92900198E-40,-0.00000000E+00,-0.00000000E+00,3.51378902E-38,9.92900198E-40,-8.71947750E+04,-2.39963060E+03,-7.80558043E+03,-2.37916637E+02,3.63313604E+06,9.99851704E+04,3.60000000E+06,1.00000000E+05,7.76994566E+06,1.63137391E+09
3.80000000E+01,1.00000000E+00,8.81495566E-02,1.39978207E+08,2.82471495E+05,4.38803418E-10,-0.00000000E+00,-0.00000000E+00,-1.21090960E-30,-3.48650513E-32,7.89067842E+08,2.07693640E+07,7.89185503E-02,2.07724790E-03,-7.92711648E+08,-2.08669557E+07,-4.13089145E+05,-1.34885123E+04,-0.00000000E+00,-0.00000000E+00,3.61307855E-38,9.92892012E-40,-0.00000000E+00,-0.00000000E+00,3.61307855E-38,9.92892012E-40,-8.95944056E+04,-2.39963060E+03,-8.04349706E+03,-2.37916636E+02,3.73312121E+06,9.99851704E+04,3.70000000E+06,1.00000000E+05,7.76994531E+06,1.63137391E+09
3.90000000E+01,1.00000000E+00,8.81495589E-02,1.39978200E+08,2.82471494E+05,3.24966335E-10,-0.00000000E+00,-0.00000000E+00,-1.24577465E-30,-3.48650513E-32,8.09837513E+08,2.07696708E+07,8.09958289E-02,2.07727868E-03,-8.13578910E+08,-2.08672625E+07,-4.26577656E+05,-1.34885123E+04,-0.00000000E+00,-0.00000000E+00,3.71236727E-38,9.92883874E-40,-0.00000000E+00,-0.00000000E+00,3.71236727E-38,9.92883874E-40,-9.19940362E+04,-2.39963060E+03,-8.28141370E+03,-2.37916634E+02,3.83310638E+06,9.99851704E+04,3.80000000E+06,1.00000000E+05,7.76994497E+06,1.63137391E+09
4.00000000E+01,1.00000000E+00,8.81495611E-02,1.39978194E+08,2.82471494E+05,2.40661568E-10,-0.00000000E+00,-0.00000000E+00,-1.28063970E-30,-3.48650513E-32,8.30607489E+08,2.07699764E+07,8.30731383E-02,2.07730933E-03,-8.34446478E+08,-2.08675681E+07,-4.40066168E+05,-1.34885123E+04,-0.00000000E+00,-0.00000000E+00,3.81165518E-38,9.92875785E-40,-0.00000000E+00,-0.00000000E+00,3.81165518E-38,9.92875784E-40,-9.43936668E+04,-2.39963060E+03,-8.51933033E+03,-2.37916633E+02,3.93309155E+06,9.99851704E+04,3.90000000E+06,1.00000000E+05,7.76994463E+06,1.63137391E+09
4.10000000E+01,1.00000000E+00,8.81495632E-02,1.39978188E+08,2.82471494E+05,1.78227663E-10,-0.00000000E+00,-0.00000000E+00,-1.31550475E-30,-3.48650513E-32,8.51377770E+08,2.07702808E+07,8.51504781E-02,2.07733987E-03,-8.55314351E+08,-2.08678725E+07,-4.53554680E+05,-1.34885123E+04,-0.00000000E+00,-0.00000000E+00,3.91094228E-38,9.92867743E-40,-0.00000000E+00,-0.00000000E+00,3.91094228E-38,9.92867743E-40,-9.67932974E+04,-2.39963060E+03,-8.75724696E+03,-2.37916631E+02,4.03307672E+06,9.99851704E+04,4.00000000E+06,1.00000000E+05,7.76994429E+06,1.63137391E+09
4.20000000E+01,1.00000000E+00,8.81495652E-02,1.39978182E+08,2.82471494E+05,1.31990746E-10,-0.00000000E+00,-0.00000000E+00,-1.35036980E-30,-3.48650513E-32,8.72148354E+08,2.07705840E+07,8.72278484E-02,2.07737028E-03,-8.76182527E+08,-2.08681756E+07,-4.67043191E+05,-1.34885122E+04,-0.00000000E+00,-0.00000000E+00,4.01022859E-38,9.92859749E-40,-0.00000000E+00,-0.00000000E+00,4.01022859E-38,9.92859749E-40,-9.91929280E+04,-2.39963060E+03,-8.99516360E+03,-2.37916630E+02,4.13306189E+06,9.99851704E+04,4.10000000E+06,1.00000000E+05,7.76994396E+06,1.63137391E+09
4.30000000E+01,1.00000000E+00,8.81495672E-02,1.39978176E+08,2.82471495E+05,9.77488944E-11,-0.00000000E+00,-0.00000000E+00,-1.38523485E-30,-3.48650513E-32,8.92919240E+08,2.07708860E+07,8.93052490E-02,2.07740057E-03,-8.97051004E+08,-2.08684776E+07,-4.80531703E+05,-1.34885122E+04,-0.00000000E+00,-0.00000000E+00,4.10951409E-38,9.92851802E-40,-0.00000000E+00,-0.00000000E+00,4.10951409E-38,9.92851802E-40,-1.01592559E+05,-2.39963060E+03,-9.23308023E+03,-2.37916629E+02,4.23304706E+06,9.99851704E+04,4.20000000E+06,1.00000000E+05,7.76994362E+06,1.63137391E+09
4.40000000E+01,1.00000000E+00,8.81495691E-02,1.39978170E+08,2.82471495E+05,7.23902747E-11,-0.00000000E+00,-0.00000000E+00,-1.42009990E-30,-3.48650513E-32,9.13690427E+08,2.07711868E+07,9.13826797E-02,2.07743075E-03,-9.17919782E+08,-2.08687784E+07,-4.94020215E+05,-1.34885122E+04,-0.00000000E+00,-0.00000000E+00,4.20879880E-38,9.92843901E-40,-0.00000000E+00,-0.00000000E+00,4.20879880E-38,9.92843901E-40,-1.03992189E+05,-2.39963060E+03,-9.47099685E+03,-2.37916628E+02,4.33303223E+06,9.99851704E+04,4.30000000E+06,1.00000000E+05,7.76994328E+06,1.63137391E+09
4.50000000E+01,1.00000000E+00,8.81495710E-02,1.39978164E+08,2.82471495E+05,5.36103442E-11,-0.00000000E+00,-0.00000000E+00,-1.45496496E-30,-3.48650513E-32,9.34461913E+08,2.07714865E+07,9.34601406E-02,2.07746081E-03,-9.38788861E+08,-2.08690781E+07,-5.07508726E+05,-1.34885122E+04,-0.00000000E+00,-0.00000000E+00,4.30808273E-38,9.92836046E-40,-0.00000000E+00,-0.00000000E+00,4.30808273E-38,9.92836046E-40,-1.06391820E+05,-2.39963060E+03,-9.70891348E+03,-2.37916627E+02,4.43301740E+06,9.99851704E+04,4.40000000E+06,1.00000000E+05,7.76994295E+06,1.63137391E+09
4.60000000E+01,1.00000000E+00,8.81495728E-02,1.39978158E+08,2.82471495E+05,3.97024188E-11,-0.00000000E+00,-0.00000000E+00,-1.48983001E-30,-3.48650513E-32,9.55233698E+08,2.07717851E+07,9.55376313E-02,2.07749077E-03,-9.59658237E+08,-2.08693766E+07,-5.20997238E+05,-1.34885122E+04,-0.00000000E+00,-0.00000000E+00,4.40736587E-38,9.92828237E-40,-0.00000000E+00,-0.00000000E+00,4.40736587E-38,9.92828237E-40,-1.08791450E+05,-2.39963060E+03,-9.94683011E+03,-2.37916626E+02,4.53300257E+06,9.99851704E+04,4.50000000E+06,1.00000000E+05,7.76994262E+06,1.63137391E+09
4.70000000E+01,1.00000000E+00,8.81495745E-02,1.39978152E+08,2.82471495E+05,2.94025730E-11,-0.00000000E+00,-0.00000000E+00,-1.52469506E-30,-3.48650513E-32,9.76005781E+08,2.07720826E+07,9.76151519E-02,2.07752061E-03,-9.80527911E+08,-2.08696741E+07,-5.34485750E+05,-1.34885121E+04,-0.00000000E+00,-0.00000000E+00,4.50664824E-38,9.92820472E-40,-0.00000000E+00,-0.00000000E+00,4.50664824E-38,9.92820472E-40,-1.11191081E+05,-2.39963060E+03,-1.01847467E+04,-2.37916625E+02,4.63298774E+06,9.99851704E+04,4.60000000E+06,1.00000000E+05,7.76994229E+06,1.63137391E+09
4.80000000E+01,1.00000000E+00,8.81495763E-02,1.39978146E+08,2.82471495E+05,2.17747766E-11,-0.00000000E+00,-0.00000000E+00,-1.55956011E-30,-3.48650513E-32,9.96778160E+08,2.07723790E+07,9.96927023E-02,2.07755034E-03,-1.00139788E+09,-2.08699705E+07,-5.47974261E+05,-1.34885121E+04,-0.00000000E+00,-0.00000000E+00,4.60592983E-38,9.92812753E-40,-0.00000000E+00,-0.00000000E+00,4.60592983E-38,9.92812753E-40,-1.13590712E+05,-2.39963060E+03,-1.04226634E+04,-2.37916624E+02,4.73297291E+06,9.99851704E+04,4.70000000E+06,1.00000000E+05,7.76994195E+06,1.63137391E+09
4.90000000E+01,1.00000000E+00,8.81495779E-02,1.39978140E+08,2.82471495E+05,1.61258300E-11,-0.00000000E+00,-0.00000000E+00,-1.59442516E-30,-3.48650513E-32,1.01755083E+09,2.07726743E+07,1.01770282E-01,2.07757997E-03,-1.02226815E+09,-2.08702658E+07,-5.61462773E+05,-1.34885121E+04,-0.00000000E+00,-0.00000000E+00,4.70521065E-38,9.92805078E-40,-0.00000000E+00,-0.00000000E+00,4.70521065E-38,9.92805077E-40,-1.15990342E+05,-2.39963060E+03,-1.06605800E+04,-2.37916623E+02,4.83295808E+06,9.99851704E+04,4.80000000E+06,1.00000000E+05,7.76994163E+06,1.63137391E+09
5.00000000E+01,1.00000000E+00,8.81495796E-02,1.39978134E+08,2.82471495E+05,1.19423680E-11,-0.00000000E+00,-0.00000000E+00,-1.62929021E-30,-3.48650513E-32,1.03832380E+09,2.07729686E+07,1.03847892E-01,2.07760949E-03,-1.04313871E+09,-2.08705600E+07,-5.74951285E+05,-1.34885121E+04,-0.00000000E+00,-0.00000000E+00,4.80449070E-38,9.92797446E-40,-0.00000000E+00,-0.00000000E+00,4.80449070E-38,9.92797446E-40,-1.18389973E+05,-2.39963060E+03,-1.08984966E+04,-2.37916622E+02,4.93294325E+06,9.99851704E+04,4.90000000E+06,1.00000000E+05,7.76994130E+06,1.63137391E+09
